0.999991,-0.998554,1.57079,0.376969,1.02201,3.17336
1.00003,-0.901657,1.56998,0.376641,1.022,3.17484
1.00195,-0.428368,1.56416,-0.0559237,1.01017,3.16917
1.00438,-0.10784,1.56245,-0.471723,0.998329,3.16675
1.00626,0.107506,1.56172,-0.827279,1.1356,4.21094
1.00809,0.302817,1.5612,-0.922825,0.954521,4.21047
1.00988,0.485606,1.5608,-1.02647,0.772973,4.21006
1.01278,0.76855,1.5603,-0.458292,-0.672219,6.23004
1.01579,1.04899,1.55992,-0.227534,-0.684753,6.229
1.01861,1.30438,1.5596,0.996406,1.16289,2.32902
1.02176,1.58232,1.55935,-0.65216,-0.456679,4.54894
1.02447,1.8199,1.55781,0.577875,1.60511,2.32857
1.02559,1.83108,1.05316,0.53415,1.70945,1.93645
1.02854,1.8342,0.596939,0.505572,1.75054,1.26226
1.05633,1.84081,0.126222,0.508558,1.77785,0.699418
1.14983,1.83115,-0.213258,0.552531,1.7579,0.340716
1.38762,1.75831,-0.306535,0.847901,1.74604,0.175011
1.60254,1.69033,-0.305981,1.06945,1.80002,0.175368
1.7769,1.63529,-0.305399,1.39631,1.6589,0.209216
1.84551,1.61617,-0.478481,1.51522,1.74085,0.0728121
1.84824,1.61398,-0.850228,1.58992,1.69965,6.03281
1.84998,1.61094,-1.22658,1.58997,1.58157,5.26575
1.85044,1.60695,-1.65811,1.59053,1.57785,5.01445
1.80693,1.45823,-1.9332,1.56869,1.50821,4.37297
1.7421,1.2873,-1.93356,1.50259,1.33861,4.30982
1.62907,0.989968,-1.93459,1.41871,1.0743,4.35252
1.50676,0.669342,-1.93577,1.28626,0.692722,4.36766
1.38316,0.346527,-1.93709,1.25905,0.46823,4.41088
1.28342,0.0869941,-1.93823,1.0523,0.103807,4.34914
1.16621,-0.216815,-1.93966,1.03089,-0.160864,4.4086
1.08481,-0.427043,-1.94072,1.00901,-0.271062,4.40795
1.01952,-0.595165,-1.94158,0.938964,-0.493372,4.40687
0.937714,-0.805239,-1.94268,0.866021,-0.684977,4.40591
0.854749,-1.01755,-1.94385,0.791708,-0.919212,4.40351
0.738546,-1.31369,-1.94553,0.690331,-1.23224,4.40244
0.654972,-1.52577,-1.94677,0.617188,-1.48804,4.40045
0.572969,-1.73308,-1.94805,0.512053,-1.70473,4.39791
0.529963,-1.85158,-2.08599,0.304144,-1.88235,4.34719
0.526519,-1.85502,-2.6041,0.485631,-1.83186,3.89854
0.480449,-1.84385,2.88904,0.53008,-1.79526,3.10341
0.175527,-1.71966,2.73695,0.23595,-1.69036,2.79499
-0.105427,-1.59946,2.73792,0.053562,-1.62252,2.71996
-0.328899,-1.50411,2.73882,-0.235448,-1.49545,2.72819
-0.570898,-1.40112,2.73985,-0.434848,-1.39865,2.78026
-0.799171,-1.30426,2.74089,-0.843853,-1.27614,2.78152
-1.03216,-1.20569,2.74199,-1.08098,-1.20434,2.78236
-1.26295,-1.10836,2.74316,-1.24947,-1.10119,2.78331
-1.53313,-0.994819,2.74454,-1.49186,-1.0272,2.78576
-1.83346,-0.872946,2.54803,-1.86689,-0.923891,2.78905
-1.83743,-0.866513,1.69817,-1.89169,-0.825327,2.00014
-1.80425,-0.684216,1.37572,-1.88359,-0.70732,1.43103
-1.73621,-0.343076,1.37222,-1.87121,-0.409757,1.39211
-1.68079,-0.0680977,1.37159,-1.82512,-0.173614,1.38601
-1.61626,0.251028,1.37113,-1.76662,0.0694931,1.38575
-1.54965,0.579942,1.37094,-1.70232,0.444446,1.38944
-1.48,0.923577,1.37078,-1.59402,0.762664,1.39009
-1.43321,1.1543,1.37075,-1.5997,1.09556,1.38518
-1.38891,1.37275,1.37078,-1.54804,1.31099,1.38525
-1.34911,1.5691,1.37089,-1.50833,1.52106,1.38588
-1.30734,1.77529,1.37102,-1.46713,1.68719,1.39029
-1.29775,1.83448,1.08722,-1.41047,1.75659,1.28567
-1.29531,1.83742,0.684905,-1.42553,1.74915,0.841398
-1.29163,1.83921,0.247968,-1.41655,1.81025,0.465607
-1.19312,1.83982,-0.0825744,-1.38463,1.76262,6.10337
-0.961273,1.79356,-0.217514,-1.1653,1.73697,6.1494
-0.706971,1.7374,-0.217257,-0.847111,1.72774,6.09862
-0.47219,1.68562,-0.216824,-0.578797,1.72799,6.09547
-0.222704,1.63072,-0.216208,-0.511155,1.66008,6.09926
0.048842,1.57117,-0.215398,-0.177841,1.64973,6.15084
0.359592,1.50331,-0.214409,0.137595,1.60411,6.10061
0.57251,1.45701,-0.21366,0.439448,1.57633,6.10199
0.824636,1.40242,-0.212714,0.647242,1.54514,6.1034
1.02784,1.3586,-0.211892,0.94508,1.30716,6.1032
1.24088,1.31284,-0.211025,1.15642,1.26843,6.10435
1.43192,1.27198,-0.210218,1.36273,1.2282,6.10534
1.71609,1.2115,-0.208974,1.54918,1.19564,6.10627
1.84222,1.18688,-0.618701,1.84952,1.12524,5.85345
1.8458,1.18137,-1.36214,1.84829,1.1264,4.96574
1.80329,0.956542,-1.77116,1.83306,1.05731,4.51327
1.74458,0.669716,-1.77453,1.75915,0.71261,4.54024
1.69538,0.431838,-1.77505,1.72583,0.493767,4.53845
1.64503,0.189058,-1.77543,1.7055,0.44159,4.53484
1.59664,-0.0438914,-1.77568,1.65053,0.123031,4.53414
1.56147,-0.21308,-1.77577,1.61588,-0.0250983,4.53453
1.5222,-0.401883,-1.7759,1.56778,-0.262136,4.5338
1.488,-0.566161,-1.77599,1.5003,-0.49856,4.50168
1.45022,-0.747599,-1.77605,1.4707,-0.694136,4.50183
1.41499,-0.916776,-1.7761,1.43823,-0.848842,4.50153
1.37363,-1.11537,-1.77606,1.33322,-1.03323,4.45104
1.33432,-1.30417,-1.77602,1.27448,-1.21341,4.4511
1.28228,-1.55426,-1.77587,1.19091,-1.49412,4.45089
1.23079,-1.80191,-1.7756,1.13123,-1.75693,4.45121
1.22067,-1.86149,-2.12546,1.07555,-1.83608,4.30898
1.21742,-1.86461,-2.60296,1.07208,-1.84102,3.81792
1.21298,-1.86586,-3.09982,1.23018,-1.84329,3.36101
1.1335,-1.82892,2.71493,1.27737,-1.70562,2.82223
0.905449,-1.72532,2.71573,1.02132,-1.7656,2.72289
0.681866,-1.62399,2.71661,0.826509,-1.65359,2.72556
0.469607,-1.52803,2.71752,0.576542,-1.68577,2.74779
0.250405,-1.42917,2.71852,0.390796,-1.60662,2.7485
0.0311046,-1.33054,2.71954,0.178324,-1.52122,2.74974
-0.199731,-1.22703,2.72069,-0.121649,-1.39711,2.75077
-0.412389,-1.13194,2.72177,-0.332885,-1.30729,2.752
-0.641171,-1.02996,2.72297,-0.521974,-1.23369,2.75336
-0.847181,-0.93842,2.72407,-0.740601,-1.14302,2.75494
-1.06704,-0.841029,2.72529,-0.991865,-1.04244,2.75604
-1.2916,-0.741889,2.72656,-1.18745,-0.963113,2.75731
-1.51858,-0.642031,2.72789,-1.398,-0.874218,2.75849
-1.73881,-0.545488,2.72919,-1.62467,-0.784222,2.75995
-1.84681,-0.501944,2.48182,-1.75078,-0.721401,2.69306
-1.84942,-0.498677,2.02928,-1.79468,-0.706636,2.2078
-1.85032,-0.494327,1.5523,-1.80445,-0.682305,1.70554
-1.80203,-0.358166,1.22441,-1.7884,-0.626165,1.37245
-1.72729,-0.150797,1.22552,-1.78326,-0.443194,1.35941
-1.64603,0.0755247,1.22685,-1.71953,-0.196629,1.31423
-1.57014,0.287807,1.22821,-1.68618,-0.0628637,1.31526
-1.49202,0.507279,1.22969,-1.64316,0.142897,1.31667
-1.43679,0.663106,1.2308,-1.58374,0.373527,1.31782
-1.3734,0.842622,1.23214,-1.54112,0.537238,1.31896
-1.30198,1.04587,1.23376,-1.50335,0.687862,1.3201
-1.23418,1.23977,1.23536,-1.40878,1.05605,1.32157
-1.16834,1.42905,1.23699,-1.36999,1.21341,1.3233
-1.1077,1.60437,1.23909,-1.32803,1.38955,1.325
-1.04501,1.7871,1.24202,-1.27411,1.60513,1.32671
-1.03488,1.82308,0.894349,-1.22661,1.73053,1.15978
-1.00413,1.84351,0.456295,-1.20218,1.78573,0.526221
-0.991111,1.84882,0.0508479,-1.15848,1.79449,0.308777
-0.808937,1.82239,-0.16142,-1.05557,1.77945,6.17966
-0.544465,1.77924,-0.162223,-0.82379,1.73976,6.16023
-0.334379,1.74475,-0.163077,-0.720347,1.67577,6.21594
-0.124622,1.71,-0.165101,-0.450555,1.77341,6.21601
0.0457905,1.68164,-0.164884,-0.270883,1.75824,6.21615
0.228596,1.65124,-0.164662,-0.09602,1.74392,6.21236
0.423764,1.61885,-0.164321,0.134094,1.63115,6.21697
0.611533,1.58774,-0.163933,0.314079,1.61676,6.21728
0.799314,1.55671,-0.163515,0.515351,1.60317,6.21901
0.994523,1.52453,-0.163035,0.80883,1.58455,6.2196
1.19964,1.49084,-0.16243,1.00277,1.57301,6.22005
1.43444,1.45243,-0.161761,1.20664,1.56102,6.22067
1.60746,1.42422,-0.161236,1.37613,1.55017,6.22117
1.82252,1.3923,-0.180155,1.54694,1.54084,6.22143
1.82642,1.39081,-0.601861,1.66663,1.51457,5.90421
1.8292,1.3878,-1.05044,1.64624,1.51323,5.47578
1.84294,1.31979,-1.43041,1.70539,1.51117,5.02857
1.83855,1.1598,-1.66945,1.64482,1.38633,4.77936
1.81393,0.910599,-1.66889,1.66581,1.09314,4.75936
1.79092,0.676339,-1.66839,1.66931,0.899391,4.75978
1.76965,0.416722,-1.54775,1.7211,0.622009,4.7021
1.77528,0.181535,-1.54729,1.74065,0.387643,4.83663
1.78121,-0.0737824,-1.54784,1.75747,0.179666,4.81421
1.78644,-0.304072,-1.54835,1.79852,-0.104245,4.82363
1.79177,-0.544375,-1.54886,1.82025,-0.282451,4.82287
1.79714,-0.79219,-1.54939,1.84711,-0.609667,4.82222
1.80238,-1.04001,-1.5499,1.8728,-0.796005,4.83262
1.80703,-1.2653,-1.55038,1.90087,-1.03666,4.83196
1.81198,-1.51062,-1.5509,1.9258,-1.28618,4.82085
1.8169,-1.76095,-1.55138,1.93918,-1.46745,4.81635
1.81791,-1.85203,-1.78333,1.95393,-1.6573,4.76398
1.81584,-1.85626,-2.27672,1.93727,-1.68102,4.26972
1.81239,-1.85879,-2.73208,1.93358,-1.68334,3.7888
1.80808,-1.85952,3.0801,1.98179,-1.74618,3.4754
1.68532,-1.8082,2.66499,1.94288,-1.76987,2.83337
1.47387,-1.69905,2.66566,1.76153,-1.6842,2.69849
1.2445,-1.58093,2.66653,1.5331,-1.57421,2.70373
0.847871,-1.3773,2.66819,1.16394,-1.39388,2.72581
0.562435,-1.23129,2.66948,0.820828,-1.23666,2.72727
0.272341,-1.08338,2.67085,0.5296,-1.0964,2.75035
0.0133111,-0.95175,2.67215,0.364199,-1.06059,2.81204
-0.263772,-0.811412,2.67356,0.11264,-0.960516,2.81352
-0.563426,-0.660203,2.67513,-0.211768,-0.838006,2.81468
-0.858844,-0.511719,2.67674,-0.580928,-0.707625,2.81634
-1.11193,-0.384987,2.67814,-0.839177,-0.624063,2.81819
-1.35174,-0.265314,2.6795,1.34288,-0.573764,4.78092
-1.56928,-0.157109,2.68074,-1.42626,-0.434238,2.82061
-1.74656,-0.0691858,2.68177,-1.69881,-0.297265,2.82083
-1.85964,-0.0169381,2.56696,-1.86297,-0.248205,2.78473
-1.86291,-0.0132175,2.02362,-1.83876,-0.284596,2.36916
-1.86368,-0.00745285,1.39112,-1.73978,-0.292845,1.76462
-1.68553,0.337249,1.06578,-1.84171,-0.130671,1.26645
-1.54387,0.593818,1.06704,-1.70754,0.160406,1.2113
-1.44358,0.775943,1.06805,-1.64283,0.342873,1.20205
-1.30253,1.03285,1.06958,-1.49213,0.62639,1.20394
-1.14149,1.32737,1.07146,-1.40671,0.876725,1.20542
-0.952352,1.67504,1.07385,-1.29609,1.32474,1.20806
-0.865772,1.84121,0.882906,-1.19926,1.54704,1.2249
-0.860277,1.84439,0.194525,-1.27204,1.54943,0.535255
-0.821949,1.84292,-0.263412,-1.30285,1.55045,0.625825
-0.669146,1.78377,-0.38145,-1.18167,1.51844,5.95601
-0.522687,1.72503,-0.381189,-0.951875,1.47218,6.08441
-0.394811,1.67378,-0.380868,-0.83615,1.45139,6.0847
-0.280869,1.62817,-0.380495,-0.713894,1.42441,6.08513
-0.16458,1.58168,-0.380103,-0.598198,1.40117,6.08537
-0.0412972,1.53244,-0.37966,-0.480575,1.37762,6.08573
0.112259,1.4712,-0.379036,-0.338255,1.34922,6.08618
0.23327,1.42303,-0.378545,-0.177619,1.21695,5.45293
0.363617,1.37122,-0.377988,-0.0853502,1.10222,5.45371
0.519607,1.30933,-0.377293,-0.0304828,1.05622,5.45462
0.675639,1.24754,-0.376573,-0.0225825,1.0478,5.45519
0.848027,1.17944,-0.375753,-0.0409346,1.99877,5.0448
1.03446,1.10598,-0.374818,0.0433203,1.74723,5.04574
1.22096,1.03269,-0.373872,0.132509,1.49821,5.04678
1.39587,0.964145,-0.372932,0.962668,0.225899,5.75191
1.58951,0.888481,-0.371885,1.1451,0.118484,5.7529
1.7879,0.811208,-0.370787,1.34482,0.00193789,5.75403
1.85523,0.78787,-0.795124,1.39768,-0.0674396,5.53681
1.85766,0.783252,-1.37821,1.38251,-0.0717513,4.75145
1.85126,0.758483,-1.75866,1.38953,-0.0771104,4.10031
1.79501,0.59597,-1.95725,1.22736,-0.110751,3.76583
1.72234,0.417332,-1.95693,-1.36289,1.56939,0.535884
1.65539,0.252584,-1.95648,-1.22347,1.65221,0.536123
1.57159,0.0460117,-1.95571,-1.11521,1.71665,0.536699
1.48233,-0.174575,-1.95471,-0.941613,1.8203,0.537646
1.41577,-0.339496,-1.95389,-0.830682,1.8861,0.538341
1.33066,-0.55096,-1.95273,-0.772638,1.92142,0.539196
1.25978,-0.727645,-1.9517,-0.65122,1.96021,0.539816
1.18166,-0.923019,-1.95048,-1.19217,-0.796266,3.05314
1.09361,-1.1441,-1.949,-1.44343,-0.772843,3.05471
0.990229,-1.40491,-1.94714,-1.45792,-0.773351,3.05678
0.889182,-1.66127,-1.94519,-0.837347,-1.63472,4.35943
0.80944,-1.87711,-2.0199,-0.912084,-1.83984,4.36126
0.805124,-1.88141,-2.67884,-0.96545,-1.91863,3.52357
0.80077,-1.88233,3.12744,0.189535,-0.717611,3.50491
0.712533,-1.83993,2.65973,0.177013,-0.725017,3.53068
0.461065,-1.69362,2.61298,-0.0964596,-0.797164,3.40485
0.145188,-1.50933,2.6141,-0.199803,-0.812298,3.40606
-0.118932,-1.35562,2.61518,-0.496935,-0.87764,3.42364
-0.357215,-1.21729,2.61617,-0.651607,-0.922538,3.42442
-0.57396,-1.09174,2.61712,-0.755116,-0.957365,3.42621
-0.812518,-0.953877,2.6182,-0.811867,-1.0223,3.44987
-1.01867,-0.835024,2.61915,-0.956356,-1.08373,3.45116
-1.23145,-0.712627,2.62016,-1.14016,-1.14286,3.45195
-1.45522,-0.584219,2.62124,-1.30412,-1.19505,3.45282
-1.66825,-0.46227,2.62229,-1.36291,-1.21452,3.45379
-1.85322,-0.360819,2.47089,-1.55665,-1.27716,3.45477
-1.85636,-0.355918,1.83845,-1.56832,-1.25663,2.71925
-1.85031,-0.336841,1.33503,-1.56874,-1.25291,2.03776
-1.77717,-0.132485,1.2185,-1.59671,-1.10392,1.69831
-1.70289,0.0697222,1.21929,-1.62632,-0.890373,1.70171
-1.62364,0.28611,1.22027,-1.63163,-0.785592,1.74002
-1.5652,0.4461,1.2211,-1.67175,-0.67717,1.7416
-1.49918,0.627325,1.22205,-1.69884,-0.32222,1.70209
-1.42311,0.836878,1.22325,-1.73215,-0.0808424,1.70327
-1.3524,1.03239,1.22445,-1.7571,0.120065,1.70517
-1.27261,1.25392,1.22593,-1.80169,0.353997,1.71767
-1.18303,1.50388,1.22767,-1.85407,0.692956,1.71921
-1.09475,1.75165,1.22956,-1.89126,0.893174,1.72059
-1.06074,1.86017,1.08656,-1.90376,1.21296,1.71144
-1.05692,1.86401,0.507456,-1.8949,1.31795,1.1121
-1.0515,1.86508,-0.0902384,-1.89125,1.3199,0.299613
-0.986381,1.8428,-0.353191,-1.81424,1.43806,6.11044
-0.863035,1.78535,-0.455864,-1.79203,1.31907,6.12467
-0.698843,1.70488,-0.455421,-1.60199,1.3285,0.0239455
-0.512112,1.61348,-0.454787,-1.43826,1.33254,0.0242361
-0.386091,1.55188,-0.454338,-1.24468,1.33878,0.0247646
-0.244281,1.48266,-0.453778,-1.06826,1.34308,0.0253475
-0.0528901,1.38938,-0.452983,-0.819897,1.35088,0.0261182
0.192653,1.27001,-0.451899,-0.558652,1.35763,0.0267934
0.415784,1.16182,-0.45087,-0.299605,1.36485,0.0277395
0.661585,1.04298,-0.44967,0.027967,1.37464,0.0290155
0.932358,0.912486,-0.448327,0.344496,1.38467,0.0304389
1.1604,0.80294,-0.447149,0.681404,1.39437,0.0315007
1.41568,0.680702,-0.445816,1.02423,1.40474,0.033073
1.69375,0.548043,-0.444303,1.3116,1.41428,0.0345292
1.83797,0.483336,-0.64293,1.58102,1.42166,0.0306379
1.84063,0.480132,-1.09009,1.65753,1.42017,5.74873
1.84161,0.476095,-1.53678,1.53685,1.41797,5.38515
1.82485,0.336017,-1.72592,1.5865,1.35355,5.01145
1.79733,0.160558,-1.72892,1.59769,1.15104,4.9102
1.76853,-0.0199445,-1.72921,1.70081,0.807113,4.90621
1.73487,-0.230153,-1.72995,1.69398,0.629611,4.90571
1.70623,-0.4082,-1.73058,1.747,0.365722,4.90502
1.67507,-0.601061,-1.73125,1.80569,0.0567209,4.90462
1.63114,-0.870198,-1.73307,1.84602,-0.157142,4.89803
1.57818,-1.19395,-1.7328,1.90215,-0.458335,4.89824
1.54106,-1.42134,-1.73239,1.95802,-0.759798,4.89855
1.50765,-1.6265,-1.73191,1.98564,-0.896391,4.89883
1.47795,-1.80943,-1.73145,1.99857,-0.961423,4.89907
1.47411,-1.84658,-1.96423,1.99965,-0.998309,4.8222
1.47239,-1.84933,-2.32617,1.99882,-1.00166,4.46336
1.46952,-1.85137,-2.70807,1.99654,-1.0048,4.10044
1.46622,-1.85216,-3.07465,1.99381,-1.00698,3.80671
1.35682,-1.8192,2.76433,1.98682,-1.00826,3.31948
1.14031,-1.73345,2.76457,1.72003,-1.01171,3.1506
0.953999,-1.65972,2.76513,1.49326,-1.02084,3.16882
0.75133,-1.57967,2.76584,1.34529,-1.01686,3.15162
0.546271,-1.49885,2.76658,1.14616,-1.10188,3.25442
0.362126,-1.42642,2.76734,0.909074,-1.12719,3.25501
0.135945,-1.3377,2.76833,0.851571,-1.13346,3.25575
-0.0646611,-1.25922,2.76924,0.658109,-1.15785,3.2567
-0.263007,-1.18184,2.77019,0.443315,-1.18328,3.25781
-0.515133,-1.0838,2.77147,0.21199,-1.21051,3.25876
-0.783741,-0.979768,2.77287,-0.063276,-1.24304,3.25991
-1.02211,-0.887817,2.77417,-0.392541,-1.2825,3.26134
-1.3027,-0.780044,2.77576,-0.667285,-1.31768,3.26254
-1.5156,-0.698619,2.77702,-0.943436,-1.35062,3.26349
-1.73329,-0.615684,2.77834,-1.22381,-1.38415,3.26444
-1.84304,-0.578015,2.66101,-1.42947,-1.41071,3.27356
-1.84592,-0.575635,2.25845,-1.40944,-1.4017,2.90488
-1.84785,-0.571202,1.73632,-1.44794,-1.40273,2.3306
-1.8409,-0.54663,1.38182,-1.59556,-1.41268,1.78975
-1.77303,-0.309445,1.28396,-1.60115,-1.22815,1.71746
-1.70997,-0.0956619,1.28389,-1.6055,-1.03512,1.68367
-1.65539,0.0893098,1.28397,-1.61266,-0.842976,1.64716
-1.60721,0.252667,1.28412,-1.6173,-0.673207,1.61248
-1.55692,0.42324,1.2843,-1.62423,-0.470107,1.5993
-1.4989,0.620254,1.28464,-1.65123,-0.176869,1.61288
-1.44943,0.788456,1.28505,-1.65961,0.0167265,1.61308
-1.39369,0.978316,1.28567,-1.67003,0.248085,1.6135
-1.33387,1.18264,1.28643,-1.68071,0.571063,1.61423
-1.27701,1.37739,1.28726,-1.68996,0.802894,1.61498
-1.21683,1.58422,1.28823,-1.70244,1.02313,1.61593
-1.15894,1.7839,1.28923,-1.71264,1.30554,1.6167
-1.14697,1.83383,1.10083,-1.72266,1.52438,1.62675
-1.1445,1.83685,0.688744,-1.71773,1.51038,1.04466
-1.14094,1.83861,0.262072,-1.71755,1.51326,0.738126
-1.07341,1.83383,-0.0775264,-1.71147,1.51344,0.149906
-0.828643,1.81501,-0.0757437,-1.50967,1.53582,0.099339
-0.611324,1.79867,-0.0741582,-1.31832,1.56195,0.089675
-0.401476,1.78321,-0.0726178,-1.01753,1.5852,0.103358
-0.221419,1.77024,-0.0705619,-0.783298,1.65891,0.198832
-0.00620586,1.75528,-0.0676592,-0.603725,1.69947,0.200012
0.229079,1.73966,-0.0644025,-0.298961,1.75088,0.202713
0.454396,1.72542,-0.0613451,-0.0913221,1.70023,0.120924
0.704801,1.7104,-0.0579029,0.00714203,1.69761,0.117207
0.972785,1.69527,-0.0542891,0.543834,1.76446,0.120219
1.25335,1.68048,-0.0505217,0.904832,1.80278,0.124207
1.55401,1.66581,-0.0465037,1.18222,1.83726,0.126874
1.73444,1.65758,-0.0440947,1.40728,1.86821,0.129875
1.85518,1.65316,-0.187672,1.50899,1.87993,0.133679
1.85852,1.65196,-0.563563,1.52333,1.87531,6.04359
1.86135,1.64918,-0.989865,1.56307,1.86274,5.57673
1.86284,1.64424,-1.552,1.49068,1.87184,5.20977
1.83403,1.58075,-2.00388,1.69168,1.88263,4.51358
1.74172,1.38065,-2.00255,1.62515,1.70219,4.37558
1.64746,1.17586,-2.00161,1.57924,1.51176,4.3766
1.55341,0.970975,-2.00055,1.49792,1.33298,4.37783
1.48874,0.829773,-1.99976,1.40747,1.09112,4.36815
1.42003,0.679402,-1.99888,1.33713,0.915437,4.35102
1.34834,0.522128,-1.99789,1.29133,0.786388,4.352
1.29442,0.403555,-1.99713,1.22753,0.630572,4.35304
1.22198,0.243871,-1.99605,1.18056,0.487876,4.35412
1.14765,0.0795408,-1.99492,1.10259,0.327398,4.35531
1.02317,-0.196826,-1.99286,1.01314,0.0839795,4.35638
0.936072,-0.391124,-1.99135,0.916806,-0.179399,4.3583
0.839082,-0.608439,-1.98959,0.812625,-0.457168,4.35993
0.750601,-0.807608,-1.98791,0.731215,-0.673946,4.3616
0.671561,-0.986301,-1.98636,0.664749,-0.855311,4.3635
0.585712,-1.1815,-1.98349,0.584044,-1.09635,4.36693
0.483464,-1.41609,-1.97966,0.505048,-1.31229,4.37051
0.372268,-1.67413,-1.97514,0.406246,-1.58729,4.37533
0.291155,-1.87335,-2.24733,0.304773,-1.82902,4.31674
0.286337,-1.87646,-2.87688,0.300156,-1.83245,3.56345
0.193609,-1.83224,2.63842,0.275076,-1.89091,2.8159
-0.189169,-1.59815,2.59227,-0.0791637,-1.73253,2.57418
-0.531125,-1.38915,2.59385,-0.499871,-1.50754,2.6455
-0.740736,-1.26141,2.59484,-0.747734,-1.40474,2.61033
-0.971883,-1.12087,2.59594,-0.942042,-1.29073,2.57155
-1.23961,-0.958533,2.59724,-1.16601,-1.22563,2.64968
-1.47324,-0.817263,2.59839,-1.40623,-1.10845,2.65051
-1.68558,-0.689187,2.59947,-1.65359,-0.991033,2.6514
-1.86214,-0.585588,2.38742,-1.88641,-0.835609,2.65286
-1.86495,-0.5795,1.64905,-1.91664,-0.613026,1.97184
-1.84811,-0.534844,1.253,-1.91562,-0.607134,1.43153
-1.77442,-0.371822,1.12121,-1.87331,-0.501825,1.17623
-1.7037,-0.225168,1.12187,-1.78001,-0.455644,1.19524
-1.62331,-0.0581459,1.12267,-1.71603,-0.224135,1.16304
-1.55497,0.0841043,1.12344,-1.69497,-0.0741705,1.16381
-1.49107,0.217369,1.12418,-1.62837,0.0416329,1.16425
-1.40784,0.391366,1.12521,-1.55937,0.217052,1.12974
-1.31725,0.581283,1.12641,-1.49376,0.407744,1.1309
-1.19468,0.839209,1.12814,-1.37758,0.670215,1.13225
-1.06937,1.10415,1.13004,-1.25297,0.935047,1.13396
-0.969058,1.31719,1.13165,-1.11753,1.28044,1.13663
-0.866977,1.53493,1.13337,-0.996908,1.47822,1.13785
-0.805831,1.67827,1.15815,-0.901319,1.69024,1.14523
-0.80606,1.67292,1.97186,-0.925105,1.7012,1.37952
-0.804774,1.67067,2.47884,-0.894312,1.69775,2.2653
-0.803549,1.66986,2.73666,-0.883259,1.71406,2.59204
-0.822202,1.6688,-3.04861,-0.859468,1.7158,2.92205
-0.926219,1.62581,-2.59443,-1.0313,1.57301,3.82089
-0.93141,1.62255,-2.25212,-1.02282,1.56708,3.95387
-0.930555,1.62382,-1.97662,-0.993856,1.6866,4.24344
-0.93011,1.62521,-1.71374,-0.971329,1.69441,4.51154
-0.940142,1.51108,-1.64352,-0.970512,1.63575,4.68192
-0.959264,1.36879,-1.74543,-0.988556,1.48922,4.59272
-0.983621,1.25038,-1.78986,-1.01607,1.35054,4.51803
-1.00696,1.13743,-1.7643,-1.03149,1.25305,4.53229
-1.02481,1.04275,-1.75208,-1.04909,1.14765,4.54954
-1.04748,0.920249,-1.75473,-1.06222,1.05422,4.55398
-1.07529,0.77617,-1.7644,-1.08423,0.913747,4.54431
-1.10383,0.63228,-1.76749,-1.11418,0.730849,4.54087
-1.13061,0.499307,-1.77031,-1.13597,0.621537,4.53703
-1.15878,0.357457,-1.76443,-1.16649,0.469841,4.5397
-1.1798,0.241301,-1.75639,-1.18463,0.373315,4.55663
-1.18061,0.237892,-2.11364,-1.20902,0.303964,4.30118
-1.18288,0.235323,-2.46189,-1.21017,0.300181,3.92004
-1.1861,0.233644,-2.83632,-1.20668,0.341711,3.55862
-1.18959,0.233253,3.0875,-1.20877,0.341987,3.23488
-1.19223,0.233384,2.96543,-1.21334,0.342185,2.94549
-1.20266,0.232392,3.0836,-1.22401,0.339937,3.21723
-1.20629,0.232859,2.70591,-1.2258,0.341627,2.84223
-1.20938,0.234998,2.31768,-1.22882,0.342436,2.40686
-1.21141,0.238516,1.89552,-1.22937,0.348831,1.9313
-1.21972,0.333451,1.61593,-1.22403,0.387162,1.55333
-1.23448,0.482627,1.6998,-1.22695,0.563281,1.62939
-1.25679,0.632368,1.72783,-1.23504,0.714393,1.64021
-1.28447,0.791439,1.75051,-1.25136,0.90212,1.66962
-1.30911,0.928771,1.74683,-1.2625,1.03943,1.66805
-1.32923,1.04139,1.74797,-1.27419,1.1596,1.66839
-1.35094,1.16189,1.74957,-1.28938,1.28512,1.66952
-1.37275,1.28547,1.74253,-1.30562,1.39355,1.66538
-1.37935,1.32585,1.9091,-1.31876,1.50509,1.72048
-1.37917,1.32403,2.18246,-1.31801,1.50057,1.9638
-1.37844,1.32238,2.47234,-1.31632,1.49868,2.22718
-1.37718,1.32155,2.74005,-1.31472,1.49834,2.56052
-1.37544,1.32107,3.06216,-1.32237,1.49969,2.93966
-1.37366,1.32103,-2.94347,-1.32765,1.49979,3.21928
-1.37228,1.3211,-2.73306,-1.32567,1.50232,3.47258
-1.37109,1.32124,-2.54991,-1.32503,1.50159,3.66822
-1.36979,1.32166,-2.32682,-1.32447,1.50227,3.84208
-1.36883,1.32285,-2.05382,-1.32372,1.50363,4.09205
-1.36822,1.32439,-1.75606,-1.32338,1.50541,4.42445
-1.37019,1.26404,-1.57368,-1.32575,1.4857,4.61114
-1.36966,1.15469,-1.56272,-1.33489,1.35482,4.65808
-1.37116,1.03598,-1.59762,-1.34221,1.25579,4.63427
-1.37562,0.918458,-1.61445,-1.34966,1.14296,4.61154
-1.37974,0.823154,-1.6133,-1.3564,1.05702,4.6125
-1.38534,0.694726,-1.61501,-1.3587,0.958036,4.61617
-1.39431,0.539184,-1.63422,-1.37176,0.775795,4.59576
-1.40434,0.404849,-1.65139,-1.38869,0.608099,4.57656
-1.40835,0.356823,-1.85943,-1.44405,0.530663,4.44805
-1.40959,0.353518,-2.21936,-1.43289,0.522523,4.07705
-1.41247,0.350998,-2.6107,-1.48593,0.46516,3.53686
-1.41599,0.349812,-2.99022,-1.49105,0.447896,3.20383
-1.41861,0.349551,-3.12503,-1.49344,0.448003,3.03105
-1.42221,0.349886,2.78248,-1.49597,0.450202,2.69149
-1.42523,0.351409,2.43196,-1.4979,0.452976,2.33368
-1.42735,0.35404,2.083,-1.4992,0.455712,2.06337
-1.43305,0.383823,1.69692,-1.5025,0.456929,1.71426
-1.43908,0.537049,1.57334,-1.48255,0.591289,1.44327
-1.45748,0.701999,1.73449,-1.48291,0.77452,1.5927
-1.48432,0.843807,1.76952,-1.49577,0.916068,1.67848
-1.50772,0.986803,1.71386,-1.51124,0.989318,1.65297
-1.52357,1.12979,1.66458,-1.52672,1.12008,1.59162
-1.53328,1.23984,1.65507,-1.53248,1.25149,1.58344
-1.54059,1.33398,1.64334,-1.54289,1.32685,1.59575
-1.54461,1.43267,1.58778,-1.58911,1.41989,1.56385
-1.54468,1.45258,1.78024,-1.60156,1.43734,1.65734
-1.54423,1.45102,2.02564,-1.60529,1.41713,1.95354
-1.54346,1.44964,2.27562,-1.60086,1.41529,2.20798
-1.54238,1.44859,2.5673,-1.5998,1.41471,2.48945
-1.54109,1.44797,2.84956,-1.60195,1.43563,2.72031
-1.53982,1.44775,3.08032,-1.60047,1.41453,3.05397
-1.5383,1.44775,-2.95706,-1.59887,1.46378,3.36366
-1.53671,1.44775,-2.70544,-1.59902,1.41601,3.63749
-1.53511,1.448,-2.45466,-1.59692,1.4171,3.8702
-1.53392,1.44882,-2.20412,-1.59695,1.48769,4.14074
-1.53311,1.45018,-1.91874,-1.59647,1.48906,4.39337
-1.54134,1.40655,-1.70522,-1.59661,1.40861,4.63932
-1.55306,1.30198,-1.67039,-1.59297,1.29088,4.75851
-1.57061,1.18127,-1.74697,-1.5921,1.19405,4.70855
-1.59711,1.05508,-1.79492,-1.60951,1.086,4.62393
-1.62389,0.918389,-1.74718,-1.6214,0.984077,4.6542
-1.6455,0.780682,-1.71494,-1.60107,0.839559,4.71932
-1.67232,0.651269,-1.80577,-1.69534,0.710501,4.52866
-1.67653,0.532445,-1.4772,-1.68934,0.577269,4.76884
-1.67447,0.509322,-1.72889,-1.71439,0.52048,4.62662
-1.67499,0.506024,-2.06877,-1.71577,0.518157,4.25115
-1.67736,0.503135,-2.44959,-1.69729,0.497622,3.98119
-1.68069,0.50138,-2.83657,-1.70034,0.49585,3.54959
-1.68412,0.500992,3.09226,-1.70365,0.496172,3.20583
-1.68708,0.50112,3.02217,-1.71041,0.496515,3.01755
-1.68932,0.501345,2.80154,-1.70717,0.49663,2.91303
-1.69239,0.50277,2.45129,-1.7097,0.496672,2.54494
-1.69457,0.505381,2.09988,-1.71215,0.498564,2.19425
-1.69562,0.508158,1.79311,-1.71298,0.498364,1.83726
-1.70033,0.612562,1.56308,-1.72459,0.556869,1.68207
-1.69125,0.746416,1.47191,-1.70441,0.687049,1.4461
-1.68981,0.880557,1.61279,-1.70466,0.813492,1.57975
-1.69823,1.01461,1.64417,-1.71021,0.948719,1.6196
-1.70725,1.14483,1.6374,-1.72423,1.08217,1.63481
-1.71253,1.26039,1.604,-1.73151,1.20412,1.6118
-1.71513,1.38095,1.58569,-1.74053,1.32131,1.61087
-1.71433,1.5097,1.55124,-1.74317,1.43435,1.57811
-1.71182,1.61642,1.54703,-1.74848,1.5467,1.57139
-1.71166,1.61851,1.33243,-1.74229,1.56858,1.39677
-1.7112,1.62095,1.08264,-1.74275,1.57622,1.20425
-1.70976,1.623,0.829892,-1.75919,1.55699,0.832782
-1.70748,1.62482,0.531252,-1.69769,1.65728,0.591457
-1.70509,1.62578,0.267359,-1.69542,1.65797,0.292667
-1.63964,1.63218,0.0447613,-1.66575,1.65883,0.0598534
-1.51696,1.63493,0.0123713,-1.54158,1.66009,0.118727
-1.41515,1.63199,-0.0573921,-1.43216,1.64949,6.1983
-1.32464,1.63164,0.0347488,-1.3176,1.64738,6.25791
-1.2328,1.63764,0.0867795,-1.23115,1.65081,0.0409348
-1.12377,1.64707,0.0848325,-1.12459,1.65465,0.04839
-1.02662,1.65475,0.0747846,-1.01771,1.65789,0.0394646
-0.918485,1.6627,0.0723821,-0.924039,1.66022,0.0358441
-0.819388,1.66997,0.0737599,-0.8097,1.68684,0.0573669
-0.753126,1.67417,0.0533735,-0.721178,1.69042,0.0404037
-0.689882,1.67717,0.0424154,-0.670894,1.69167,0.029972
-0.618646,1.68004,0.0388685,-0.587336,1.69288,0.0264396
-0.547429,1.68279,0.0384688,-0.529941,1.69502,0.0233224
-0.476229,1.6856,0.040062,-0.474251,1.69596,0.0246766
-0.406028,1.68845,0.0410937,-0.385539,1.69864,0.0242917
-0.327808,1.69172,0.0422413,-0.297182,1.69964,0.0257812
-0.251595,1.69497,0.0429639,-0.242015,1.7013,0.027953
-0.18841,1.69766,0.0420611,-0.216106,1.70227,0.0259914
-0.128239,1.7002,0.0422949,-0.159256,1.70436,0.0275389
-0.0500058,1.70347,0.0411125,-0.144381,1.70476,0.0260994
0.0101706,1.70594,0.0410163,-0.0578125,1.70787,0.0260735
0.0673405,1.70827,0.0404993,0.00951456,1.70999,0.0255096
0.128522,1.71074,0.0400776,0.0581587,1.71123,0.0251992
0.19572,1.71343,0.0398448,0.119365,1.71255,0.0250954
0.252888,1.71571,0.0398554,0.187446,1.71525,0.0525505
0.318256,1.71762,0.0196521,0.248205,1.71588,0.0351031
0.382544,1.71859,0.0120129,0.308884,1.7158,6.2425
0.455485,1.72127,0.0598213,0.384208,1.71774,0.0451924
0.542765,1.72601,0.0480865,0.458736,1.72156,0.0461239
0.696416,1.73116,0.0261269,0.675609,1.73209,0.0480383
0.849277,1.73131,-0.0124046,0.831479,1.73574,6.25369
0.928579,1.73136,-0.229252,0.935658,1.72661,6.19367
0.93187,1.73042,-0.581692,0.853739,1.72601,5.85003
0.934447,1.72789,-0.952901,0.820945,1.72331,5.52578
0.935671,1.72544,-1.23693,0.82215,1.72043,5.18941
0.938282,1.71425,-1.24417,0.822227,1.71812,4.85894
1.0249,1.67648,-0.029885,0.889529,1.71464,0.603162
1.02278,1.6765,0.289939,0.909361,1.71605,0.197473
1.0204,1.67631,0.662129,0.908775,1.71612,0.585033
1.01911,1.67554,0.920091,0.908048,1.71476,0.907001
1.01845,1.67454,1.13604,0.907031,1.71351,1.13339
1.01797,1.67325,1.38409,0.906583,1.71241,1.34672
1.01785,1.6715,1.67165,0.906276,1.71061,1.5658
1.01806,1.66819,2.16896,0.911157,1.70809,1.90578
1.01927,1.66611,2.57273,0.909102,1.70741,2.47745
1.02051,1.66545,2.82312,0.910052,1.70735,2.79331
0.993405,1.66809,3.0955,0.911034,1.70805,3.13695
0.88567,1.66679,-3.10234,0.809458,1.70088,3.28113
0.767026,1.6649,3.13584,0.690903,1.6806,3.28456
0.654117,1.67109,3.05804,0.619118,1.66691,3.24187
0.529491,1.68555,3.00874,0.47398,1.66278,3.17542
0.442524,1.69655,3.02234,0.378411,1.65872,3.17702
0.3494,1.70692,3.03742,0.299628,1.65466,3.19028
0.259111,1.71621,3.04067,0.203013,1.64969,3.19192
0.17782,1.72444,3.04138,0.116077,1.65124,3.19102
0.0981686,1.73166,3.05169,0.0296495,1.64792,3.20325
0.0977167,1.73168,-3.06258,0.00143411,1.65141,3.31632
0.0989183,1.73185,-2.86848,0.005026,1.66117,3.4617
0.0999043,1.73221,-2.69161,0.0630509,1.67643,3.61217
0.100891,1.73281,-2.48675,0.0524746,1.71212,3.80836
0.101651,1.73351,-2.29587,0.0533695,1.71296,4.0055
0.102233,1.73428,-2.1167,0.0536974,1.71341,4.20949
0.102741,1.73536,-1.89499,0.0541161,1.71487,4.39928
0.102736,1.73584,-1.77293,0.0541322,1.71607,4.54641
0.0754995,1.68549,-2.25856,-0.0316957,1.67824,4.18117
0.0704069,1.6791,-2.20249,-0.0450076,1.65869,4.08234
0.0708856,1.67983,-2.04375,-0.0437787,1.65708,4.23164
0.071324,1.68091,-1.83268,-0.0426993,1.65663,4.44091
0.0714694,1.68174,-1.67885,-0.0432866,1.65748,4.57568
0.0714972,1.68299,-1.47268,-0.0433171,1.66722,4.79048
0.0715035,1.68373,-1.35347,-0.0428901,1.66877,4.97043
0.0714977,1.68478,-1.19175,-0.0432868,1.68424,5.07331
0.0713697,1.686,-1.01059,0.0123693,1.68524,5.22692
0.0711251,1.68722,-0.822382,-0.0445616,1.68704,5.38136
0.0706075,1.68794,-0.676189,0.0110888,1.68787,5.55475
0.0698445,1.68851,-0.510107,-0.0470472,1.68789,5.77465
0.0688334,1.689,-0.309349,-0.0479266,1.68804,5.98899
0.0844725,1.68575,-0.180193,-0.0425759,1.68717,6.1273
0.137863,1.67591,-0.186317,0.0194364,1.67714,6.12767
0.186255,1.66655,-0.19526,0.0639042,1.67103,6.11809
0.242429,1.65527,-0.200168,0.110318,1.65762,6.10996
0.310351,1.64167,-0.195016,0.17785,1.64244,6.11189
0.368481,1.6304,-0.187522,0.242731,1.63461,6.10604
0.424718,1.62002,-0.178347,0.289984,1.62326,6.11483
0.484018,1.60956,-0.171156,0.358633,1.61571,6.12191
0.530541,1.60148,-0.172823,0.404034,1.60702,6.12118
0.582983,1.59232,-0.173088,0.455675,1.60028,6.12261
0.633453,1.58341,-0.17626,0.508864,1.59325,6.12071
0.680937,1.57482,-0.181448,0.564323,1.58788,6.11605
0.737279,1.56417,-0.192333,0.611913,1.58164,6.11618
0.793513,1.55266,-0.210513,0.668666,1.56871,6.1011
0.825124,1.54632,-0.26428,0.718392,1.5617,6.07021
0.826199,1.54614,-0.375071,0.719062,1.5625,5.94869
0.827931,1.54548,-0.565364,0.707578,1.57329,5.81841
0.829287,1.54443,-0.740737,0.701468,1.57258,5.65729
0.830477,1.5431,-0.923947,0.702001,1.56223,5.56768
0.831384,1.54161,-1.10483,0.673669,1.5726,5.35856
0.832009,1.53994,-1.28841,0.703652,1.55586,5.10456
0.832334,1.538,-1.4896,0.703858,1.55379,4.8847
0.839249,1.51455,-1.28361,0.709993,1.50981,5.08235
0.83961,1.51188,-1.55748,0.711781,1.51288,4.81044
0.839422,1.50935,-1.82288,0.687206,1.53566,4.52987
0.838866,1.50679,-2.08525,0.707799,1.50225,4.27039
0.837203,1.50464,-2.36061,0.708059,1.50498,4.04104
0.834982,1.50302,-2.64179,0.704611,1.50244,3.77364
0.832451,1.5021,-2.91826,0.700535,1.50173,3.51512
0.829918,1.5019,3.10606,0.698082,1.50136,3.26168
0.826335,1.5021,3.03544,0.695789,1.50179,3.06671
0.752433,1.50519,-3.13269,0.644276,1.4959,3.26389
0.677996,1.50536,3.1297,0.570639,1.48479,3.28847
0.603404,1.50817,3.08288,0.512312,1.4841,3.27287
0.505028,1.51603,3.04844,0.408098,1.47886,3.21843
0.422074,1.52286,3.06845,0.334419,1.48031,3.21057
0.33709,1.52711,3.11071,0.269966,1.4748,3.25015
0.254857,1.52897,3.1247,0.190042,1.47065,3.26328
0.172623,1.52965,3.13967,0.108961,1.45996,3.2747
0.0988541,1.52955,-3.1179,0.0625299,1.44974,3.28134
0.100139,1.52954,-2.91491,0.0523921,1.45515,3.43575
0.101539,1.52961,-2.70208,0.117234,1.49997,3.60178
0.1028,1.52978,-2.50649,0.118269,1.50313,3.77331
0.103995,1.5303,-2.28832,0.119066,1.5023,3.93104
0.104627,1.53109,-2.10966,0.119722,1.50303,4.17346
0.105109,1.53198,-1.92596,0.119575,1.50315,4.37331
0.103873,1.52804,-1.85881,0.119966,1.50633,4.52898
0.063092,1.47422,-2.4902,0.0248497,1.46699,4.0529
0.0248206,1.45123,-2.57526,0.0287195,1.43634,3.71178
0.0263572,1.45174,-2.30644,0.0296908,1.43673,3.96631
0.0273263,1.45303,-2.01851,0.0302175,1.43492,4.27001
0.0277821,1.45417,-1.79519,0.0456819,1.44081,4.4445
0.027956,1.45644,-1.42341,0.0457476,1.44219,4.72238
0.027863,1.45851,-1.11172,0.0452984,1.44544,5.08221
0.0274592,1.46063,-0.787506,0.0433406,1.44736,5.37325
0.0256222,1.46205,-0.380929,0.0413581,1.44804,5.81741
0.0243304,1.46244,-0.140549,0.0399015,1.44848,6.05027
0.0658589,1.45923,-0.0625628,0.0724729,1.44337,6.15141
0.116048,1.45574,-0.075857,0.113005,1.43582,6.1267
0.170116,1.45164,-0.0743799,0.173624,1.42738,6.12739
0.232199,1.44707,-0.072688,0.226929,1.41824,6.13223
0.296305,1.44237,-0.0734543,0.29615,1.40783,6.13219
0.361411,1.43754,-0.0746512,0.363821,1.39752,6.13133
0.436523,1.43188,-0.0754735,0.4309,1.3873,6.13038
0.498611,1.42717,-0.075764,0.518585,1.37316,6.13026
0.556687,1.42278,-0.075002,0.570325,1.36415,6.13076
0.624771,1.41776,-0.0719644,0.656491,1.3509,6.13291
0.664859,1.41505,-0.144971,0.693505,1.34194,6.11847
0.666633,1.41483,-0.328314,0.694287,1.34239,5.94832
0.668034,1.41453,-0.473503,0.696297,1.34923,5.77296
0.669416,1.41369,-0.63869,0.69325,1.35171,5.6373
0.670722,1.41251,-0.819193,0.694697,1.35571,5.51159
0.671682,1.41128,-0.979926,0.696174,1.35414,5.34578
0.672423,1.40991,-1.14076,0.696699,1.35256,5.19892
0.672955,1.40837,-1.30925,0.699294,1.35103,4.99573
0.680702,1.38694,-1.09774,0.703054,1.33606,5.07298
0.694932,1.36693,-0.876355,0.713134,1.31001,5.41112
0.695655,1.36592,-1.0045,0.713416,1.30337,5.28167
0.696209,1.36489,-1.12519,0.714091,1.30825,5.18122
0.696644,1.36376,-1.25092,0.714283,1.31044,5.05393
0.697004,1.36215,-1.41943,0.721435,1.30496,4.79209
0.697088,1.36041,-1.59546,0.721404,1.31524,4.66733
0.696976,1.35882,-1.76359,0.717356,1.30708,4.54442
0.69674,1.35718,-1.93151,0.716234,1.30547,4.34613
0.696409,1.35582,-2.07157,0.715843,1.30524,4.19859
0.695702,1.35471,-2.20415,0.719223,1.30424,4.01906
0.694639,1.3535,-2.36696,0.717799,1.30301,3.90663
0.693357,1.35246,-2.5351,0.71608,1.30234,3.74464
0.692168,1.35177,-2.6758,0.715256,1.3017,3.62081
0.689918,1.351,-2.91961,0.707871,1.31106,3.42975
0.687568,1.3508,3.12481,0.705684,1.31098,3.16477
0.679712,1.35087,-3.10489,0.700022,1.31091,3.20615
0.674513,1.35086,3.13003,0.692992,1.31066,3.17242
0.673008,1.35087,3.14016,0.688843,1.31014,3.19159
0.671784,1.35089,3.11519,0.68717,1.31006,3.15976
0.671449,1.35088,3.08565,0.689245,1.31048,3.10047
0.636398,1.35278,3.12091,0.655171,1.31321,3.12417
0.587017,1.35138,-3.06978,0.613605,1.30849,3.23308
0.511992,1.3445,-3.03839,0.537325,1.30048,3.26942
0.435802,1.33652,-3.03704,0.46292,1.28936,3.27697
0.355487,1.32846,-3.04476,0.380021,1.2762,3.27669
0.252944,1.31934,-3.05783,0.30583,1.26065,3.26761
0.195538,1.31492,-3.07057,0.248639,1.25649,3.25204
0.142236,1.31115,-3.07035,0.187549,1.25003,3.24874
0.0678781,1.30565,-3.06521,0.132154,1.24276,3.25267
-0.0320646,1.29831,-2.9996,0.0349598,1.23266,3.25735
-0.0297006,1.29833,-2.61134,-0.0191012,1.21406,3.48949
-0.0279867,1.29883,-2.32315,-0.0246119,1.21561,3.83487
-0.0269278,1.30021,-2.01281,-0.00766691,1.21537,4.16974
-0.026402,1.30171,-1.72511,-0.00623488,1.22379,4.44688
-0.0263124,1.30345,-1.44498,-0.00627202,1.24081,4.74156
-0.0263485,1.30492,-1.2223,-0.00679496,1.24226,5.01862
-0.0264694,1.30622,-1.02931,-0.00725144,1.24452,5.16982
-0.0267462,1.30764,-0.811534,-0.00813058,1.24584,5.38096
-0.0274332,1.30845,-0.633073,-0.00888156,1.24679,5.60565
-0.0283372,1.30905,-0.442196,-0.00985517,1.24719,5.77352
-0.0293526,1.30947,-0.246418,-0.0109493,1.24759,5.98375
0.00527731,1.30502,-0.115593,-0.0112005,1.24764,6.17785
0.0920322,1.29072,-0.198615,0.0706943,1.23236,6.10749
0.17663,1.27221,-0.226684,0.140899,1.21397,6.04967
0.258923,1.25455,-0.198657,0.214353,1.20425,6.06138
0.344617,1.23791,-0.187087,0.350986,1.20904,6.06537
0.436914,1.21562,-0.272299,1.48974,1.58076,0.656206
0.415176,1.22166,-0.157282,1.50355,1.59581,0.624803
0.358022,1.22606,0.0186887,1.45962,1.54762,0.825151
0.298823,1.21009,0.678567,1.41764,1.50087,0.918027
0.274031,1.16735,1.53976,1.4098,1.44865,1.41777
0.27643,1.15163,2.64713,1.42465,1.41938,2.26089
0.236518,1.14369,-2.64548,1.41922,1.42329,3.46266
0.202547,1.11942,-2.48098,1.41688,1.38016,4.28942
0.142533,1.09297,-2.968,1.35919,1.3372,3.99925
0.0767528,1.09627,2.91958,1.28382,1.32138,3.40973
0.0249635,1.1083,2.93237,1.23304,1.31447,3.28674
-0.029668,1.11581,3.07169,1.18109,1.30931,3.35536
-0.0863602,1.11582,-3.08717,1.1492,1.25822,3.53837
-0.137877,1.11348,-3.11813,1.10585,1.22501,3.58884
-0.191808,1.11487,3.0655,1.07896,0.994914,3.47246
-0.245174,1.12915,2.69592,1.01234,1.23678,3.22632
-0.308375,1.1552,2.84302,0.948517,1.23634,3.12648
-0.379798,1.16087,-3.04966,0.894376,1.21481,3.38261
-0.415187,1.15497,-2.81826,0.843615,1.16577,3.87381
-0.41406,1.15506,-2.6447,0.844175,1.16622,3.99327
-0.412922,1.15525,-2.46636,0.85945,1.16696,4.13236
-0.411879,1.15582,-2.26298,0.859947,1.16781,4.28496
-0.411247,1.15665,-2.07686,0.111336,0.453353,4.14842
-0.410683,1.1579,-1.82877,0.784881,1.11763,4.65683
-0.411163,1.15544,-2.00569,0.860134,1.16801,4.71535
-0.412209,1.15352,-2.2283,0.113085,0.453686,0.265857
-0.411534,1.15445,-1.99691,0.113856,0.453822,0.246343
-0.411048,1.15584,-1.73138,0.11209,0.452808,0.472008
-0.410949,1.15714,-1.51568,0.111036,0.451915,0.750477
-0.410988,1.15915,-1.21123,0.110431,0.450844,1.04721
-0.411189,1.16093,-0.946484,0.110408,0.449251,1.35183
-0.412029,1.16257,-0.641831,0.11041,0.447407,1.65035
-0.412952,1.1632,-0.446044,0.109934,0.446018,1.8225
-0.414022,1.16364,-0.240273,0.111288,0.444978,2.04839
-0.415112,1.16381,-0.0445237,0.11176,0.443878,2.16165
-0.415946,1.16382,0.081888,0.111977,0.443347,2.25935
-0.416721,1.16382,0.200718,0.110611,0.442767,2.26931
-0.4176,1.16379,0.334409,0.111236,0.442442,2.41566
-0.418573,1.16371,0.482888,0.112151,0.442028,2.60811
-0.420342,1.16337,0.765192,0.113167,0.441599,2.84366
-0.408588,1.17454,0.653373,0.114788,0.441325,2.99991
-0.348074,1.18932,-0.0508533,0.0779621,0.471973,2.38822
-0.275588,1.17155,-0.378643,0.0621763,0.515951,2.1132
-0.200384,1.13638,-0.479304,0.704013,-0.230696,2.66951
-0.123111,1.06547,-0.909613,1.02703,-0.176975,2.76318
-0.106043,1.03708,-1.13227,1.0085,-0.162108,2.5264
-0.0800073,0.963755,-1.28785,0.971628,-0.142581,2.43052
-0.0661647,0.909987,-1.34242,0.927528,-0.131534,2.48021
-0.0600101,0.873029,-1.45574,0.108972,0.831697,1.11742
-0.0464045,0.837046,-0.77457,0.0923482,0.916237,1.39976
-0.0255186,0.830744,0.051555,0.900978,-0.0906803,3.48715
0.0228836,0.829427,-0.293622,0.8423,-0.0549018,3.83597
0.0615642,0.782981,-1.34311,0.216939,1.47946,4.74919
0.0529735,0.709506,-1.92948,0.180105,1.39948,4.02866
0.0396003,0.681359,-2.05223,0.171147,1.34448,3.99239
0.0127369,0.631681,-2.08359,0.802961,0.0525458,1.78881
-0.000573011,0.602411,-1.88658,0.791823,0.0847708,1.88199
-0.00677312,0.567583,-1.62706,-0.255285,0.274005,5.24912
-0.00855711,0.56683,-1.28578,-0.262149,0.298703,5.49968
-0.0121478,0.582868,0.0966957,-0.266989,0.259352,0.356196
0.0265172,0.612623,0.969992,-0.27434,0.312074,1.64123
0.0580652,0.661956,0.941092,-0.286678,0.352203,1.72742
0.100927,0.709345,0.727678,-0.289645,0.415083,1.54448
0.193972,0.77393,0.536555,-0.240488,0.530791,1.28769
0.285655,0.83563,0.632381,-0.139702,0.597214,1.07131
0.331298,0.888353,1.05007,-0.114175,0.679323,1.48176
0.360078,0.957334,1.26355,-0.107072,0.744871,1.71132
0.37596,1.01642,1.42697,-0.112196,0.790362,1.81542
0.375883,1.01533,1.60571,-0.0991264,0.814606,1.96519
0.375884,1.01416,1.78432,-0.0942866,0.822053,2.15292
0.37594,1.0129,1.97265,-0.096608,0.82092,2.2699
0.376077,1.01169,2.15338,-0.0954704,0.812238,2.42333
0.376341,1.01049,2.33899,-0.092261,0.820864,2.61102
0.377114,1.00965,2.53237,-0.089916,0.820697,2.84221
0.378091,1.00904,2.73563,-0.0675737,0.821028,3.22875
0.379163,1.00866,2.93883,-0.0663463,0.821243,3.40173
0.380466,1.00852,-3.12377,-0.0653316,0.821749,3.61104
0.382081,1.00853,-2.87612,0.979294,0.691011,2.50836
0.383578,1.00863,-2.64848,0.980456,0.690416,2.88205
0.384931,1.00886,-2.43546,0.982189,0.689815,3.02525
0.386146,1.00983,-2.1626,0.983593,0.689683,3.1859
0.38692,1.01128,-1.86477,0.984318,0.690314,3.64902
0.3872,1.01307,-1.55233,0.985842,0.691586,3.90892
0.387201,1.01445,-1.34188,0.986328,0.692397,4.0616
0.387102,1.01611,-1.09448,0.986977,0.693798,4.36174
0.389242,1.0145,-0.919693,0.986906,0.695085,4.60563
0.38523,0.967896,-2.09781,0.963177,0.677012,3.77597
0.326508,0.924085,-2.77071,0.896641,0.677145,3.1123
0.249526,0.90279,-2.93234,0.788637,0.748368,2.62762
0.187008,0.88821,-2.82093,0.734756,0.786586,2.6228
0.119357,0.851787,-2.52157,0.65453,0.798571,2.90958
0.0607699,0.804222,-2.42156,0.58447,0.80111,3.10491
-1.99541e-05,0.753127,-2.47194,0.522961,0.809292,3.0958
-0.0608637,0.708097,-2.5323,0.429483,0.822402,3.0034
-0.121565,0.665299,-2.52098,0.340818,0.831646,2.99998
-0.173522,0.627581,-2.50695,0.285308,0.840102,3.01022
-0.237114,0.5802,-2.49664,0.219926,0.845749,3.02409
-0.30392,0.530244,-2.5024,0.130644,0.849176,3.03198
-0.361222,0.489156,-2.53559,0.0166422,0.871569,2.99863
-0.368155,0.485007,-2.70688,-0.0180955,0.880867,2.89742
-0.370039,0.484386,-2.91034,-0.0177036,0.87121,2.72254
-0.371886,0.48416,-3.0988,-0.0365289,0.872723,2.5142
-0.373826,0.484247,2.98135,-0.0376165,0.874017,2.30561
-0.375572,0.484475,2.80121,-0.0390654,0.87207,2.12644
-0.377356,0.484998,2.6112,-0.0397846,0.873725,1.96679
-0.378897,0.48613,2.41586,-0.0429362,0.875312,1.74653
-0.380296,0.487695,2.20001,-0.0431523,0.874254,1.5644
-0.381341,0.489588,1.97633,-0.0431773,0.875913,1.3205
-0.381979,0.491948,1.72491,-0.0430827,0.875308,1.11861
-0.382022,0.494503,1.46118,-0.0411754,0.876624,0.827423
-0.381701,0.497034,1.20074,-0.0387253,0.877367,0.561659
-0.380706,0.499391,0.940723,-0.0817844,0.877959,0.411987
-0.37392,0.505698,0.692774,-0.0606869,0.875831,6.21986
-0.299602,0.572034,0.762408,0.0294305,0.871788,6.24077
-0.237169,0.638594,0.850539,0.104967,0.874037,0.0385296
-0.18671,0.697108,0.865001,0.193074,0.878525,0.0645815
-0.135522,0.756873,0.838755,0.294393,0.88399,0.0620148
-0.133751,0.758405,0.600026,0.322307,0.887376,6.12969
-0.132245,0.759227,0.424017,0.341587,0.888688,6.01409
-0.130831,0.759713,0.270613,0.342457,0.881442,5.82145
-0.129323,0.759981,0.114663,0.272652,0.88093,5.65453
-0.127656,0.760008,-0.0562763,0.274192,0.879646,5.46302
-0.126343,0.759911,-0.194267,0.274013,0.879364,5.37227
-0.124884,0.759704,-0.344645,0.26343,0.892099,5.30973
-0.123723,0.759458,-0.464766,0.274985,0.877757,5.21815
-0.122691,0.758905,-0.584829,0.275467,0.876721,5.13608
-0.121606,0.758061,-0.725123,0.275665,0.875332,4.84216
-0.115114,0.753659,-0.643233,0.276386,0.869822,4.86763
-0.114166,0.752837,-0.771451,0.276269,0.866418,4.69382
-0.112964,0.751392,-0.965019,0.267052,0.876382,4.59304
-0.112139,0.749902,-1.14106,0.266658,0.876177,4.54843
-0.111352,0.746798,-1.47062,0.264481,0.872641,4.14974
-0.111381,0.744616,-1.69427,0.26246,0.87173,3.92847
-0.111663,0.742395,-1.92496,0.262446,0.869606,3.79002
-0.11246,0.74022,-2.15994,0.258686,0.869028,3.63545
-0.113984,0.738458,-2.39537,0.257097,0.868494,3.32253
-0.120095,0.734248,-2.56718,0.252689,0.868556,3.06234
-0.189459,0.677296,-2.37189,0.196484,0.859546,3.22972
-0.249834,0.611213,-2.27147,0.0902871,0.837964,3.36377
-0.286781,0.567546,-2.21703,0.0241612,0.8074,3.47942
-0.286004,0.568782,-1.95399,0.00474567,0.808219,3.69239
-0.28564,0.569899,-1.7431,0.0035629,0.782346,3.98593
-0.285539,0.571242,-1.52004,-0.0285761,0.770184,4.32459
-0.283243,0.565754,-1.32407,-0.0285448,0.757631,4.49687
-0.256997,0.478821,-1.24784,-0.0337053,0.696602,4.55819
-0.216227,0.362412,-1.22643,-0.0373395,0.646532,4.60395
-0.176885,0.247367,-1.25083,-0.0484403,0.519523,4.5858
-0.147617,0.156538,-1.26524,-0.0654309,0.418009,4.56849
-0.116654,0.0589745,-1.26212,-0.0857645,0.330041,4.56968
-0.0822479,-0.0458537,-1.24779,-0.0926932,0.24088,4.58334
-0.0343915,-0.190752,-1.2543,-0.117027,0.0566264,4.59806
0.00137042,-0.304842,-1.27655,-0.137238,-0.118517,4.5799
0.0041048,-0.317391,-1.53766,-0.152047,-0.192494,4.41554
0.0039558,-0.319921,-1.80307,-0.151887,-0.195409,4.15181
0.00353449,-0.32225,-2.04046,-0.153182,-0.196039,3.86639
0.00197097,-0.324557,-2.32325,-0.152967,-0.219321,3.68535
0.000312519,-0.325952,-2.54404,-0.154512,-0.220277,3.45652
-0.00139919,-0.326856,-2.74256,-0.156064,-0.222876,3.29013
-0.00283028,-0.327326,-2.88476,-0.158237,-0.261579,3.17953
-0.00499008,-0.327912,-2.96833,-0.161198,-0.261921,3.11874
-0.00790786,-0.327969,3.01367,-0.163828,-0.259993,2.80341
-0.0108868,-0.327527,2.70596,-0.166094,-0.258601,2.49493
-0.012546,-0.326662,2.51338,-0.168097,-0.257312,2.28215
-0.0145715,-0.324649,2.21993,-0.16765,-0.215456,2.02535
-0.0156073,-0.32289,2.00885,-0.167751,-0.251034,1.64764
-0.0414173,-0.263375,1.96478,-0.168836,-0.225031,1.55451
-0.0615929,-0.216694,1.99824,-0.171891,-0.122971,1.60538
-0.0917553,-0.152226,2.01515,-0.176564,-0.0582843,1.63269
-0.111522,-0.110463,2.00996,-0.18112,-0.0060872,1.63372
-0.132315,-0.0658433,2.00317,-0.186158,0.0586878,1.62768
-0.166166,0.00812058,1.99748,-0.204714,0.143358,1.68837
-0.193926,0.0739163,1.94583,-0.221645,0.221942,1.65421
-0.225242,0.160017,1.90221,-0.224711,0.29874,1.61038
-0.243363,0.213259,1.89597,-0.225613,0.389693,1.5817
-0.270071,0.289951,1.91319,-0.223569,0.428459,1.58987
-0.300346,0.372851,1.9268,-0.228608,0.530938,1.60623
-0.334617,0.465058,1.926,-0.231036,0.612202,1.61089
-0.373054,0.56966,1.9207,1.70212,0.00433751,3.78721
-0.364579,0.642605,1.00939,1.63667,0.00223349,3.16337
-0.279916,0.697927,0.336144,1.5441,0.0957428,2.28915
-0.177612,0.733155,0.372543,1.53936,0.185906,2.166
-0.0955278,0.781223,0.628169,1.37795,0.235129,2.49012
-0.0225202,0.834452,0.612553,1.3041,0.281872,2.5015
0.045033,0.878579,0.555754,1.24329,0.33633,2.42321
0.124221,0.928071,0.561851,1.19567,0.409951,2.36914
0.210771,0.987299,0.62583,1.04834,0.493675,2.40763
0.271369,1.03189,0.641072,-0.297321,0.501318,0.0989358
0.290868,1.088,1.69296,-0.245505,0.562313,1.1658
0.268694,1.15196,2.03504,-0.283802,0.62037,1.73094
0.233839,1.22603,1.95573,-0.293868,0.699204,1.73333
0.198467,1.36395,1.75673,-0.300353,0.834954,1.55007
0.176712,1.48969,1.73434,-0.296295,0.976986,1.52013
0.160634,1.58569,1.73838,-0.26978,1.11474,1.49138
0.144256,1.67107,1.78608,-0.258224,1.21357,1.53333
0.116402,1.78066,1.8415,-0.257242,1.31436,1.59156
0.0951444,1.85596,1.84912,-0.257618,1.42839,1.59787
0.0937669,1.86122,2.00976,-0.260993,1.46083,1.72048
0.0939381,1.85995,2.20124,-0.2607,1.49743,1.92672
0.0944885,1.85859,2.43665,-0.259946,1.49638,2.18205
0.0957056,1.85771,2.69941,-0.35371,1.49563,2.59971
0.0973265,1.85716,3.00427,-0.258283,1.51892,2.78137
0.0983557,1.85709,-3.10748,-0.257319,1.49571,3.07245
0.0994814,1.85708,-2.90329,-0.255877,1.52035,3.42193
0.100731,1.85715,-2.71275,-0.254645,1.52044,3.59552
0.101936,1.85731,-2.52709,-0.253583,1.5216,3.86558
0.102969,1.85761,-2.35364,-0.252984,1.5221,4.07834
0.10363,1.85827,-2.1898,-0.252543,1.52307,4.23505
0.104204,1.85916,-2.00122,-0.346441,1.50013,4.40221
0.0994493,1.84327,-1.81668,-0.346659,1.49975,4.67572
0.0845805,1.77892,-1.79071,-0.344597,1.42501,4.74731
0.0678197,1.71033,-1.82777,-0.341963,1.37291,4.73545
0.0455511,1.63178,-1.86219,-0.336034,1.2996,4.74523
0.0182456,1.5494,-1.91161,-0.338335,1.24665,4.6906
-0.01602,1.45383,-1.9162,-0.348065,1.18216,4.67349
-0.0435837,1.37524,-1.90138,-0.350631,1.07511,4.68306
-0.0676727,1.3039,-1.89278,-0.352463,1.02231,4.69105
-0.106517,1.1866,-1.88917,-0.355677,0.9361,4.69435
-0.136934,1.09402,-1.88741,-0.356704,0.81326,4.69678
-0.163905,1.01192,-1.88863,-0.357923,0.746246,4.69556
-0.195333,0.916474,-1.88886,-0.358826,0.661939,4.69574
-0.226513,0.822002,-1.88989,-0.35996,0.623083,4.69407
-0.250133,0.750444,-1.88921,-0.361574,0.590749,4.69318
-0.280791,0.656889,-1.88612,-0.370872,0.50658,4.69025
-0.310913,0.561181,-1.86792,-0.372968,0.361908,4.71125
-0.33226,0.491032,-1.86493,-0.363196,0.265246,4.71762
-0.361299,0.400905,-1.8956,-0.364442,0.208528,4.69557
-0.382407,0.337698,-2.02787,-0.377344,0.106256,4.62873
-0.383716,0.335605,-2.27801,-0.378026,0.114238,4.42578
-0.385592,0.333935,-2.53384,-0.379946,0.107014,4.12938
-0.387613,0.332886,-2.76753,-0.381488,0.106434,3.85874
-0.389392,0.332406,-2.95608,-0.383014,0.105814,3.61968
-0.392363,0.332321,3.02066,-0.385843,0.109459,3.38396
-0.396221,0.333087,2.76661,-0.387961,0.106157,3.05197
-0.399183,0.334734,2.41603,-0.390709,0.108762,2.71638
-0.401208,0.337309,2.0771,-0.394707,0.121129,2.36913
-0.402052,0.339464,1.83824,-0.39065,0.117223,2.09306
-0.402358,0.341791,1.59937,-0.391674,0.119524,1.8972
-0.396753,0.376999,1.38989,-0.393156,0.126745,1.68287
-0.376597,0.469656,1.33766,-0.398225,0.222629,1.56176
-0.350284,0.608163,1.40395,-0.407661,0.34065,1.59918
-0.336588,0.696348,1.42592,-0.425697,0.470522,1.64678
-0.323954,0.775887,1.40275,-0.433297,0.552949,1.68464
-0.30995,0.846215,1.35,-0.433163,0.662617,1.59404
-0.293662,0.920712,1.36359,-0.413031,0.747176,1.56362
-0.2793,1.00716,1.43444,-0.346311,0.82289,1.54339
-0.275936,1.10983,1.60226,-0.354058,0.937272,1.67137
-0.281732,1.19455,1.66522,-0.364692,1.07226,1.7665
-0.293707,1.31638,1.66976,-0.377597,1.2063,1.77784
-0.308637,1.44789,1.69247,-0.393416,1.32745,1.7457
-0.329576,1.56163,1.87022,-0.421825,1.47876,1.82888
-0.329392,1.55972,2.15689,-0.425931,1.51679,2.14001
-0.328918,1.55821,2.40456,-0.424174,1.53482,2.40971
-0.327813,1.55732,2.65001,-0.426278,1.57097,2.68482
-0.32679,1.55685,2.85082,-0.430792,1.57169,2.84925
-0.325308,1.55658,3.11593,-0.429977,1.57487,3.08493
-0.324068,1.55657,-2.97893,-0.430504,1.58381,3.25352
-0.322495,1.55663,-2.73886,-0.429902,1.58424,3.51213
-0.32096,1.55683,-2.50122,-0.419812,1.58493,3.77348
-0.319713,1.55742,-2.26814,-0.419133,1.58577,4.0026
-0.319091,1.55823,-2.08693,-0.417846,1.5866,4.19298
-0.318602,1.55921,-1.88839,-0.417424,1.58781,4.3768
-0.322223,1.53314,-1.68414,-0.426102,1.54912,4.60032
-0.33037,1.45433,-1.66842,-0.41571,1.50521,4.73147
-0.350758,1.33386,-1.78098,-0.425119,1.39988,4.61501
-0.380894,1.19742,-1.79099,-0.444625,1.25696,4.60239
-0.404939,1.08857,-1.78603,-0.454908,1.14557,4.60853
-0.423454,1.00417,-1.78723,-0.457734,1.06981,4.60824
-0.447759,0.895292,-1.79229,-0.464941,0.986473,4.6026
-0.471528,0.790438,-1.79429,-0.477367,0.869249,4.6187
-0.501303,0.666223,-1.81213,-0.550429,0.764969,4.52909
-0.517803,0.57539,-1.70028,-0.564639,0.656844,4.58433
-0.523354,0.505029,-1.6152,-0.569367,0.576542,4.66173
-0.52572,0.421892,-1.58859,-0.570458,0.509841,4.69806
-0.527429,0.344548,-1.59633,-0.571899,0.433229,4.69361
-0.52956,0.268238,-1.60044,-0.574699,0.350769,4.68897
-0.531654,0.195985,-1.59887,-0.577199,0.279149,4.68682
-0.533637,0.116725,-1.59306,-0.579262,0.198485,4.69278
-0.534745,0.0619402,-1.65755,-0.580707,0.126463,4.69355
-0.534936,0.0600549,-1.85313,-0.578471,0.152612,4.50694
-0.535373,0.0579749,-2.06582,-0.579044,0.151384,4.2746
-0.53631,0.0565453,-2.23842,-0.580209,0.149846,4.10963
-0.537713,0.0551163,-2.44148,-0.581716,0.158058,3.95908
-0.540076,0.0536774,-2.72532,-0.58372,0.147047,3.69499
-0.542806,0.052964,-3.01442,-0.586111,0.146009,3.35661
-0.545775,0.0530081,3.05971,-0.587532,0.145311,3.07149
-0.565327,0.0466562,-2.73241,-0.606794,0.135282,3.64704
-0.567524,0.0460302,-2.96614,-0.607747,0.134741,3.37537
-0.570155,0.0459473,3.0459,-0.608541,0.134482,3.10551
-0.572644,0.0462474,2.78808,-0.613157,0.134989,2.9248
-0.57528,0.0474095,2.49047,-0.615465,0.135797,2.57293
-0.577009,0.0491352,2.2396,-0.615498,0.1377,2.28187
-0.578281,0.0513185,1.97827,-0.61583,0.164907,1.98284
-0.579973,0.0565781,1.74624,-0.616462,0.152525,1.68228
-0.594459,0.167078,1.67826,-0.614587,0.226196,1.59816
-0.606666,0.267595,1.69976,-0.615746,0.317455,1.60639
-0.621177,0.37087,1.71686,-0.617517,0.436682,1.57976
-0.6395,0.476441,1.75999,-0.634558,0.541803,1.68027
-0.654967,0.57497,1.70633,-0.642167,0.645742,1.65083
-0.667944,0.686859,1.67423,-0.644816,0.755408,1.59846
-0.680503,0.795431,1.69357,-0.652179,0.887222,1.60284
-0.690372,0.871,1.70643,-0.662837,0.979769,1.62792
-0.700297,0.947735,1.69309,-0.66023,1.04588,1.61949
-0.709685,1.02445,1.69217,-0.666034,1.1271,1.62146
-0.718955,1.10222,1.6871,-0.679395,1.21142,1.62967
-0.726446,1.17734,1.65715,-0.670983,1.28773,1.60301
-0.733213,1.25023,1.67026,-0.685412,1.34897,1.60863
-0.739715,1.32438,1.64857,-0.675293,1.40856,1.59593
-0.74004,1.3303,1.78883,-0.678907,1.43139,1.68802
-0.739989,1.32912,1.96474,-0.690618,1.42948,1.85388
-0.739831,1.32777,2.16775,-0.691532,1.42793,2.03798
-0.739524,1.32654,2.36077,-0.691149,1.42735,2.24781
-0.738772,1.32579,2.54171,-0.690466,1.42689,2.43573
-0.737876,1.32523,2.72765,-0.689812,1.43569,2.65403
-0.736914,1.32486,2.9111,-0.688846,1.43528,2.86063
-0.754637,1.33088,2.72586,-0.700918,1.46436,2.84477
-0.753431,1.33057,2.94334,-0.71472,1.46689,2.84923
-0.752327,1.33046,3.13688,-0.716427,1.46679,3.02336
-0.751197,1.33045,-2.97283,-0.708313,1.46671,3.22407
-0.750065,1.33049,-2.79959,-0.707034,1.44426,3.37631
-0.748836,1.3306,-2.6115,-0.702438,1.41793,3.54586
-0.747523,1.33085,-2.40342,-0.702197,1.43795,3.77404
-0.746728,1.33148,-2.22722,-0.703822,1.43849,3.92393
-0.745967,1.33265,-1.97654,-0.701366,1.41385,4.13825
-0.745582,1.33372,-1.77066,-0.701069,1.41469,4.41641
-0.747875,1.29731,-1.6002,-0.70098,1.41557,4.63779
-0.749886,1.21705,-1.59563,-0.700836,1.35035,4.7041
-0.754166,1.14047,-1.6498,-0.703191,1.26502,4.66224
-0.761543,1.06228,-1.67553,-0.707237,1.18537,4.62586
-0.769371,0.987381,-1.67395,-0.712728,1.11115,4.62009
-0.77796,0.901483,-1.66777,-0.749591,1.05132,4.54006
-0.781417,0.810448,-1.56696,-0.752018,0.818239,4.66993
-0.781684,0.721003,-1.5812,-0.753867,0.723068,4.68488
-0.785649,0.607321,-1.62171,-0.782534,0.713453,4.60567
-0.786231,0.521677,-1.54599,-0.792918,0.670918,4.64517
-0.780887,0.427822,-1.489,-0.784357,0.582698,4.73659
-0.775646,0.341374,-1.52691,-0.784603,0.480341,4.70786
-0.773069,0.259934,-1.54881,-0.786288,0.400255,4.68051
-0.772164,0.212826,-1.60875,-0.787348,0.31076,4.67598
-0.772291,0.211058,-1.7931,-0.794964,0.315546,4.5127
-0.772542,0.209278,-1.97535,-0.799742,0.295668,4.27328
-0.773218,0.20757,-2.16314,-0.801357,0.293966,4.08939
-0.774318,0.206228,-2.33849,-0.803069,0.29049,3.92151
-0.775712,0.20505,-2.5242,-0.804292,0.289675,3.76824
-0.777403,0.204114,-2.72267,-0.805949,0.291693,3.5479
-0.780653,0.203345,-3.06458,-0.808956,0.292162,3.25809
-0.783938,0.203355,-3.10084,-0.812713,0.292948,3.07577
-0.786229,0.203455,2.94592,-0.814428,0.293473,2.93455
-0.789136,0.203952,2.64378,-0.818313,0.294672,2.69076
-0.791113,0.205376,2.39324,-0.820191,0.293159,2.41848
-0.792745,0.207395,2.12455,-0.821842,0.297878,2.18574
-0.793745,0.209692,1.86559,-0.834791,0.316974,1.94281
-0.796368,0.244715,1.60314,-0.835269,0.320328,1.61259
-0.799368,0.359128,1.5992,-0.833816,0.420332,1.54435
-0.808473,0.483734,1.67071,-0.833881,0.626234,1.58001
-0.821121,0.58099,1.71916,-0.838678,0.718965,1.63684
-0.835444,0.676267,1.71989,-0.848602,0.810788,1.64726
-0.850901,0.784653,1.70692,-0.853142,0.907967,1.63483
-0.863661,0.878135,1.70612,-0.861111,1.02878,1.63256
-0.876318,0.970605,1.70724,-0.869508,1.10452,1.63315
-0.889267,1.06713,1.70183,-0.874255,1.21714,1.62736
-0.904424,1.18052,1.70509,-0.88045,1.32601,1.62908
-0.918691,1.28654,1.71765,-0.888576,1.43109,1.63286
-0.918609,1.28487,1.97003,-0.891902,1.45069,1.80636
-0.918419,1.28336,2.196,-0.891458,1.44621,2.03219
-0.917806,1.28192,2.44861,-0.890277,1.44614,2.25446
-0.916884,1.28122,2.64939,-0.889412,1.44033,2.47515
-0.915955,1.28078,2.83284,-0.887921,1.44014,2.72294
-0.914841,1.28051,3.03599,-0.886582,1.44467,2.88045
-0.931011,1.28316,2.9142,-0.884344,1.31031,3.01096
-0.929889,1.28305,3.11241,-0.897688,1.3118,2.93805
-0.928652,1.28304,-2.98241,-0.896263,1.31178,3.17051
-0.92747,1.28307,-2.80178,-0.895341,1.31232,3.30929
-0.926236,1.28318,-2.61364,-0.894725,1.31168,3.59892
-0.925093,1.28339,-2.43288,-0.892631,1.31225,3.79016
-0.924291,1.28388,-2.27169,-0.891808,1.31299,3.97945
-0.92387,1.28438,-2.15506,-0.891276,1.31346,4.08778
-0.923476,1.285,-2.02349,-0.891097,1.31403,4.2363
-0.923164,1.28569,-1.88705,-0.890844,1.31471,4.3796
-0.922968,1.28634,-1.76546,-0.890308,1.31522,4.48646
-0.930686,1.2247,-1.65917,-0.893603,1.27985,4.60078
-0.936804,1.14871,-1.64647,-0.898494,1.20108,4.63915
-0.943355,1.07252,-1.66599,-0.911504,1.11644,4.59786
-0.950542,0.991568,-1.65324,-0.919622,1.02658,4.60373
-0.955986,0.921538,-1.6446,-0.92594,0.961797,4.61575
-0.961252,0.850429,-1.64498,-0.931626,0.890443,4.61741
-0.967527,0.768294,-1.64845,-0.938383,0.815919,4.6156
-0.973816,0.689185,-1.65127,-0.945658,0.754971,4.61222
-0.980076,0.611109,-1.65014,-0.950804,0.714415,4.61234
-0.98838,0.503996,-1.64678,-0.958714,0.626117,4.61628
-0.995867,0.406858,-1.6483,-0.970795,0.51214,4.61542
-1.00335,0.30974,-1.64714,-0.978174,0.429542,4.61631
-1.00906,0.233472,-1.68797,-0.987466,0.30792,4.61666
-1.00944,0.230716,-1.97121,-0.99704,0.278061,4.40895
-1.01078,0.228151,-2.26639,-0.997827,0.277905,4.07224
-1.0127,0.226415,-2.52974,-0.993991,0.276792,3.76937
-1.0149,0.22529,-2.7835,-0.9968,0.276371,3.47143
-1.01827,0.22472,-3.13124,-0.998794,0.276434,3.17421
-1.0204,0.224723,-3.12247,-1.00776,0.31436,3.07601
-1.02339,0.224943,2.8467,-1.00544,0.27771,2.81871
-1.02585,0.225659,2.58424,-1.00792,0.279093,2.57426
-1.02819,0.227729,2.26337,-1.01031,0.278673,2.29511
-1.02964,0.230197,1.96936,-1.01141,0.280984,2.01962
-1.03464,0.27961,1.63033,-1.01148,0.283865,1.60482
-1.04505,0.410464,1.6652,-1.00929,0.414027,1.55156
-1.0625,0.521729,1.7631,-1.02264,0.544571,1.67457
-1.08519,0.643151,1.75016,-1.03391,0.650355,1.67861
-1.10511,0.761036,1.73079,-1.04364,0.770436,1.66128
-1.11858,0.845291,1.72827,-1.0513,0.842225,1.66423
-1.13107,0.925656,1.72219,-1.0585,0.937542,1.6592
-1.14164,0.995115,1.72154,-1.0624,1.03971,1.65761
-1.15721,1.09421,1.73081,-1.07547,1.09825,1.67399
-1.1682,1.16677,1.71344,-1.07179,1.20395,1.65363
-1.18161,1.25086,1.74322,-1.08997,1.26955,1.68126
-1.19436,1.33037,1.70961,-1.10662,1.34942,1.66925
-1.20219,1.41307,1.6387,-1.10061,1.46756,1.58959
-1.20217,1.41309,1.80965,-1.08467,1.47083,1.68891
-1.20209,1.4117,2.01845,-1.10176,1.46914,1.93424
-1.20185,1.41008,2.26142,-1.10559,1.47687,2.14747
-1.20105,1.40882,2.51161,-1.10027,1.46727,2.38272
-1.20009,1.40819,2.7124,-1.08143,1.46656,2.60227
-1.19887,1.40774,2.94535,-1.09831,1.46616,2.86949
-1.19769,1.40762,-3.13134,-1.07912,1.46611,3.03669
-1.19647,1.40761,-2.94552,-1.07749,1.4662,3.23699
-1.19503,1.40768,-2.72527,-1.07614,1.50465,3.42091
-1.19365,1.40786,-2.51236,-1.07526,1.52684,3.68373
-1.19236,1.40844,-2.27433,-1.07423,1.52795,3.90579
-1.19158,1.4095,-2.03862,-1.07298,1.52855,4.13257
-1.19108,1.41072,-1.80044,-1.07264,1.52985,4.37543
-1.19217,1.39228,-1.61202,-1.07247,1.53162,4.57149
-1.19388,1.29514,-1.57553,-1.07428,1.45702,4.67216
-1.19687,1.20148,-1.62616,-1.0867,1.35966,4.56919
-1.20035,1.11336,-1.59732,-1.09246,1.29686,4.57908
-1.20147,1.04019,-1.57776,-1.10227,1.20913,4.60717
-1.20226,0.947807,-1.58223,-1.10775,1.1267,4.61016
-1.20403,0.846352,-1.59238,-1.11707,1.04771,4.60167
-1.20623,0.746968,-1.59318,-1.12374,0.961673,4.60067
-1.20912,0.627501,-1.59617,-1.13231,0.863155,4.60032
-1.21174,0.536126,-1.60181,-1.142,0.76558,4.59277
-1.21515,0.429736,-1.60326,-1.15345,0.690199,4.58851
-1.21827,0.321378,-1.59704,-1.16613,0.536321,4.59669
-1.22237,0.204869,-1.61194,-1.17979,0.415178,4.58883
-1.22523,0.143635,-1.73421,-1.19337,0.326752,4.56211
-1.22574,0.140622,-2.04298,-1.19283,0.324339,4.25851
-1.22744,0.138198,-2.34337,-1.19396,0.322114,3.91432
-1.22963,0.136535,-2.62449,-1.19662,0.320294,3.63109
-1.23217,0.135573,-2.90351,-1.20141,0.342332,3.36657
-1.23448,0.13533,-3.13567,-1.19935,0.321753,3.05108
-1.23801,0.135675,2.77974,-1.20008,0.343365,2.82615
-1.24048,0.13675,2.50212,-1.20174,0.345212,2.43631
-1.24256,0.138904,2.19353,-1.20846,0.328022,2.20337
-1.24375,0.141213,1.92459,-1.22042,0.258309,1.90761
-1.24588,0.150151,1.7419,-1.22063,0.239906,1.63628
-1.25674,0.217598,1.73156,-1.22058,0.259593,1.56691
-1.27068,0.289118,1.78822,-1.22415,0.381377,1.56491
-1.28745,0.354844,1.84796,-1.23557,0.441112,1.71246
-1.30653,0.428973,1.80004,-1.2446,0.5158,1.70699
-1.31974,0.493195,1.75237,-1.26643,0.585032,1.6825
-1.3316,0.569913,1.70308,-1.2693,0.661206,1.65429
-1.34123,0.651831,1.67775,-1.27596,0.740542,1.62749
-1.34925,0.728729,1.67248,-1.28191,0.798374,1.61789
-1.35698,0.804615,1.67218,-1.2874,0.883558,1.61661
-1.36357,0.869523,1.67172,-1.291,0.956277,1.61826
-1.37008,0.934445,1.66978,-1.29729,1.00898,1.61919
-1.37765,1.01443,1.66156,-1.302,1.10421,1.61078
-1.38637,1.11242,1.65827,-1.3071,1.19521,1.61199
-1.39544,1.2215,1.65018,-1.30781,1.27855,1.60392
-1.4037,1.3215,1.65528,-1.31366,1.39436,1.60697
-1.40688,1.36043,1.80572,-1.32215,1.4706,1.69526
-1.4068,1.35904,2.01418,-1.3245,1.45586,1.90241
-1.40661,1.35762,2.22725,-1.33371,1.4518,2.11015
-1.40607,1.35641,2.4402,-1.33184,1.45366,2.32897
-1.40507,1.35566,2.65827,-1.33196,1.46645,2.52262
-1.40398,1.35517,2.87147,-1.33032,1.45237,2.7523
-1.40281,1.35495,3.08211,-1.33929,1.46549,2.99398
-1.40151,1.35492,-3.00037,-1.32783,1.46638,3.18134
-1.40034,1.35495,-2.82212,-1.31418,1.52544,3.39876
-1.399,1.35507,-2.6167,-1.31276,1.52607,3.58359
-1.3977,1.35531,-2.41112,-1.31165,1.52693,3.84761
-1.39681,1.35602,-2.21261,-1.31094,1.52743,4.04845
-1.39622,1.35687,-2.02647,-1.31034,1.53367,4.16878
-1.39577,1.35798,-1.8106,-1.30612,1.52927,4.41846
-1.39979,1.32745,-1.66724,-1.31127,1.52175,4.55982
-1.40501,1.25262,-1.62144,-1.30756,1.44485,4.67848
-1.41066,1.17838,-1.67214,-1.31205,1.38594,4.65036
-1.42183,1.09138,-1.71584,-1.31959,1.31838,4.6115
-1.43672,0.993996,-1.72611,-1.33295,1.21993,4.59164
-1.45219,0.891767,-1.71685,-1.34242,1.11837,4.59854
-1.4674,0.787419,-1.71458,-1.3513,1.04813,4.6011
-1.48246,0.683042,-1.71351,-1.361,0.945523,4.60284
-1.49738,0.580643,-1.71668,-1.38727,0.756243,4.60466
-1.51277,0.473303,-1.71063,-1.39871,0.633753,4.60949
-1.52275,0.400524,-1.76724,-1.41048,0.551709,4.60745
-1.52316,0.398113,-2.0142,-1.40766,0.509192,4.30601
-1.52445,0.395953,-2.26932,-1.38698,0.439536,4.11303
-1.52629,0.394277,-2.52269,-1.38918,0.514005,3.84418
-1.52862,0.393089,-2.79155,-1.4468,0.513284,3.5228
-1.53118,0.392567,-3.05804,-1.45036,0.513303,3.23996
-1.53221,0.392543,3.12596,-1.46147,0.513847,3.08312
-1.53447,0.392712,2.89081,-1.46254,0.513121,2.98399
-1.53688,0.393226,2.64061,-1.46445,0.514752,2.67137
-1.53898,0.394788,2.37262,-1.4666,0.516189,2.43979
-1.54048,0.3967,2.12153,-1.46813,0.518708,2.18763
-1.54149,0.399046,1.85756,-1.46794,0.520534,1.95284
-1.54353,0.42799,1.60307,-1.46877,0.522404,1.61226
-1.5468,0.535323,1.60659,-1.41512,0.576319,1.61543
-1.55339,0.630098,1.66351,-1.47841,0.699982,1.68172
-1.55996,0.733617,1.61605,-1.48215,0.778454,1.65661
-1.5631,0.841163,1.59074,-1.48275,0.868006,1.62883
-1.56536,0.937473,1.59677,-1.48329,0.950824,1.63214
-1.56817,1.02671,1.60599,-1.49562,1.04271,1.64778
-1.57088,1.12413,1.59349,-1.49632,1.11432,1.64206
-1.57259,1.20243,1.59226,-1.50001,1.18788,1.66474
-1.57359,1.28385,1.57574,-1.53248,1.30115,1.65006
-1.57062,1.3676,1.50486,-1.52419,1.38232,1.57431
-1.56775,1.41825,1.55379,-1.53023,1.45075,1.56919
-1.56776,1.417,1.74388,-1.50363,1.39885,1.67982
-1.56773,1.4157,1.94135,-1.50297,1.35458,1.897
-1.5676,1.41443,2.12931,-1.50262,1.35348,2.08418
-1.56739,1.41329,2.30263,-1.50201,1.35288,2.29101
-1.56677,1.41239,2.48596,-1.50385,1.35199,2.45139
-1.56572,1.41169,2.7066,-1.50259,1.35073,2.61319
-1.56425,1.41118,2.98417,-1.51099,1.35066,2.90016
-1.61747,1.44102,2.39456,-1.53323,1.36693,2.58502
-1.65698,1.52413,1.74532,-1.57309,1.47445,1.9513
-1.65762,1.52874,1.96918,-1.58818,1.49335,1.94924
-1.65755,1.52711,2.23142,-1.58792,1.50745,2.25529
-1.65688,1.5258,2.47162,-1.58687,1.49133,2.49654
-1.65582,1.52507,2.69716,-1.58532,1.49078,2.64345
-1.65451,1.52457,2.94751,-1.57869,1.47891,2.79172
-1.65314,1.52445,-3.10517,-1.57338,1.47805,3.10494
-1.65165,1.52446,-2.87736,-1.57536,1.47905,3.36228
-1.65019,1.52456,-2.65467,-1.57396,1.47882,3.59616
-1.64865,1.52483,-2.41196,-1.54831,1.48104,3.8395
-1.64771,1.52559,-2.20105,-1.54803,1.48256,4.0698
-1.64695,1.52685,-1.93546,-1.54964,1.49524,4.37532
-1.65307,1.4969,-1.72979,-1.57775,1.51142,4.522
-1.6617,1.39214,-1.60568,-1.58656,1.41963,4.68162
-1.66608,1.28771,-1.61879,-1.62854,1.381,4.67239
-1.66945,1.18451,-1.5925,-1.60874,1.24636,4.65394
-1.67032,1.09528,-1.57234,-1.60507,1.07417,4.6183
-1.66811,0.994158,-1.53186,-1.58953,0.946452,4.63335
-1.6646,0.898839,-1.53582,-1.61299,0.853019,4.64565
-1.66078,0.80664,-1.52387,-1.61539,0.809581,4.67875
-1.65699,0.706224,-1.53992,-1.62447,0.754545,4.69345
-1.65492,0.613793,-1.55465,-1.69213,0.678522,4.68604
-1.64319,0.518218,-1.36992,-1.68976,0.671856,4.7983
-1.62046,0.42825,-1.292,-1.67487,0.584723,4.90606
-1.61415,0.405284,-1.44007,-1.66678,0.553521,4.87796
-1.61415,0.40291,-1.68579,-1.66238,0.541932,4.6414
-1.61445,0.400503,-1.93325,-1.66947,0.550174,4.45459
-1.61529,0.398318,-2.17064,-1.68766,0.592681,4.25031
-1.617,0.396431,-2.42873,-1.68903,0.590786,4.00531
-1.61914,0.395053,-2.6899,-1.6913,0.589556,3.70964
-1.6214,0.394316,-2.93372,-1.6909,0.588641,3.42996
-1.62377,0.394146,3.10819,-1.69499,0.588485,3.19214
-1.63468,0.394569,-3.08791,-1.70628,0.587154,3.18108
-1.63498,0.394536,-3.08957,-1.70768,0.587013,3.14674
-1.63587,0.394519,3.11428,-1.70536,0.586557,3.15131
-1.63607,0.394484,3.12369,-1.70518,0.586491,3.11627
-1.65238,0.385755,-2.53893,-1.70895,0.544512,3.86851
-1.65482,0.38457,-2.82053,-1.71287,0.543445,3.57473
-1.65736,0.384125,-3.08466,-1.71526,0.543158,3.26095
-1.66001,0.384263,2.9226,-1.71845,0.543665,2.96063
-1.6633,0.385153,2.5723,-1.7203,0.54598,2.63632
-1.66645,0.388503,2.09558,-1.72984,0.572585,2.16571
-1.66901,0.404087,1.64966,-1.72979,0.574049,1.74195
-1.66239,0.563531,1.47972,-1.70715,0.700458,1.40148
-1.6637,0.659974,1.65299,-1.70649,0.833459,1.55173
-1.68186,0.807029,1.71251,-1.71113,0.945562,1.63852
-1.70232,0.974599,1.68332,-1.72132,1.14569,1.62799
-1.71741,1.12757,1.66199,-1.72258,1.27096,1.60538
-1.73229,1.27934,1.67178,-1.73678,1.41544,1.62151
-1.74252,1.40511,1.63616,-1.74091,1.55961,1.60147
-1.74214,1.4096,1.17452,-1.70994,1.58763,1.27206
-1.74075,1.41228,0.86405,-1.7563,1.59228,0.938698
-1.73809,1.41443,0.51516,-1.75292,1.59415,0.545879
-1.735,1.4155,0.178303,-1.74629,1.59308,0.167085
-1.55728,1.43019,0.0522747,-1.60249,1.5866,6.20696
-1.43448,1.44635,0.173346,-1.4616,1.59393,0.0762936
-1.2332,1.47878,0.153327,-1.2616,1.60189,0.0572716
-1.14689,1.49209,0.152605,-1.14204,1.60481,0.0560632
-1.05764,1.5059,0.154235,-1.07173,1.60825,0.0724761
-0.877771,1.53205,0.139923,-0.9142,1.61208,0.0328511
-0.726253,1.55614,0.166266,-0.683976,1.62958,0.0540473
-0.605581,1.57678,0.171131,-0.570617,1.63517,0.0607505
-0.492824,1.59625,0.170567,-0.441161,1.64308,0.0605996
-0.382036,1.61531,0.170119,-0.350848,1.65012,0.0604556
-0.247477,1.63832,0.168689,-0.222366,1.65973,0.059438
-0.168304,1.65175,0.167382,-0.0930081,1.67058,0.0597761
-0.0841309,1.66579,0.163596,0.00121324,1.67634,0.0580138
-0.0118092,1.67763,0.161044,0.0910669,1.68324,0.0555936
0.0833357,1.69296,0.158522,0.17527,1.69145,0.053259
0.18052,1.70828,0.154664,0.274008,1.69607,0.111827
0.260509,1.71853,0.105313,0.362648,1.69744,0.0762521
0.343597,1.72631,0.0852531,0.436804,1.69811,6.17184
0.427339,1.74059,0.227017,0.529035,1.8202,0.183764
0.516847,1.74956,-0.0124948,0.585041,1.8153,6.20214
0.6256,1.74349,-0.0791771,0.662616,1.80364,6.16325
0.747758,1.73167,-0.106456,0.773885,1.77803,6.10849
0.868578,1.72266,-0.0534001,0.899295,1.76613,6.16544
0.884784,1.72188,-0.299133,0.948036,1.75538,6.03631
0.887677,1.72082,-0.617415,0.960149,1.75,5.67181
0.889709,1.71885,-0.908335,0.967525,1.71945,5.45395
0.890984,1.71661,-1.17473,0.968567,1.74179,5.11917
0.891616,1.71409,-1.4413,0.969058,1.74728,4.81028
0.891618,1.71159,-1.6999,0.969249,1.74636,4.62296
0.891102,1.70829,-2.03782,0.968254,1.74423,4.33591
0.888703,1.70519,-2.43837,0.965654,1.74181,3.98112
0.8854,1.70339,-2.82526,0.962115,1.74083,3.58538
0.88194,1.70296,3.10107,0.958439,1.73971,3.23942
0.876944,1.70366,2.88537,0.953349,1.74208,2.84234
0.76653,1.70205,-3.04327,0.885962,1.73994,3.16954
0.625993,1.68126,-2.97001,0.744285,1.72115,3.29234
0.488468,1.66206,-3.02051,0.598161,1.6954,3.28333
0.377118,1.65214,-3.07347,0.453387,1.70052,3.21682
0.257306,1.64165,-3.04149,0.325777,1.68471,3.24705
0.133492,1.62905,-3.03986,0.191861,1.66911,3.25642
0.0035143,1.61671,-3.05153,0.0707916,1.66191,3.22772
-0.0289071,1.61388,-2.85715,-0.021292,1.64793,3.31566
-0.0270916,1.61404,-2.57866,-0.020304,1.68483,3.64224
-0.0251444,1.61496,-2.21153,-0.0188269,1.68139,3.98213
-0.0243123,1.61634,-1.92121,-0.0188608,1.67202,4.25219
-0.0239381,1.61793,-1.62862,-0.0185879,1.67406,4.58079
-0.0239288,1.62008,-1.29914,-0.019023,1.67531,4.90143
-0.0241022,1.62212,-0.994893,-0.0178651,1.67723,5.19537
-0.0246364,1.62376,-0.724986,-0.0211219,1.65325,5.41809
-0.0259576,1.62474,-0.437482,-0.0226429,1.65408,5.77845
-0.027415,1.62525,-0.162314,-0.0246356,1.65455,6.05803
0.0465506,1.6195,-0.0569202,0.024368,1.65161,6.16522
0.163921,1.61159,-0.0755218,0.132805,1.63731,6.16444
0.257121,1.60336,-0.0969502,0.257595,1.62147,6.14547
0.330122,1.59593,-0.104348,0.322096,1.61149,6.13614
0.393057,1.58932,-0.10445,0.387506,1.6044,6.13483
0.465989,1.58158,-0.106885,0.458951,1.59411,6.13305
0.533909,1.5742,-0.109215,0.529732,1.58401,6.13054
0.616785,1.56498,-0.111733,0.611328,1.57095,6.12845
0.698345,1.55591,-0.111698,0.68579,1.56,6.1281
0.702749,1.55572,-0.251363,0.69725,1.55266,6.01881
0.704643,1.55537,-0.447286,0.713562,1.54956,5.86011
0.705701,1.55486,-0.567305,0.694418,1.54893,5.68691
0.706495,1.55429,-0.667481,0.695197,1.5522,5.60546
0.70737,1.5535,-0.787857,0.696469,1.58476,5.51402
0.708047,1.55273,-0.89324,0.69681,1.59812,5.39251
0.708664,1.55185,-1.00381,0.697373,1.59744,5.28826
0.709196,1.55087,-1.11939,0.697729,1.59765,5.16952
0.70965,1.54971,-1.24764,0.697718,1.59769,5.0442
0.709946,1.54852,-1.3734,0.697774,1.60306,4.87569
0.718411,1.52481,-1.11762,0.703381,1.58282,5.0509
0.741724,1.49314,-0.783166,0.717793,1.54542,5.31925
0.753825,1.48246,-0.736285,0.738702,1.53121,5.51705
0.755006,1.48116,-0.917255,0.748256,1.52991,5.36284
0.755858,1.47979,-1.08323,0.749721,1.52867,5.21287
0.756492,1.47824,-1.25674,0.74119,1.5321,5.05296
0.756857,1.47651,-1.43782,0.741462,1.54262,4.85648
0.756887,1.47438,-1.65655,0.741489,1.54098,4.71276
0.756635,1.47211,-1.89231,0.741016,1.53802,4.47291
0.756049,1.47002,-2.10997,0.740116,1.5347,4.25502
0.754581,1.46816,-2.35031,0.73868,1.53505,3.99699
0.752887,1.46681,-2.57113,0.736398,1.53404,3.76467
0.750358,1.46569,-2.85513,0.734348,1.5336,3.55125
0.74806,1.46534,-3.09145,0.731877,1.53335,3.25451
0.742295,1.46561,3.12922,0.728154,1.53334,3.1574
0.738778,1.46572,3.10116,0.723013,1.53285,3.19184
0.737673,1.4657,3.00733,0.72207,1.53257,3.1591
0.736865,1.46557,2.94235,0.718422,1.53396,3.07146
0.68091,1.47475,3.03256,0.677214,1.53677,3.09959
0.6019,1.47749,-3.11619,0.608642,1.52967,3.25117
0.491776,1.47246,-3.08525,0.512767,1.51363,3.30636
0.391311,1.4682,-3.10917,0.407303,1.49866,3.28901
0.279834,1.4654,-3.12086,0.332585,1.48923,3.27262
0.163442,1.46262,-3.11572,0.200756,1.4707,3.27271
0.0490759,1.45937,-3.11125,0.0843568,1.45451,3.27585
-8.54532e-05,1.45793,-2.9527,-0.00212701,1.44991,3.36915
0.00162523,1.45802,-2.692,-0.00419236,1.45038,3.55649
0.00337227,1.45831,-2.41704,-0.00276848,1.44694,3.75489
0.00447528,1.45924,-2.16391,0.00730803,1.4474,4.04276
0.00524189,1.46067,-1.87109,0.0195415,1.46253,4.23842
0.00552254,1.46212,-1.6083,0.0198007,1.47524,4.56069
0.000216482,1.42992,-1.68008,-0.0693553,1.4066,4.53403
0.000264846,1.43191,-1.36782,-0.0693985,1.40934,4.82699
0.00014464,1.43391,-1.06847,-0.0688617,1.41861,5.1207
-0.000161443,1.43559,-0.813552,0.0100397,1.44329,5.3653
-0.00100855,1.43653,-0.59794,0.00898338,1.44444,5.60338
-0.00191723,1.43709,-0.409527,0.00763157,1.44529,5.77747
-0.00268086,1.4374,-0.263281,0.00724971,1.45199,5.92243
-0.00357175,1.43758,-0.102227,-0.0732408,1.42098,6.15769
0.0328767,1.43396,-0.0909256,-0.0617424,1.41973,6.15593
0.0738327,1.43045,-0.0805655,-1.30294,0.107861,1.24303
0.124326,1.41808,-0.452748,-1.27751,0.158533,1.06268
0.181219,1.36714,-0.915386,-1.24293,0.174199,0.669213
0.220928,1.30471,-1.06486,-1.16119,0.225322,0.427414
0.263197,1.22576,-1.06311,-1.07832,0.260715,0.377187
0.323905,1.13102,-0.963549,-0.955759,0.321864,0.490271
0.391801,1.03394,-0.959858,-0.81819,0.395313,0.551975
0.465096,0.920725,-1.01557,-0.682083,0.473205,0.487074
0.539311,0.801352,-1.01362,-0.574122,0.526663,0.480502
0.617121,0.678367,-1.00281,-0.40034,0.604808,0.493739
0.703121,0.545097,-0.995296,-0.259122,0.674751,0.451608
0.770985,0.449661,-0.57298,-0.136709,0.772022,0.67895
0.802114,0.394443,-0.443045,1.30817,1.11117,5.61064
0.760221,0.454614,-1.67205,1.74287,0.813273,0.770004
0.802387,0.43185,-0.328517,1.73777,0.804463,1.76119
0.836769,0.444214,0.149211,1.32846,1.14411,6.20329
0.783792,0.420087,1.89523,-0.189715,-0.862619,2.67574
0.811893,0.497639,0.878377,-0.142551,0.576799,2.50388
0.897567,0.484669,-0.693332,-0.0897197,0.660553,1.00804
0.93071,0.411105,-1.75417,-0.013552,0.680079,0.416642
0.881633,0.332401,-2.29314,0.0544987,0.759389,6.00885
0.847848,0.296847,-2.40591,0.104795,0.733686,5.88686
0.803977,0.22413,-1.92957,0.157361,0.722707,6.06867
0.824448,0.110767,-1.1257,0.266303,0.76829,0.486926
0.901071,0.0103919,-0.845039,0.363043,0.859423,0.768343
1.01912,-0.123475,-0.864698,0.509927,0.965664,0.720379
1.11752,-0.236084,-0.84587,0.648859,1.02312,0.720856
1.23346,-0.341403,-0.683095,0.690847,1.10577,0.825076
1.30436,-0.400131,-0.863769,0.730524,1.23535,0.852837
1.3062,-0.403543,-1.26599,0.714851,1.21043,0.446995
1.30658,-0.407069,-1.63057,0.740049,1.24963,0.200969
1.30622,-0.410126,-1.94643,0.739498,1.24805,5.87504
1.30478,-0.412992,-2.27416,0.795943,1.24612,5.62425
1.30214,-0.41515,-2.62291,0.798683,1.24374,5.43114
1.29895,-0.416244,-2.96979,0.800375,1.23979,5.04542
1.29549,-0.416298,2.98215,0.799691,1.23665,4.70253
1.29215,-0.415647,2.634,0.797935,1.23463,4.23219
1.28933,-0.413248,2.25299,-0.738171,0.00396698,4.48408
1.28768,-0.410145,1.8886,-0.739945,0.000802552,4.10988
1.28724,-0.407447,1.60949,0.791682,1.23067,3.25126
1.2874,-0.404665,1.436,0.788369,1.2309,3.05962
1.29423,-0.276507,1.54967,0.712647,1.23084,3.14286
1.29518,-0.146091,1.56964,0.501482,1.2138,3.25476
1.30434,-0.00518754,1.46965,-1.44365,-0.68462,3.58371
1.35861,-0.0140505,-0.572231,-1.47268,-0.664188,2.6835
1.35948,-0.10158,-2.05327,-1.43063,-0.548052,0.919842
1.27991,-0.217782,-2.17748,-1.30347,-0.491528,0.485577
1.23295,-0.339068,-1.80266,-1.18238,-0.437266,0.608831
1.23574,-0.491027,-1.44206,-1.11338,-0.261608,1.11364
1.24647,-0.638095,-1.53239,0.614338,-0.14163,0.0188578
1.29256,-0.658745,0.0353454,0.0619032,-0.40767,0.563243
1.36715,-0.593083,1.04657,0.0473965,-0.306982,1.71261
1.43892,-0.434081,1.15057,0.0155102,-0.166762,1.90963
1.52104,-0.295451,0.971182,0.00299668,-0.108631,1.69074
1.59578,-0.185866,0.973782,-1.47678,1.27083,3.63017
1.57882,-0.196809,2.73677,-1.47595,1.24893,4.74014
1.52658,-0.222034,-2.31653,-1.42107,1.25443,0.45224
1.42884,-0.298305,-2.61473,-1.27945,1.2639,0.219415
1.32096,-0.345558,-2.80001,-1.1905,1.27579,6.25206
1.19778,-0.386223,-2.83423,-1.0644,1.26752,6.22219
1.06084,-0.429323,-2.83807,-0.207257,-0.523234,4.36438
1.08194,-0.415734,1.72837,-0.899928,-0.307314,5.25744
1.03083,-0.38628,3.13555,-0.239927,-0.58348,3.40552
0.96027,-0.300465,1.85456,-0.339177,-0.556734,2.59158
1.01148,-0.17357,0.840784,-0.346523,-0.41469,1.62488
1.1231,-0.0909042,0.571566,-0.317611,-0.332289,1.52873
1.25462,-0.0134802,0.511334,-0.0962791,-1.85701,5.9278
1.24165,0.060925,2.14376,-0.0356997,-1.82154,0.625191
1.13904,0.118892,2.88349,-0.00783857,-1.71482,1.35666
1.00151,0.130746,3.13893,0.00898365,-1.5798,1.4418
0.867451,0.112445,-2.94504,0.00991352,-1.48931,1.55086
0.736503,0.0795979,-2.87049,0.00725913,-1.35818,1.59149
0.627086,0.043344,-3.11559,-0.802561,1.24198,1.37732
0.604341,0.0525905,2.72497,1.43569,-0.305821,5.02998
0.63899,0.00897247,1.71326,1.3879,1.47003,5.73549
0.654543,0.000898013,0.542736,0.59555,0.664907,4.65175
