-1.00002,-0.996207,1.58516,-0.67888,-0.69314,1.55045
-1.01019,-0.596685,1.5954,-0.676702,-0.475895,1.55978
-1.01909,-0.228734,1.59449,-0.672578,-0.144181,1.55968
-1.02592,0.0641272,1.5938,-0.667776,0.286384,1.55807
-1.03038,0.259372,1.59336,-0.665918,0.456402,1.55929
-1.0344,0.439598,1.59297,-0.666546,0.504674,1.55883
-1.03912,0.654872,1.59246,-0.663013,0.721963,1.55826
-1.04574,0.96527,1.5918,-0.659848,1.02431,1.55699
-1.05088,1.21309,1.59126,-0.655713,1.32962,1.55729
-1.05638,1.48594,1.59069,-0.653458,1.53321,1.55857
-1.06149,1.74629,1.59017,-0.656454,1.79208,1.55926
-1.06262,1.83063,1.28004,-0.639607,1.85628,1.45677
-1.06032,1.83451,0.804242,-0.632413,1.6942,0.935435
-1.05599,1.83699,0.267597,-0.629076,1.69554,0.261357
-0.959713,1.84326,0.0667737,-0.587094,1.86539,6.20457
-0.807247,1.82338,-0.153656,-0.466755,1.82407,5.97172
-0.552341,1.78385,-0.15379,-0.262937,1.74665,5.95493
-0.37169,1.75585,-0.15365,-0.0679988,1.68201,5.95512
-0.171239,1.72483,-0.153361,0.132029,1.62683,5.97188
0.0143764,1.69615,-0.153151,0.269674,1.58875,5.97198
0.202475,1.66714,-0.152885,0.326489,1.57051,5.97244
0.412863,1.63476,-0.152486,0.481118,1.58148,6.03164
0.596034,1.60665,-0.15208,0.689151,1.5299,6.03204
0.774267,1.57935,-0.151658,0.858967,1.48909,6.03244
1.04907,1.53743,-0.150946,1.09261,1.43369,6.03316
1.40315,1.48374,-0.149906,1.41011,1.34834,6.03414
1.72509,1.43526,-0.148936,1.64162,1.26647,6.03522
1.86499,1.41582,-0.45265,1.84675,1.16817,5.84379
1.8686,1.41259,-0.989173,1.81159,1.01375,5.285
1.87005,1.40759,-1.55652,1.92138,0.998317,4.78542
1.85592,1.37911,-1.92377,1.91868,1.00133,4.34296
1.76689,1.21272,-2.1054,1.83095,0.900576,4.06572
1.65594,1.02515,-2.10433,1.79262,0.823927,4.06675
1.50452,0.768378,-2.10273,1.63255,0.60858,4.0679
1.37379,0.545932,-2.10127,1.4623,0.38957,4.0693
1.25984,0.351402,-2.09994,1.30053,0.173471,4.07033
1.14994,0.16321,-2.09861,1.14638,0.0103617,4.04765
1.03777,-0.0294613,-2.0972,1.04472,-0.133841,4.0484
0.826797,-0.393597,-2.09443,0.854532,-0.410484,4.05202
0.660417,-0.682643,-2.09113,0.629556,-0.714845,4.05502
0.50127,-0.961546,-2.08702,0.444438,-0.933618,4.08006
0.371616,-1.19084,-2.08336,0.247119,-1.21703,4.08296
0.245269,-1.41624,-2.07958,0.100336,-1.47892,4.08942
0.120997,-1.63993,-2.07574,-0.0595583,-1.70135,4.09374
0.00966899,-1.84369,-2.06866,-0.214609,-1.90621,4.09759
0.00433291,-1.85805,-2.55089,-0.222379,-1.89079,3.82189
-0.0004265,-1.85958,-3.09373,-0.231243,-1.91884,3.39688
-0.237818,-1.75817,2.69477,-0.337041,-1.85189,2.56698
-0.628718,-1.57118,2.69621,-0.79256,-1.64445,2.57142
-0.97015,-1.40846,2.69766,-1.22853,-1.38465,2.57352
-1.25071,-1.27522,2.69894,-1.39882,-1.2707,2.57489
-1.52013,-1.1477,2.70024,-1.69906,-1.12161,2.57603
-1.78745,-1.0216,2.70158,-1.86389,-1.02061,2.57754
-1.86133,-0.990404,2.18885,-1.91039,-0.98216,2.33347
-1.86294,-0.984207,1.49126,-1.86851,-0.976735,1.49698
-1.80282,-0.846153,1.09013,-1.88726,-0.89303,1.11772
-1.69169,-0.632903,1.09094,-1.7809,-0.663499,1.07208
-1.59923,-0.455109,1.09175,-1.67514,-0.504602,1.07287
-1.50232,-0.268341,1.09271,-1.60106,-0.316346,1.09082
-1.39984,-0.0703468,1.09384,-1.50922,-0.138103,1.09293
-1.29989,0.123311,1.09502,-1.42134,0.0607224,1.10647
-1.2036,0.310407,1.09621,-1.33193,0.240254,1.10768
-1.09384,0.524376,1.09765,-1.23352,0.448544,1.10905
-0.988951,0.729583,1.09908,-1.12765,0.660956,1.11073
-0.875283,0.952808,1.10072,-1.00799,0.880199,1.11301
-0.76312,1.17399,1.10243,-0.897161,1.11809,1.10341
-0.653593,1.39089,1.10414,-0.75522,1.3179,1.09721
-0.532093,1.63262,1.10615,-0.685358,1.51867,1.10389
-0.438098,1.82811,1.04863,-0.518825,1.78371,1.10262
-0.434691,1.83155,0.530185,-0.45217,1.88581,0.660932
-0.430448,1.83275,0.0477907,-0.44688,1.88089,0.108119
-0.251313,1.81572,-0.157549,-0.281101,1.8551,6.06673
-0.046033,1.78312,-0.157146,-0.0584014,1.81931,5.97833
0.156805,1.75104,-0.156539,0.140971,1.75957,5.98536
0.334923,1.72296,-0.156014,0.342737,1.72706,5.98616
0.797611,1.65051,-0.154504,0.688576,1.62414,5.99803
1.16388,1.59366,-0.153278,1.12074,1.50834,6.05052
1.47825,1.54526,-0.152111,1.44776,1.46357,6.05237
1.83036,1.49243,-0.143513,1.75709,1.3968,6.0717
1.8462,1.49071,-0.558926,1.83752,1.37171,5.77746
1.84924,1.48761,-1.03138,1.83653,1.36683,5.31162
1.85048,1.48317,-1.53326,1.79664,1.38441,4.86057
1.83026,1.39761,-1.8251,1.79085,1.34243,4.44023
1.78284,1.2158,-1.82661,1.7359,1.17237,4.38311
1.73772,1.04404,-1.82949,1.67894,0.993094,4.38578
1.69091,0.86734,-1.8301,1.63205,0.80726,4.39126
1.64395,0.690617,-1.83104,1.56157,0.633419,4.38982
1.59615,0.511523,-1.83205,1.6324,0.506556,4.50145
1.54557,0.3228,-1.83317,1.60419,0.375646,4.50032
1.48367,0.0930216,-1.83459,1.55547,0.151676,4.4996
1.41548,-0.1581,-1.83697,1.52048,-0.0118102,4.49841
1.34494,-0.416616,-1.8375,1.4648,-0.26957,4.49791
1.27753,-0.663037,-1.83803,1.41317,-0.502492,4.49739
1.21265,-0.89976,-1.83852,1.35593,-0.767949,4.49688
1.14699,-1.13887,-1.83896,1.30538,-0.993871,4.49635
1.08189,-1.37553,-1.83941,1.26124,-1.19715,4.49617
1.01602,-1.61458,-1.83981,1.20075,-1.47033,4.49584
0.955541,-1.83638,-1.83364,1.15066,-1.69185,4.4958
0.952517,-1.85418,-2.25011,1.12602,-1.73204,4.27438
0.948664,-1.85696,-2.75772,1.11631,-1.73425,3.79672
0.943596,-1.85736,3.02994,1.10309,-1.74231,3.08072
0.742704,-1.79903,2.85184,1.001,-1.83342,3.02467
0.514717,-1.73107,2.85187,0.726936,-1.79543,2.98173
0.2987,-1.66668,2.85207,0.528447,-1.75909,2.98223
0.0562609,-1.59449,2.85237,0.380994,-1.73374,2.98243
-0.169395,-1.52736,2.85277,0.14726,-1.69655,2.98282
-0.409497,-1.45607,2.85336,-0.053485,-1.66433,2.98354
-0.649649,-1.38495,2.85415,-0.406635,-1.60809,2.98425
-0.887459,-1.31473,2.855,-0.691868,-1.56347,2.98488
-1.10851,-1.24967,2.85585,-0.917327,-1.52858,2.98582
-1.34405,-1.18058,2.85684,-1.13109,-1.4941,2.98679
-1.56042,-1.11734,2.85782,-1.39936,-1.45296,2.98793
-1.77925,-1.05361,2.8588,-1.62625,-1.41793,2.98907
-1.8414,-1.03854,2.5639,-1.80291,-1.36952,2.81936
-1.84431,-1.03546,2.11155,-1.74082,-1.3731,2.42818
-1.84556,-1.03129,1.64463,-1.84471,-1.3614,1.79017
-1.82854,-0.925121,1.32086,-1.91121,-1.30131,1.42788
-1.78068,-0.753846,1.29423,-1.85757,-1.12559,1.35455
-1.73344,-0.587642,1.29345,-1.82489,-0.937641,1.3548
-1.66329,-0.341963,1.29181,-1.76947,-0.616346,1.35974
-1.6149,-0.173698,1.28943,-1.73322,-0.451513,1.36781
-1.56202,0.009122,1.28884,-1.697,-0.28227,1.35857
-1.50271,0.213593,1.28817,-1.66402,-0.109287,1.35781
-1.43626,0.442071,1.28746,-1.63694,0.0464399,1.36676
-1.36333,0.692143,1.28669,-1.57305,0.368183,1.36598
-1.28669,0.954179,1.2859,-1.50016,0.644979,1.365
-1.2169,1.19212,1.28518,-1.44294,0.945051,1.36429
-1.14199,1.44684,1.28443,-1.32767,-1.1285,2.70654
-1.08533,1.63903,1.28386,-1.50871,-1.04425,2.70604
-1.02643,1.84047,1.29065,-1.7317,-0.94047,2.70525
-1.02286,1.85769,1.01103,-1.81392,-0.886357,2.52747
-1.02056,1.86016,0.654281,-1.752,-0.888659,2.03513
-1.01726,1.86173,0.262803,-1.53195,1.49256,1.21635
-1.01367,1.86195,-0.123616,-1.52844,1.49501,0.66849
-0.89137,1.81117,-0.471912,-1.45988,1.51987,0.383591
-0.708402,1.71783,-0.471068,-1.2462,1.57412,0.246851
-0.52758,1.62581,-0.470224,-1.07809,1.61419,0.245871
-0.339979,1.53054,-0.469352,-0.841631,1.6782,0.243996
-0.161231,1.43997,-0.468472,-0.881308,1.22734,0.193608
0.0153607,1.35069,-0.467583,-0.728877,1.25739,0.194519
0.243483,1.23564,-0.466437,-0.425569,1.31734,0.195686
0.440404,1.13661,-0.465388,-0.321019,1.33855,0.196894
0.673261,1.01982,-0.464171,-0.116263,1.37933,0.197674
0.908505,0.902216,-0.462879,0.138134,1.43133,0.199261
1.14614,0.783797,-0.461563,0.46881,1.49788,0.200637
1.36599,0.674597,-0.460319,0.700429,1.54511,0.202035
1.58821,0.564563,-0.459037,0.942741,1.59474,0.203363
1.63863,0.539716,-0.835237,1.07418,1.59761,6.11117
1.78541,0.367084,-0.870403,1.29086,1.57017,6.09224
1.85637,0.28072,-1.11062,1.70087,1.54827,6.1003
1.85728,0.276463,-1.57714,1.72257,1.5214,5.48273
1.80085,0.114429,-1.97215,1.70021,1.45428,4.92599
1.70796,-0.10465,-1.97136,1.72664,1.21898,4.8555
1.61915,-0.314584,-1.97042,1.7967,0.837818,4.91006
1.52861,-0.529224,-1.96933,0.782268,-0.59228,3.44749
1.42668,-0.771685,-1.96799,0.469406,-0.691377,3.44834
1.33765,-0.984246,-1.96668,0.176104,-0.784733,3.44995
1.24409,-1.20849,-1.96524,1.88062,-0.291297,4.82695
1.14991,-1.43519,-1.96366,1.91117,-0.550265,4.8285
1.06182,-1.64815,-1.9621,1.94116,-0.803468,4.8302
0.983549,-1.84911,-1.96868,1.96744,-1.02982,4.83182
0.981061,-1.85362,-2.41965,1.96177,-1.13355,4.50415
0.97719,-1.8556,-2.88669,1.95849,-1.13853,4.00833
0.80717,-1.79016,2.70609,1.92802,-1.3085,3.37538
0.489163,-1.64238,2.70724,1.5629,-1.05922,2.83967
0.198248,-1.50762,2.70846,1.39428,-1.00131,2.8405
-0.0746374,-1.3816,2.70968,0.87675,-1.45197,3.2783
-0.368166,-1.24653,2.71107,0.556549,-1.49626,3.27965
-0.652777,-1.11603,2.71249,0.316629,-1.53003,3.2811
-0.953533,-0.978681,2.71405,0.238461,-1.54157,3.28263
-1.25223,-0.842842,2.71566,0.204104,-0.241162,2.05657
-1.45528,-0.750831,2.7168,-0.603287,-0.0823274,2.05738
-1.71781,-0.632285,2.71827,-1.39338,-1.45684,3.71209
-1.85103,-0.576205,2.6683,-1.57093,-1.5731,3.7202
-1.85409,-0.573653,2.24022,-1.51525,-1.52823,3.28591
-1.85589,-0.569589,1.76289,-1.51727,-1.52588,2.84099
-1.82349,-0.478575,1.21333,-1.52027,-1.51882,2.07656
-1.70449,-0.159382,1.21483,-1.58122,-1.19181,1.73352
-1.57386,0.192906,1.21676,-1.63981,-0.87172,1.73439
-1.49149,0.416159,1.2181,-1.63112,-0.755254,1.70848
-1.40684,0.655814,1.21332,-1.71888,-0.328908,1.7368
-1.28728,0.948358,1.19252,-1.76615,-0.259604,1.76573
-1.14245,1.314,1.19502,-1.84316,-0.0179131,1.77723
-1.03331,1.59139,1.19709,-1.9044,0.485941,1.76922
-0.999876,1.68433,0.752954,-1.93792,0.66567,1.55854
-0.963238,1.70871,0.503104,-1.94289,0.669763,1.03563
-0.91892,1.75037,0.793516,-1.93022,0.833591,1.50141
-0.843631,1.81562,0.74946,-1.89596,0.92551,1.32906
-0.840359,1.81806,0.469007,-1.89262,0.92623,1.24774
-0.79854,1.8406,0.380084,-0.245037,-1.70161,3.73311
-0.795933,1.84119,0.0943582,-1.8629,1.04803,0.927644
-0.730114,1.83791,-0.059535,-1.85188,1.05485,0.658159
-0.590458,1.81847,-0.158301,-1.73089,1.09505,0.470244
-0.456877,1.79719,-0.157393,-1.53547,1.16549,0.40952
-0.305957,1.7733,-0.156362,-1.35096,1.25359,0.41167
-0.147587,1.7484,-0.155239,-1.1581,1.30927,0.412209
0.00599841,1.72446,-0.153546,-0.970473,1.40651,0.412826
0.172121,1.6989,-0.151224,-0.785361,1.46511,0.414848
0.380477,1.66741,-0.148249,-0.554749,1.55893,0.418071
0.581481,1.63763,-0.145325,-0.356036,1.6533,0.421914
0.765191,1.61095,-0.142606,-0.19418,1.73332,0.424279
0.951461,1.58443,-0.139779,0.0918346,1.85742,0.42658
1.16017,1.55534,-0.136646,0.258678,1.92691,0.429797
1.44853,1.51625,-0.132288,0.394416,1.99098,0.432662
1.76195,1.47521,-0.127534,-1.6135,-0.190056,2.54756
1.83491,1.46677,-0.361391,-1.74165,-0.0615046,2.41718
1.83777,1.46507,-0.717747,-1.75228,-0.0616213,2.04801
1.83979,1.46253,-1.06909,-1.76864,-0.0565347,1.73391
1.8408,1.45931,-1.43567,-1.77027,-0.0512813,1.30571
1.83966,1.32041,-1.60931,-1.72592,0.0314215,1.01835
1.79902,1.08259,-1.76661,-1.5733,0.231595,0.85042
1.76194,0.895904,-1.76727,-1.3991,0.402849,0.828419
1.72077,0.689574,-1.76805,-1.35547,0.528471,0.878436
1.6829,0.500466,-1.76875,-1.48237,-0.90314,1.62473
1.64341,0.304021,-1.76948,-1.4927,-0.739063,1.62433
1.59088,0.0437743,-1.77041,-1.50287,-0.560471,1.62357
1.5401,-0.206606,-1.77129,-1.52293,-0.175891,1.62282
1.48159,-0.493758,-1.77213,1.89359,-0.386028,5.05843
1.42689,-0.761221,-1.77263,1.95334,-0.552004,5.05794
1.3661,-1.05809,-1.77282,1.99919,-0.67954,5.05762
1.31129,-1.32552,-1.773,1.98716,-0.64581,5.05771
1.25594,-1.59539,-1.77308,1.55533,0.989505,4.63763
1.21008,-1.82967,-1.78343,1.0001,1.20809,6.22304
1.20705,-1.83484,-2.42565,1.09,1.18189,6.00545
1.19928,-1.83765,-3.05127,1.09475,1.17355,5.22525
0.920323,-1.81748,2.91881,1.1539,1.01199,5.06205
0.688328,-1.76497,2.91907,1.18796,0.926204,4.98494
0.397636,-1.69929,2.91966,1.29768,0.450451,4.98689
0.153322,-1.64421,2.92021,1.39864,0.0925571,4.9873
-0.0885853,-1.58983,2.92089,1.45599,-0.110852,4.98787
-0.318312,-1.53835,2.9216,1.51256,-0.310351,4.98869
-0.574971,-1.48106,2.92246,1.55077,-0.472633,4.98942
-0.836571,-1.4229,2.9234,1.60557,-0.635495,4.99062
-1.15448,-1.3526,2.92465,1.67627,-0.881406,4.99177
-1.38197,-1.30255,2.9256,1.75094,-1.13656,4.99314
-1.64865,-1.24417,2.92674,1.77766,-1.23211,4.99404
-1.82768,-1.20712,2.96116,1.7951,-1.2892,4.9949
-1.83397,-1.20539,2.5616,1.79526,-1.34043,4.77184
-1.8367,-1.20256,2.14018,1.79163,-1.32918,4.39049
-1.83791,-1.19952,1.78893,1.79267,-1.34712,4.09821
-1.8311,-1.12468,1.42875,1.77499,-1.413,3.38499
-1.80177,-0.918861,1.42999,1.54637,-1.41869,3.42959
-1.77061,-0.698122,1.43135,1.36987,-1.42943,3.20091
-1.73425,-0.437639,1.43306,-1.56494,-0.842072,1.58384
-1.69631,-0.162195,1.43503,-1.56832,-0.602109,1.58575
-1.67071,0.0267292,1.43767,-1.57242,-0.37892,1.58832
-1.63716,0.280405,1.44149,-1.5773,-0.122226,1.59141
-1.59584,0.603904,1.44657,-1.58588,0.209971,1.59723
-1.57245,0.793124,1.44961,-1.59218,0.396668,1.60106
-1.55558,0.932596,1.45188,-1.59688,0.55114,1.60264
-1.53407,1.11446,1.45484,-1.60303,0.72873,1.60478
-1.51595,1.27147,1.45742,-1.60915,0.913485,1.60866
-1.49406,1.46592,1.46061,-1.61936,1.14589,1.61188
-1.47765,1.61554,1.46306,-1.62789,1.30388,1.61431
-1.45598,1.82359,1.47616,-1.6364,1.51607,1.61772
-1.45461,1.83793,1.04264,-1.62841,1.62415,1.49318
-1.45148,1.84107,0.513968,-1.62529,1.62872,0.836428
-1.44764,1.84213,0.0443725,-1.62197,1.62981,0.406976
-1.19352,1.78945,-0.252639,-1.46058,1.5944,6.15321
-0.958261,1.72882,-0.251598,-1.20587,1.55754,6.11765
-0.669549,1.65479,-0.250246,-0.905838,1.51567,6.12637
-0.395295,1.58487,-0.248882,-0.642317,1.50452,6.12751
-0.116083,1.5141,-0.247391,-0.33424,1.46522,6.12909
0.100079,1.45962,-0.24619,-0.0865027,1.43964,6.13033
0.328459,1.40237,-0.244875,0.163759,1.40649,6.1316
0.513164,1.35631,-0.243757,0.397497,1.37143,6.13289
0.676042,1.31587,-0.242719,0.564787,1.34296,6.134
0.856208,1.2714,-0.240677,0.724102,1.32189,6.13605
1.02923,1.22911,-0.238295,0.915195,1.29457,6.13962
1.25358,1.17493,-0.235044,1.12402,1.26379,6.14202
1.43416,1.1319,-0.23233,1.28911,1.24193,6.14435
1.63929,1.08365,-0.229212,1.50599,1.21321,6.14835
1.81336,1.04533,-0.432524,1.74252,1.17608,6.13649
1.8506,1.0107,-0.884966,1.83012,1.13241,5.51238
1.85236,1.00711,-1.32156,1.8256,1.13672,5.15276
1.85256,1.00372,-1.68785,1.82564,1.11925,4.71053
1.81341,0.894383,-1.92929,1.86678,1.06146,4.38215
1.7528,0.732529,-1.92882,1.76468,0.86944,4.36955
1.68174,0.542485,-1.9281,1.69853,0.715431,4.37016
1.61959,0.375857,-1.92739,1.61,0.360581,4.3476
1.55842,0.21153,-1.92661,1.69156,0.286356,4.43171
1.47129,-0.0233099,-1.92539,1.62042,0.0321571,4.43265
1.39052,-0.241812,-1.92415,1.41928,-0.188187,4.3511
1.3178,-0.43926,-1.92296,1.34233,-0.329212,4.35201
1.24964,-0.625038,-1.92176,1.23729,-0.609599,4.35404
1.17398,-0.832082,-1.92033,1.16157,-0.808477,4.355
1.10204,-1.02982,-1.9189,1.07373,-1.0472,4.35602
1.02188,-1.25123,-1.91721,0.985515,-1.25955,4.35797
0.945492,-1.46334,-1.9155,0.913123,-1.47811,4.35933
0.856005,-1.71334,-1.91334,0.837681,-1.69696,4.36147
0.805859,-1.86488,-2.10492,0.769144,-1.88107,4.36239
0.802149,-1.86837,-2.65886,0.76446,-1.85809,3.8066
0.797081,-1.86934,3.06692,0.752989,-1.89511,3.05357
0.712447,-1.82566,2.66852,0.717208,-1.86416,2.59328
0.505066,-1.71956,2.66917,0.570196,-1.73637,2.84962
0.310988,-1.62045,2.66989,0.398602,-1.68707,2.85029
0.139157,-1.53285,2.67057,0.251233,-1.62833,2.84467
-0.08186,-1.4204,2.67153,0.125205,-1.58998,2.84535
-0.269474,-1.32516,2.67237,-0.0239295,-1.54421,2.84581
-0.46164,-1.22782,2.67325,-0.281496,-1.46673,2.8465
-0.671782,-1.12162,2.67424,-0.482496,-1.40579,2.8473
-0.859659,-1.0269,2.67515,-0.686474,-1.34188,2.8481
-1.02077,-0.945855,2.67597,-0.865746,-1.28739,2.84901
-1.17298,-0.869428,2.67673,-1.05188,-1.234,2.84977
-1.35438,-0.778545,2.67767,-1.21211,-1.18591,2.85049
-1.51121,-0.700143,2.6785,-1.37867,-1.1354,2.85146
-1.68829,-0.611817,2.67946,-1.56368,-1.07998,2.85241
-1.84076,-0.539919,2.66179,-1.77828,-1.01596,2.85322
-1.84368,-0.537489,2.25398,-1.6867,-1.02896,2.44505
-1.84546,-0.533741,1.80703,-1.72163,-1.01508,2.08814
-1.84235,-0.491493,1.50962,-1.72016,-1.01082,1.57
-1.79865,-0.300371,1.26398,-1.83035,-0.745688,1.43158
-1.73429,-0.0974351,1.26354,-1.81049,-0.510597,1.42892
-1.66986,0.105476,1.2632,-1.75363,-0.319236,1.33578
-1.60003,0.325075,1.26275,-1.72711,-0.157844,1.33522
-1.53543,0.527937,1.26231,-1.67782,0.0287585,1.33483
-1.47074,0.730771,1.26187,-1.60583,0.351585,1.33442
-1.39985,0.952661,1.26137,-1.56069,0.513452,1.33438
-1.34183,1.13396,1.26094,-1.4838,0.740158,1.33319
-1.27915,1.32955,1.26045,-1.42967,1.02022,1.33276
-1.21178,1.53942,1.25994,-1.38543,1.22321,1.33233
-1.13431,1.78024,1.25932,-1.31794,1.55021,1.33154
-1.11354,1.85546,1.00719,-1.26649,1.72533,1.22711
-1.11047,1.85846,0.543662,-1.26169,1.7289,0.756638
-1.10408,1.85952,-0.154103,-1.2501,1.74627,6.16386
-0.889444,1.78216,-0.347338,-1.12097,1.69615,5.95699
-0.684519,1.70806,-0.346416,-0.926073,1.60955,5.97142
-0.514873,1.64688,-0.345654,-0.730411,1.57476,5.97231
-0.293316,1.56721,-0.344588,-0.533515,1.52356,5.97312
-0.0858218,1.49285,-0.343549,-0.300098,1.46462,5.97429
0.117035,1.42038,-0.342478,-0.150911,1.43921,6.0237
0.362455,1.33304,-0.341131,0.147823,1.35072,6.02514
0.600911,1.24854,-0.339785,0.416214,1.27141,5.965
0.794595,1.18018,-0.338649,0.563174,1.22115,6.02699
1.03799,1.09463,-0.337179,0.78888,1.17451,6.02809
1.19875,1.03834,-0.336159,1.01453,1.0746,5.96955
1.35484,0.983873,-0.335159,1.16409,1.02636,5.97044
1.48023,0.940245,-0.334354,1.31606,0.973954,5.97184
1.65298,0.880324,-0.333197,1.64115,0.853592,5.97122
1.77853,0.836931,-0.332093,1.71384,0.801504,5.97119
1.82226,0.825436,-0.562011,1.80844,0.721255,5.76832
1.82539,0.822113,-1.06077,1.87177,0.717224,5.25148
1.83316,0.768829,-1.48506,-1.24343,-1.35317,2.62041
1.84819,0.596147,-1.46711,-1.40682,-1.22825,2.54899
1.84582,0.561748,-1.78703,1.98689,0.59572,4.49185
1.77857,0.380523,-1.93371,1.93525,0.415556,4.34161
1.70217,0.179122,-1.93288,1.86972,0.279257,4.34241
1.6109,-0.0621817,-1.93179,1.80827,0.104246,4.34335
1.51725,-0.31063,-1.9305,1.73244,-0.146766,4.34488
1.39233,-0.643661,-1.9286,1.62744,-0.336467,4.31447
1.2803,-0.944079,-1.92665,1.39808,-0.886874,4.31602
1.1524,-1.28938,-1.92421,1.19973,-1.30274,4.31818
1.00903,-1.67971,-1.92114,1.0696,-1.63855,4.32167
0.958306,-1.82593,-2.42321,0.894626,-1.88445,4.03434
0.953621,-1.82805,-2.98113,0.720549,-1.98195,3.40453
0.766129,-1.84209,-3.06734,0.691669,-1.96887,3.10287
0.643337,-1.83541,2.92718,0.577612,-1.95241,2.97356
0.374474,-1.77573,2.92038,0.338335,-1.85548,2.79784
0.142562,-1.72328,2.91874,0.145832,-1.78765,2.79808
-0.152622,-1.65597,2.91659,-0.132964,-1.70565,2.79744
-0.501708,-1.57607,2.91654,-0.48771,-1.60667,2.79754
-0.787334,-1.51067,2.91656,-0.876921,-1.45558,2.79743
-0.946015,-1.47435,2.91662,-1.02395,-1.43788,2.8011
-1.12911,-1.43245,2.91672,-1.17764,-1.46337,2.86571
-1.28292,-1.39727,2.91683,-1.31727,-1.43086,2.86627
-1.43917,-1.36155,2.91695,-1.4873,-1.37619,2.86635
-1.60519,-1.32363,2.91716,-1.63731,-1.33888,2.86639
-1.78587,-1.2824,2.91738,-1.78434,-1.29862,2.86648
-1.82962,-1.27514,2.65662,-1.86115,-1.26495,2.72092
-1.83279,-1.27241,2.18902,-1.86411,-1.25974,2.29758
-1.83473,-1.26483,1.59149,-1.86546,-1.26125,1.73587
-1.82588,-1.01198,1.53395,-1.8622,-1.03997,1.52837
-1.81725,-0.776757,1.53434,-1.85536,-0.828687,1.48497
-1.80878,-0.535056,1.53581,-1.85103,-0.637117,1.48481
-1.80511,-0.437825,1.51907,-1.84526,-0.525835,1.46214
-1.79858,-0.332388,1.50305,-1.82521,-0.442019,1.43771
-1.79187,-0.216921,1.52048,-1.81068,-0.296537,1.45969
-1.78416,-0.0728533,1.51649,-1.79432,-0.14739,1.45759
-1.77366,0.104413,1.5109,-1.80785,0.111479,1.46481
-1.77295,0.114959,1.26594,-1.79864,0.148428,1.32204
-1.77149,0.117999,0.955298,-1.83709,0.151817,1.0177
-1.76978,0.119959,0.719928,-1.80485,0.154085,0.753563
-1.76676,0.121882,0.394968,-1.79343,0.162904,0.39427
-1.71976,0.131651,0.200783,-1.8225,0.162342,0.150644
-1.59132,0.165907,0.294699,-1.67372,0.186932,0.305504
-1.53493,0.182255,0.146997,-1.56185,0.226093,0.248925
-1.5324,0.182288,-0.113845,-1.55586,0.226145,6.1832
-1.52977,0.181939,-0.386443,-1.53928,0.214745,5.94841
-1.52668,0.180182,-0.754363,-1.51555,0.314266,5.57544
-1.52452,0.177084,-1.1462,-1.5141,0.306994,5.1491
-1.52373,0.173876,-1.48563,-1.53491,0.305365,4.73642
-1.52392,0.170464,-1.83933,-1.5147,0.303973,4.55533
-1.52484,0.167448,-2.1594,-1.51599,0.301678,4.19411
-1.52717,0.165032,-2.50028,-1.51808,0.299944,3.84675
-1.53031,0.163517,-2.85957,-1.52016,0.298631,3.53087
-1.5337,0.1632,3.07428,-1.52337,0.29893,3.14287
-1.53424,0.163242,-3.1217,-1.52527,0.299198,3.04366
-1.53146,0.163329,-2.70617,-1.52299,0.299634,3.34611
-1.5291,0.163907,-2.31718,-1.52078,0.300719,3.84913
-1.52792,0.165568,-1.95232,-1.52334,0.302596,4.19313
-1.52775,0.16232,-1.60213,-1.54089,0.305283,4.56025
-1.53718,0.0901501,-1.5295,-1.54431,0.238492,4.61714
-1.53721,0.092537,-1.16402,-1.55312,0.242638,4.81531
-1.53773,0.0951649,-0.754691,-1.55524,0.243527,5.42791
-1.53931,0.0963579,-0.407627,-1.55913,0.226898,5.79245
-1.5036,0.0935669,-0.0870159,-1.55934,0.24469,6.09132
-1.35772,0.075083,-0.144422,-1.44737,0.206712,6.05529
-1.24641,0.0583809,-0.151278,-1.264,0.167617,6.04293
-1.13322,0.0407918,-0.155733,-1.18252,0.141242,6.03874
-1.01608,0.0234012,-0.142199,-1.05196,0.112426,6.05199
-0.94627,0.0137107,-0.292935,-0.966529,0.083385,5.97568
-0.943903,0.0130047,-0.546183,-0.961412,0.0896528,5.68546
-0.941731,0.0111836,-0.836887,-0.943932,0.0924948,5.40103
-0.940234,0.00891178,-1.11827,-0.968138,0.0859193,5.15958
-0.938573,0.00337874,-1.31673,-0.966536,0.0819887,4.89591
-0.929594,-0.0178495,-1.27329,-0.964556,0.0580875,5.02403
-0.929213,-0.0202609,-1.5222,-0.964641,0.0558857,4.79442
-0.929276,-0.0220138,-1.7053,-0.965153,0.058277,4.61491
-0.929548,-0.0241336,-1.92298,-0.965845,0.0530072,4.45408
-0.930632,-0.0267418,-2.21047,-0.967153,0.0496545,4.19252
-0.932591,-0.0286923,-2.49128,-0.969657,0.0478734,3.89857
-0.935114,-0.0300427,-2.78525,-0.967085,0.0451723,3.65528
-0.938016,-0.030597,-3.08692,-0.970701,0.0447282,3.34823
-0.940413,-0.0305126,2.96102,-0.978837,0.045419,3.06237
-1.05108,-0.0248156,-3.12229,-1.02463,0.0449785,3.10185
-1.14694,-0.0367485,-2.94805,-1.12364,0.0059188,3.29355
-1.25667,-0.0568859,-2.97235,-1.20176,0.00121837,3.28222
-1.40635,-0.0811875,-2.9853,-1.36045,-0.00216464,3.28436
-1.48514,-0.0949488,-2.79189,-1.43995,-0.0284656,3.32828
-1.48301,-0.0946689,-2.46128,-1.44934,-0.0525601,3.73825
-1.4815,-0.0934653,-2.11887,-1.48629,-0.050716,4.0123
-1.48068,-0.0915076,-1.73431,-1.41839,-0.0348158,4.29968
-1.49105,-0.136902,-2.01103,-1.44825,-0.0835426,4.83419
-1.49056,-0.136798,-1.70105,-1.4333,-0.117019,4.53822
-1.49051,-0.13439,-1.31923,-1.44974,-0.127589,4.87031
-1.4907,-0.132138,-0.982726,-1.4552,-0.125469,5.25318
-1.49162,-0.130204,-0.631084,-1.45685,-0.118048,5.59213
-1.49345,-0.129219,-0.261746,-1.51074,-0.132186,5.92027
-1.41662,-0.131948,0.00967481,-1.48079,-0.118503,6.11138
-1.25738,-0.116657,0.136446,-1.21834,-0.0399659,4.27318
-1.23159,-0.0314482,1.74345,0.607869,1.43498,6.00258
-1.16793,0.0402142,0.307915,0.622134,1.31104,4.89955
-1.02451,0.0120983,-0.434526,-1.09884,-0.0713181,5.42643
-0.910048,-0.00277714,0.0992169,-0.957699,-0.0277028,0.0539872
-0.813439,-0.000714623,-0.0694041,-0.872517,-0.0230944,0.0540367
-0.717036,-0.0238062,-0.355979,-0.772311,-0.0459725,6.04976
-0.612551,-0.06664,-0.407839,-0.654512,-0.0804764,5.92839
-0.525649,-0.102159,-0.421491,-0.569803,-0.115261,5.94076
-0.52345,-0.103409,-0.681809,-0.552068,-0.12221,5.76122
-0.521578,-0.105464,-0.967911,-0.606957,-0.136909,5.44967
-0.520413,-0.107867,-1.2444,-0.605372,-0.139085,5.17293
-0.519967,-0.110235,-1.49086,-0.604698,-0.140929,4.88425
-0.494972,-0.15839,-0.84644,-0.587398,-0.164987,5.26348
-0.493629,-0.160373,-1.10051,-0.571377,-0.183793,5.28026
-0.492838,-0.16268,-1.35196,-0.557935,-0.186498,5.01786
-0.492658,-0.1653,-1.62088,-0.555184,-0.189487,4.76302
-0.49292,-0.167885,-1.8891,-0.553573,-0.194724,4.49285
-0.493647,-0.170222,-2.13664,-0.515831,-0.233234,4.21765
-0.495421,-0.172284,-2.41222,-0.51713,-0.234465,3.96431
-0.497609,-0.173733,-2.68093,-0.520763,-0.235616,3.71189
-0.500595,-0.17461,-3.00017,-0.522728,-0.237598,3.35773
-0.501553,-0.174992,3.01715,-0.528515,-0.234877,3.01964
-0.627488,-0.167805,3.12768,-0.622937,-0.199081,3.14995
-0.751605,-0.170552,-3.0998,-0.753443,-0.213576,3.2207
-0.887263,-0.174894,-3.11601,-0.889388,-0.238826,3.23745
-1.02786,-0.173216,3.10962,-1.02754,-0.239777,3.19131
-1.17102,-0.168203,3.10632,-1.16477,-0.240309,3.18023
-1.31909,-0.164791,3.12563,-1.28439,-0.247151,3.20386
-1.46434,-0.161788,3.11914,-1.42024,-0.250867,3.19929
-1.48237,-0.161205,-2.83999,-1.50156,-0.256395,3.37166
-1.48053,-0.160256,-2.47542,-1.50171,-0.254935,3.77849
-1.47933,-0.15899,-2.15257,-1.46872,-0.21867,4.07955
-1.47861,-0.15737,-1.82379,-1.46835,-0.195178,4.31196
-1.48454,-0.193169,-1.87409,-1.45565,-0.190181,4.52251
-1.48424,-0.192021,-1.53304,-1.45785,-0.206418,4.45253
-1.48423,-0.190081,-1.22736,-1.46236,-0.236899,4.97426
-1.48454,-0.187703,-0.870318,-1.46017,-0.234961,5.259
-1.48566,-0.186265,-0.558173,-1.4607,-0.193864,5.61377
-1.48738,-0.185467,-0.221008,-1.50523,-0.233069,6.01239
-1.39889,-0.192281,-0.0403881,-1.4469,-0.237003,6.20063
-1.27447,-0.196809,-0.0349786,-1.32177,-0.238992,6.21956
-1.15095,-0.202692,-0.0540849,-1.19984,-0.250894,6.23314
-1.02552,-0.211989,-0.0845832,-1.0671,-0.258754,6.20846
-0.906401,-0.222757,-0.0930372,-0.955091,-0.261805,6.19974
-0.811369,-0.231922,-0.0981563,-0.864265,-0.264611,6.20698
-0.717366,-0.242024,-0.113175,-0.882272,-0.287099,6.19675
-0.610562,-0.253512,-0.102343,-0.722011,-0.278213,6.20902
-0.49465,-0.266677,-0.119421,-0.651626,-0.286816,6.19533
-0.390914,-0.279396,-0.123269,-0.54759,-0.289981,6.19274
-0.286233,-0.292933,-0.131792,-0.42015,-0.29733,6.18361
-0.168526,-0.309125,-0.138813,-0.308378,-0.301462,6.1733
-0.0636254,-0.324464,-0.148546,-0.197414,-0.319184,6.169
0.0401349,-0.339937,-0.146691,-0.0835758,-0.316853,6.17523
0.12695,-0.354825,-0.187711,0.00911601,-0.352733,6.13676
0.181437,-0.363432,-0.255496,0.0745649,-0.449504,6.14657
0.184027,-0.364387,-0.512602,0.0777672,-0.450561,5.94472
0.186327,-0.36605,-0.770892,0.0799248,-0.45236,5.65983
0.188198,-0.36838,-1.04303,0.0821496,-0.455638,5.34883
0.189113,-0.370336,-1.24,0.0838001,-0.457129,5.04403
0.189523,-0.371837,-1.38145,0.0840888,-0.45889,4.87959
0.189731,-0.373844,-1.56321,0.0839393,-0.462209,4.73638
0.189617,-0.375728,-1.74924,0.0842206,-0.46316,4.53639
0.189245,-0.377463,-1.91609,0.0833922,-0.464981,4.34728
0.188393,-0.379336,-2.10519,0.0823684,-0.46729,4.195
0.187162,-0.381077,-2.29767,0.0808295,-0.473356,3.97469
0.185674,-0.382504,-2.48352,0.079499,-0.473765,3.80952
0.184263,-0.383452,-2.63718,0.0776493,-0.477312,3.6561
0.182591,-0.384217,-2.80375,0.0830765,-0.411772,3.38352
0.180511,-0.38474,-2.99816,0.0816387,-0.411601,3.20122
0.178425,-0.384953,-3.06917,0.0798636,-0.408132,3.03454
0.127291,-0.391673,-2.97816,0.0514667,-0.407723,3.14757
0.0711018,-0.401752,-2.95292,0.00434453,-0.404725,3.1564
0.00726811,-0.414704,-2.93193,-0.0234293,-0.415455,3.25743
-0.055112,-0.426522,-2.97768,-0.0914629,-0.430139,3.23791
-0.117094,-0.435064,-3.02512,-0.137628,-0.440367,3.19642
-0.179151,-0.441519,-3.0473,-0.191199,-0.449345,3.22518
-0.249611,-0.446184,-3.09596,-0.249006,-0.45653,3.1783
-0.316947,-0.448576,-3.11313,-0.309262,-0.462649,3.16391
-0.452502,-0.451426,-3.12448,-0.42232,-0.471215,3.16099
-0.601155,-0.452628,-3.13784,-0.604924,-0.468405,3.14432
-0.782816,-0.453905,-3.13267,-0.763042,-0.463885,3.15039
-0.935344,-0.45594,-3.12593,-0.926185,-0.468889,3.15955
-1.07791,-0.457678,-3.1313,-1.064,-0.471202,3.1601
-1.19942,-0.458423,-3.13787,-1.19885,-0.500004,3.17769
-1.33735,-0.450571,3.05177,-1.31359,-0.4971,3.09141
-1.46281,-0.438676,3.0597,-1.43309,-0.48401,3.07216
-1.46069,-0.438699,-2.89785,-1.48127,-0.495408,3.27919
-1.45831,-0.438514,-2.52889,-1.48502,-0.500649,3.64705
-1.45677,-0.437752,-2.23634,-1.46944,-0.496536,3.95727
-1.45605,-0.4367,-2.00798,-1.46885,-0.491265,4.19161
-1.45558,-0.43544,-1.7649,-1.43856,-0.495283,4.45451
-1.45934,-0.447471,-1.81249,-1.47128,-0.491755,4.38442
-1.45918,-0.444656,-1.35122,-1.45709,-0.507216,4.72184
-1.45941,-0.44196,-0.947896,-1.45915,-0.504237,5.29313
-1.46031,-0.440251,-0.628391,-1.47575,-0.411905,5.57839
-1.46149,-0.439519,-0.382997,-1.47726,-0.411288,5.82351
-1.46291,-0.439107,-0.120305,-1.4788,-0.411044,6.11498
-1.35477,-0.446816,-0.0475246,-1.41981,-0.415411,6.17367
-1.24649,-0.451296,-0.0378572,-1.30345,-0.427246,6.17496
-1.12813,-0.4552,-0.0300133,-1.18398,-0.441375,6.17134
-1.0198,-0.457645,-0.0177061,-1.09952,-0.449838,6.19832
-0.933397,-0.459715,-0.0289762,-1.0252,-0.446655,6.21267
-0.836885,-0.464296,-0.0598413,-0.849503,-0.433011,6.22413
-0.755478,-0.471883,-0.11894,-0.744771,-0.44146,6.18087
-0.673658,-0.483215,-0.150661,-0.662622,-0.452968,6.14152
-0.600181,-0.494322,-0.149336,-0.576263,-0.465487,6.13605
-0.520733,-0.506015,-0.143396,-0.491723,-0.477769,6.14067
-0.444197,-0.516936,-0.140224,-0.424697,-0.490258,6.14169
-0.36763,-0.527509,-0.13461,-0.351057,-0.498721,6.14715
-0.29,-0.538035,-0.134973,-0.271365,-0.507413,6.14886
-0.21535,-0.548393,-0.140119,-0.223265,-0.514004,6.15026
-0.133793,-0.560231,-0.147141,-0.172739,-0.52146,6.14002
-0.0622598,-0.570798,-0.145887,-0.0761725,-0.534697,6.13372
-0.0016542,-0.579555,-0.141192,-0.0114372,-0.54438,6.13748
0.0589944,-0.588069,-0.137876,0.0562131,-0.55596,6.14194
0.0689843,-0.589054,-0.277199,0.0814884,-0.560851,6.05979
0.0709206,-0.589464,-0.478118,0.0827857,-0.561146,5.90491
0.072215,-0.590254,-0.63333,0.0856486,-0.562185,5.74315
0.073645,-0.591556,-0.831445,0.0866848,-0.566307,5.49901
0.0745226,-0.592695,-0.979576,0.0877108,-0.567746,5.31571
0.0752566,-0.594041,-1.13796,0.0883972,-0.569037,5.20944
0.0758257,-0.595727,-1.3215,0.0891364,-0.570665,5.04227
0.076197,-0.598089,-1.47711,0.0863824,-0.572419,4.80699
0.0762021,-0.599582,-1.63057,0.0893899,-0.574962,4.70117
0.0760642,-0.601189,-1.79885,0.0890501,-0.576118,4.52614
0.075744,-0.603082,-1.99191,0.0848904,-0.577376,4.30138
0.0750407,-0.604659,-2.16694,0.0876565,-0.578331,4.16125
0.0742075,-0.60571,-2.3022,0.0830474,-0.578891,3.96675
0.0732999,-0.606588,-2.43007,0.0804302,-0.579568,3.8495
0.0722511,-0.607359,-2.56311,0.0811981,-0.580421,3.74204
0.070795,-0.608123,-2.7315,0.0800616,-0.580517,3.56375
0.0693503,-0.608594,-2.88738,0.0812592,-0.581833,3.43217
0.0680588,-0.608819,-3.02061,0.0721188,-0.580924,3.37377
0.0664136,-0.608854,3.09422,0.0720716,-0.580622,3.24067
0.0654055,-0.608795,2.98836,0.0696502,-0.580109,3.08823
0.0226454,-0.602987,3.03774,0.0501078,-0.578425,3.0735
-0.0292352,-0.599483,3.1137,-0.00309307,-0.576395,3.11532
-0.080003,-0.599666,-3.10884,-0.0536622,-0.581069,3.18906
-0.132073,-0.601797,-3.09443,-0.101232,-0.583876,3.22731
-0.191323,-0.604321,-3.1045,-0.157644,-0.586842,3.22444
-0.246583,-0.606086,-3.11409,-0.218323,-0.591028,3.20891
-0.294757,-0.607414,-3.1136,-0.271416,-0.591629,3.2039
-0.353931,-0.609238,-3.10809,-0.326084,-0.59389,3.20804
-0.428148,-0.61191,-3.10368,-0.406806,-0.599797,3.21277
-0.501373,-0.614716,-3.10307,-0.479755,-0.601996,3.21388
-0.574585,-0.617598,-3.10155,-0.550223,-0.606418,3.21439
-0.646785,-0.62056,-3.09982,-0.63627,-0.611464,3.21645
-0.724997,-0.623889,-3.09855,-0.696131,-0.611163,3.19026
-0.812026,-0.628994,-3.07166,-0.778165,-0.617555,3.21374
-0.913062,-0.636661,-3.06226,-0.858751,-0.626024,3.22923
-1.02521,-0.645135,-3.06915,-0.981259,-0.637554,3.23439
-1.12848,-0.651728,-3.08342,-1.06422,-0.643261,3.22199
-1.24274,-0.658239,-3.08539,-1.1872,-0.663665,3.22786
-1.35128,-0.662481,-3.11402,-1.3174,-0.655747,3.20055
-1.4553,-0.667807,-3.0733,-1.38998,-0.664946,3.2379
-1.50666,-0.671258,-2.94295,-1.47593,-0.681503,3.28851
-1.50489,-0.671149,-2.6719,-1.47511,-0.68034,3.53186
-1.50341,-0.670905,-2.44128,-1.48013,-0.678943,3.78691
-1.50244,-0.670262,-2.23787,-1.50983,-0.670907,3.96085
-1.50185,-0.669443,-2.05675,-1.50988,-0.669978,4.13712
-1.50133,-0.668271,-1.82593,-1.50979,-0.67519,4.3781
-1.50116,-0.667346,-1.63313,-1.50986,-0.646465,4.58768
-1.50113,-0.665965,-1.41994,-1.54991,-0.644425,4.76939
-1.50117,-0.664688,-1.22698,-1.62864,-0.63594,5.01715
-1.5013,-0.663277,-1.01665,-1.62922,-0.634369,5.18961
-1.50155,-0.661983,-0.818652,-1.6304,-0.600801,5.35816
-1.5023,-0.661084,-0.620474,-1.69884,-0.502371,5.50484
-1.50334,-0.660431,-0.404756,-1.6996,-0.50201,5.80993
-1.5044,-0.660048,-0.204018,-1.63358,-0.631317,5.99605
-1.46584,-0.663072,-0.0466058,-1.69556,-0.502655,6.17926
-1.38447,-0.667914,-0.073966,-1.59676,-0.521972,6.1907
-1.31419,-0.674727,-0.113685,-1.50288,-0.642174,6.16118
-1.23341,-0.682886,-0.0881537,-1.44422,-0.543058,6.16058
-1.15731,-0.690339,-0.104841,-1.30826,-0.660254,6.14969
-1.07849,-0.697189,-0.0704188,-1.22851,-0.665942,6.17414
-0.974358,-0.703166,-0.0487644,-1.14335,-0.669686,6.2039
-0.849951,-0.709851,-0.0563507,-1.00353,-0.676174,6.21449
-0.761629,-0.715724,-0.0746821,-0.919099,-0.680601,6.20196
-0.654424,-0.724587,-0.0869714,-0.827022,-0.687052,6.18717
-0.500321,-0.738186,-0.0880384,-0.651914,-0.69852,6.18456
-0.373249,-0.749798,-0.0925312,-0.517717,-0.709416,6.18225
-0.212242,-0.765434,-0.0985043,-0.315866,-0.732109,6.16064
-0.0792948,-0.777298,-0.0831144,-0.208786,-0.771017,6.17792
-0.0143999,-0.781232,-0.0409958,-0.155334,-0.774259,6.21015
0.0366768,-0.782862,-0.0236428,-0.0835369,-0.777233,6.21733
0.0888093,-0.783778,-0.0121984,-0.0238333,-0.777998,6.22482
0.146028,-0.78443,-0.0117473,0.02797,-0.773035,6.18453
0.183108,-0.784836,-0.0833997,0.0763195,-0.756048,6.18857
0.184633,-0.784963,-0.243747,0.040359,-0.781033,6.03927
0.18643,-0.785278,-0.42887,0.0739482,-0.75648,5.88721
0.18782,-0.785919,-0.586408,0.113509,-0.803851,5.67222
0.188904,-0.786764,-0.726713,0.114299,-0.804606,5.54637
0.190067,-0.788017,-0.902347,0.123696,-0.805993,5.38967
0.190939,-0.789365,-1.06818,0.1242,-0.806493,5.1862
0.191675,-0.791167,-1.26934,0.124969,-0.807238,5.01251
0.192004,-0.792758,-1.43528,0.127675,-0.808639,4.8587
0.192071,-0.794091,-1.56851,0.127706,-0.809685,4.73485
0.191961,-0.795863,-1.75658,0.127866,-0.811776,4.5233
0.191719,-0.797577,-1.93184,0.127722,-0.765856,4.30397
0.191376,-0.798961,-2.07432,0.222594,-0.766832,4.20611
0.190391,-0.800418,-2.25196,0.223627,-0.767782,4.08003
0.189045,-0.801766,-2.44499,0.222163,-0.769423,3.94453
0.187858,-0.8026,-2.59315,0.221369,-0.770203,3.75182
0.186744,-0.803168,-2.72133,0.220295,-0.770698,3.65322
0.185566,-0.803585,-2.84955,0.21929,-0.771348,3.47995
0.184434,-0.803836,-2.96768,0.218248,-0.771442,3.36302
0.182921,-0.803957,-3.12105,0.218089,-0.771052,3.19129
0.179627,-0.803702,3.07942,0.214855,-0.770687,3.0449
0.126827,-0.801956,-3.13139,0.191844,-0.770044,3.07806
0.0605771,-0.805951,-3.03961,1.8448,-0.0633964,3.20707
0.00623279,-0.814799,-2.92899,1.78291,-0.0752979,3.31127
-0.0451827,-0.827275,-2.88329,1.73109,-0.0857981,3.37336
-0.106236,-0.843635,-2.8782,1.67287,-0.0991538,3.38676
-0.177072,-0.862514,-2.88428,1.60451,-0.129152,3.41193
-0.227857,-0.87522,-2.90738,1.53935,-0.149499,3.44891
-0.293072,-0.888774,-2.96067,1.49347,-0.164653,3.41548
-0.417372,-0.907893,-3.00383,1.37255,-0.187232,3.34339
-0.473872,-0.916235,-2.9857,1.26585,-0.211337,3.14221
-0.53241,-0.931053,-2.82503,-0.620456,-0.948939,2.94249
-0.577423,-0.948465,-2.7323,-0.674026,-0.945697,3.03666
-0.615555,-0.965886,-2.69755,-0.71819,-0.941198,3.08753
-0.658915,-0.986805,-2.68915,-0.767159,-0.940313,3.11591
-0.697898,-1.00551,-2.70082,-0.816044,-0.93673,3.10764
-0.741601,-1.02593,-2.7087,-0.866506,-0.934743,3.09579
-0.802691,-1.05411,-2.70955,-0.911891,-0.932023,3.09234
-0.866458,-1.08362,-2.70668,-0.984809,-0.928489,3.09446
-0.940171,-1.11796,-2.70478,-1.0781,-0.924659,3.09751
-1.0239,-1.157,-2.70586,-1.16636,-0.9206,3.09582
-1.08396,-1.18498,-2.70538,-1.24514,-0.916591,3.09578
-1.13672,-1.20961,-2.70407,-1.31013,-0.913813,3.09678
-1.1931,-1.23601,-2.70321,-1.39084,-0.909032,3.09259
-1.23576,-1.25601,-2.59106,-1.44712,-0.889946,3.13704
-1.23373,-1.25507,-2.20906,-1.43257,-0.911808,3.47994
-1.23277,-1.25335,-1.85415,-1.4254,-0.91076,3.91439
-1.23251,-1.25163,-1.55416,-1.41745,-0.910213,4.30249
-1.23126,-1.26672,-1.62118,-1.41737,-0.908701,4.61856
-1.25555,-1.31539,-2.25665,-1.48175,-0.939506,3.62682
-1.2548,-1.31426,-2.01599,-1.48062,-0.938494,3.92033
-1.2544,-1.31321,-1.81239,-1.48047,-0.932335,4.11694
-1.25427,-1.31198,-1.59146,-1.47892,-0.946088,4.36905
-1.25426,-1.31082,-1.40769,-1.4798,-0.945675,4.62067
-1.25425,-1.30964,-1.22105,-1.47992,-0.94477,4.82195
-1.25437,-1.3083,-1.02222,-1.46196,-0.944019,5.01159
-1.25466,-1.30691,-0.806636,-1.44719,-0.94494,5.26255
-1.25552,-1.30597,-0.591002,-1.44813,-0.944189,5.53225
-1.2566,-1.30535,-0.370361,-1.51766,-0.924255,5.66565
-1.25762,-1.30501,-0.179559,-1.55827,-0.923734,5.81939
-1.25904,-1.30491,0.0558729,-1.52071,-0.923419,6.04435
-1.19018,-1.29618,0.161223,-1.48174,-0.92522,0.0671446
-1.13213,-1.28887,0.0929882,-1.4432,-0.933386,6.199
-1.0698,-1.28279,0.110977,-1.37413,-0.941213,6.19542
-1.01227,-1.27531,0.146226,-1.3052,-0.943643,2.47392
-1.00826,-1.27392,-0.648596,-1.29282,-0.959605,5.76708
-0.971684,-1.30447,-0.598425,-1.25923,-1.0178,5.44556
-0.922168,-1.3209,-0.063779,-1.20761,-1.01708,5.88451
-0.857786,-1.31212,0.262651,-1.15498,-1.02007,6.08523
-0.813123,-1.29407,0.451042,-1.08348,-1.00801,0.219944
-0.742964,-1.26445,0.335123,-1.07777,-0.975055,0.211294
-0.688282,-1.24978,0.19192,-0.981788,-0.970559,0.126645
-0.628946,-1.2419,0.0853661,-0.927132,-0.977058,6.15923
-0.576515,-1.23653,0.131548,-0.854137,-0.982175,6.12524
-0.520151,-1.22594,0.228316,-0.781473,-0.984898,0.111357
-0.468757,-1.21555,0.16416,-0.721477,-0.988259,0.0986969
-0.410443,-1.20855,0.0837178,-0.685318,-0.986907,6.16751
-0.350064,-1.20174,0.143147,-0.584232,-0.966803,0.104926
-0.276544,-1.19507,0.0441608,-0.496239,-1.01276,6.19131
-0.198093,-1.18919,0.108838,-0.428929,-1.01806,6.22403
-0.133822,-1.18024,0.162841,-0.351911,-1.01825,6.21293
-0.0643872,-1.16631,0.226908,-0.272989,-1.01626,0.0528261
0.0162759,-1.149,0.197651,-0.204192,-1.01294,0.0448673
0.0914821,-1.13515,0.170132,-0.126695,-1.01224,0.0239894
0.184654,-1.11982,0.158064,-0.0780332,-1.01612,2.65876
0.187994,-1.12565,-1.10244,-0.0577078,-1.03409,5.57368
0.22245,-1.17974,-0.802785,-0.0457916,-1.08539,5.11925
0.274893,-1.19153,0.170978,0.0230972,-1.0894,5.98225
0.370055,-1.13593,0.703011,0.133687,-1.03723,0.537904
0.446377,-1.0846,0.453495,0.259649,-1.00131,0.348584
0.457024,-1.08079,0.186747,0.294484,-0.996598,0.140359
0.459682,-1.08068,-0.0869604,0.297065,-0.996787,6.11167
0.462921,-1.08112,-0.422283,0.332586,-0.989863,5.80609
0.464942,-1.08218,-0.65749,0.335252,-0.991468,5.54248
0.466306,-1.08348,-0.850595,0.315144,-0.992532,5.38678
0.467396,-1.08503,-1.04654,0.337108,-0.99428,5.18709
0.467967,-1.08624,-1.18478,0.343257,-0.995192,5.00638
0.468331,-1.08739,-1.29444,0.343431,-0.997753,4.90079
0.468574,-1.08862,-1.42263,0.33632,-1.00107,4.82122
0.468658,-1.09015,-1.57585,0.335811,-1.00234,4.6732
0.468533,-1.09199,-1.77126,0.312341,-1.0067,4.50578
0.46811,-1.09449,-2.02619,0.314086,-1.00853,4.27663
0.467302,-1.09598,-2.19871,0.313186,-1.0102,4.07578
0.465974,-1.09746,-2.39913,0.291596,-1.01662,3.96011
0.464535,-1.09853,-2.5824,0.289624,-1.01903,3.76945
0.462136,-1.09958,-2.85127,0.304727,-1.02121,3.58482
0.460685,-1.09987,-3.00214,0.303772,-1.02149,3.26352
0.459437,-1.09994,-3.12782,0.302046,-1.02168,3.14706
0.459399,-1.09994,-3.08539,0.300568,-1.02125,3.08239
0.432959,-1.10203,-3.05256,0.275471,-1.02175,3.16158
0.373214,-1.10827,-3.02812,0.228357,-1.02447,3.19676
0.321314,-1.11408,-3.03322,0.176984,-1.02593,3.18791
0.253457,-1.12142,-3.03387,0.124589,-1.0249,3.18624
0.185624,-1.12885,-3.03153,0.0824469,-1.00488,3.14856
0.0904597,-1.14207,-2.98509,-0.00580548,-1.03062,3.24549
0.0545253,-1.1473,-3.01055,-0.0592468,-1.03276,3.23794
-0.000567825,-1.15355,-3.04357,-0.095712,-1.03261,3.20975
-0.0406254,-1.15724,-3.05436,-0.146082,-1.03159,3.17679
-0.083569,-1.16112,-3.04656,-0.186636,-1.03081,3.18099
-0.121479,-1.16489,-3.0385,-0.222385,-1.03049,3.20749
-0.180433,-1.17084,-3.04412,-0.269501,-1.03022,3.20747
-0.275411,-1.17974,-3.05097,-0.345594,-1.02933,3.20071
-0.344366,-1.18607,-3.04907,-0.399803,-1.03159,3.21062
-0.403363,-1.19144,-3.05274,-0.370125,-1.0182,3.25532
-0.500776,-1.19791,-3.08932,-0.548865,-1.03831,3.17983
-0.617814,-1.20575,-3.06504,-0.647606,-1.026,3.20676
-0.699737,-1.21271,-3.04966,-0.755879,-1.06683,3.20204
-0.777776,-1.2196,-3.05759,-0.821288,-1.10163,3.20333
-0.865278,-1.22462,-3.10149,-0.90145,-1.10539,3.17764
-0.946741,-1.22668,-3.12602,-0.997497,-1.10533,3.14559
-1.01398,-1.22776,-3.12405,-1.0523,-1.10599,3.14447
-1.08522,-1.22917,-3.12001,-1.13101,-1.10536,3.1487
-1.16247,-1.23095,-3.11732,-1.19558,-1.06,3.15174
-1.2379,-1.23625,-3.03419,-1.27235,-1.06383,3.21127
-1.31121,-1.24619,-2.98572,-1.35089,-1.12972,3.28029
-1.39406,-1.25163,3.12856,-1.45452,-1.07359,3.13777
-1.40234,-1.2515,-3.00539,-1.46459,-1.06751,3.19625
-1.40082,-1.25146,-2.77292,-1.48423,-1.07509,3.41348
-1.39949,-1.25132,-2.56998,-1.50442,-1.06604,3.5943
-1.39798,-1.25082,-2.30978,-1.48161,-1.07335,3.89016
-1.39719,-1.24985,-2.0864,-1.50159,-1.06434,4.09049
-1.39661,-1.24861,-1.84068,-1.50265,-1.06307,4.32687
-1.39637,-1.24688,-1.5407,-1.51194,-1.0473,4.5469
-1.39639,-1.24495,-1.24857,-1.5025,-1.05913,4.8435
-1.39655,-1.2433,-1.00118,-1.51272,-1.06606,5.15614
-1.39697,-1.24176,-0.756171,-1.51408,-1.057,5.3617
-1.39791,-1.24094,-0.540519,-1.51552,-1.05706,5.50442
-1.39881,-1.24045,-0.3595,-1.51997,-1.05588,5.72947
-1.39978,-1.24014,-0.178626,-1.5217,-1.05571,6.06273
-1.34309,-1.24568,-0.0592546,-1.49171,-1.05896,6.15327
-1.2701,-1.24831,-0.0183997,-1.40698,-1.06491,6.18343
-1.18787,-1.249,-0.00194457,-1.32842,-1.06974,6.20009
-1.10757,-1.24918,-0.00346942,-1.2456,-1.07167,6.2016
-1.03126,-1.24958,-0.00755155,-1.17713,-1.07205,6.19537
-0.950924,-1.25031,-0.0103291,-1.07717,-1.07658,6.18923
-0.878642,-1.251,-0.00927318,-1.03492,-1.08051,6.18941
-0.820417,-1.2515,-0.0081671,-0.962003,-1.07807,6.19918
-0.752098,-1.25234,-0.0170806,-0.907493,-1.08051,6.20054
-0.659657,-1.25469,-0.0312048,-0.827101,-1.14527,6.14458
-0.587679,-1.25509,0.02202,-0.707154,-1.15553,6.18752
-0.51467,-1.25202,0.0567949,-0.610312,-1.16136,6.23751
-0.437498,-1.24763,0.055135,-0.54372,-1.16317,6.24188
-0.358247,-1.24361,0.0466203,-0.453168,-1.16511,6.235
-0.273967,-1.23999,0.0402952,-0.370084,-1.16797,6.22656
-0.204756,-1.23723,0.0394776,-0.296714,-1.16906,6.22525
-0.127504,-1.2343,0.0366163,-0.267039,-1.17784,6.2283
-0.0502783,-1.23139,0.0385265,-0.211982,-1.18571,6.22886
0.0309111,-1.22795,0.0457433,-0.15694,-1.17941,6.23831
0.132298,-1.22403,0.0334034,-0.0414996,-1.18587,6.23045
0.226651,-1.2212,0.0275925,0.0468056,-1.19279,6.22293
0.331976,-1.21801,0.0320001,0.144186,-1.21044,6.22545
0.436983,-1.21217,0.0713503,0.252673,-1.20026,6.24823
0.458147,-1.21105,-0.132587,0.296213,-1.22721,6.12273
0.460573,-1.21137,-0.382983,0.297832,-1.23495,5.87179
0.462842,-1.21241,-0.64066,0.295398,-1.23639,5.65026
0.464466,-1.21397,-0.871441,0.298041,-1.23748,5.40625
0.465603,-1.2157,-1.08499,0.284524,-1.23936,5.15704
0.466391,-1.21782,-1.31882,0.279547,-1.24175,4.9078
0.466663,-1.22013,-1.55516,0.27593,-1.24314,4.65768
0.466523,-1.22228,-1.78086,0.260933,-1.24684,4.45195
0.46633,-1.22363,-1.91856,0.26044,-1.24851,4.32689
0.466019,-1.22503,-2.06105,0.27533,-1.24958,4.2168
0.465053,-1.22652,-2.24116,0.280582,-1.25032,4.01207
0.46411,-1.22754,-2.38152,0.279798,-1.2512,3.88692
0.462998,-1.22844,-2.52703,0.294222,-1.24593,3.72821
0.461945,-1.22907,-2.65267,0.308492,-1.22126,3.63729
0.460753,-1.22959,-2.78588,0.292099,-1.22198,3.51761
0.4595,-1.22994,-2.91909,0.356635,-1.21716,3.36623
0.458149,-1.23012,-3.05738,0.355564,-1.21714,3.2131
0.455286,-1.23017,-3.11299,0.360687,-1.20245,3.06476
0.392548,-1.23377,-3.05111,0.323909,-1.20288,3.13006
0.32512,-1.24189,-2.99846,0.249002,-1.20751,3.18663
0.210128,-1.2596,-2.98393,0.148061,-1.21116,3.2089
0.109937,-1.27523,-2.98916,0.049044,-1.21786,3.20744
0.02556,-1.288,-2.99328,-0.057209,-1.22996,3.21113
-0.0629276,-1.30069,-3.0037,-0.128827,-1.23301,3.20217
-0.156411,-1.31353,-3.00619,-0.238572,-1.23932,3.19633
-0.277691,-1.33028,-3.00345,-0.332082,-1.24505,3.19667
-0.365141,-1.34256,-3.00118,-0.453515,-1.25282,3.1987
-0.473462,-1.35789,-3.00109,-0.571575,-1.26091,3.2017
-0.557974,-1.36969,-3.00433,-0.662419,-1.26493,3.19944
-0.668345,-1.3849,-3.00504,-0.747658,-1.28245,3.19852
-0.746034,-1.3951,-3.01576,-0.843341,-1.2829,3.19142
-0.842645,-1.40722,-3.01754,-0.970242,-1.28434,3.18409
-0.923208,-1.41772,-3.00744,-1.0547,-1.28565,3.18923
-1.02449,-1.43216,-2.99512,-1.11627,-1.28869,3.20585
-1.11884,-1.44602,-2.99658,-1.17147,-1.29192,3.20578
-1.25791,-1.46621,-2.99814,-1.30474,-1.29953,3.20376
-1.35621,-1.4806,-2.99495,-1.41272,-1.30914,3.20741
-1.38462,-1.48436,-2.83427,-1.48641,-1.31794,3.24531
-1.38309,-1.48426,-2.60039,-1.47656,-1.31608,3.49828
-1.38109,-1.48342,-2.23594,-1.47543,-1.31491,3.85977
-1.38018,-1.48196,-1.92565,-1.47385,-1.31309,4.24769
-1.3798,-1.48037,-1.63306,-1.48742,-1.3115,4.57999
-1.37978,-1.4786,-1.36052,-1.51589,-1.30954,4.84351
-1.37989,-1.47668,-1.07354,-1.53371,-1.30622,5.07197
-1.38016,-1.47512,-0.838384,-1.53435,-1.30237,5.31018
-1.38094,-1.4741,-0.620428,-1.53572,-1.30488,5.49431
-1.38191,-1.47347,-0.417099,-1.66412,-1.30278,5.6721
-1.38271,-1.47315,-0.263469,-1.66636,-1.29948,5.86592
-1.38389,-1.47294,-0.0503446,-1.80994,-1.29362,6.06936
-1.31328,-1.47,0.0796212,-1.78745,-1.2956,6.20281
-1.19557,-1.45847,0.106729,-1.47843,-1.30121,6.07353
-1.09289,-1.43982,0.229473,-1.52952,-1.28863,0.0898935
-1.01437,-1.42625,0.121573,-1.45367,-1.28598,0.049505
-0.895506,-1.42044,0.0108918,-1.3291,-1.29685,6.18523
-0.82537,-1.41894,0.031732,-1.2455,-1.30409,6.18795
-0.764321,-1.41627,0.0535422,-1.18728,-1.31193,6.20687
-0.693248,-1.41201,0.0648671,-1.1562,-1.31561,6.21797
-0.642188,-1.40862,0.0676526,-1.06903,-1.34627,6.16671
-0.588447,-1.40388,0.108825,-1.01097,-1.35091,6.19443
-0.528866,-1.39639,0.138715,-0.972455,-1.3532,6.23156
-0.456375,-1.38598,0.144786,-0.874611,-1.35511,6.24694
-0.379805,-1.37515,0.136727,-0.809193,-1.3589,6.25214
-0.299113,-1.36461,0.124521,-0.735768,-1.36277,6.24024
-0.235349,-1.35672,0.122058,-0.64507,-1.36635,6.23806
-0.141688,-1.34529,0.120704,-0.566902,-1.36914,6.23683
-0.0579833,-1.33517,0.119997,-0.47954,-1.37415,6.23627
0.0486323,-1.32228,0.120372,-0.377924,-1.37826,6.23642
0.145287,-1.31059,0.120227,-0.256645,-1.3834,6.23604
0.252908,-1.29759,0.119906,-0.120687,-1.39063,6.23572
0.36749,-1.28371,0.120802,0.0207817,-1.39524,6.23598
0.467147,-1.2717,0.11918,0.145336,-1.40134,6.23572
0.564825,-1.26007,0.117879,0.241548,-1.40566,6.23482
0.646567,-1.25043,0.116908,0.31239,-1.4093,6.23436
0.726316,-1.24107,0.116716,0.402077,-1.41462,6.23405
0.809686,-1.23146,0.0401156,0.489612,-1.41824,6.23493
0.811544,-1.23154,-0.151336,0.492092,-1.4188,6.02719
0.81369,-1.23201,-0.376239,0.499134,-1.42036,5.8281
0.815417,-1.23266,-0.565926,0.500389,-1.42105,5.60845
0.816906,-1.23381,-0.758815,0.496848,-1.42207,5.44534
0.818879,-1.23645,-1.10292,0.498474,-1.42337,5.14041
0.819953,-1.23968,-1.29739,0.503411,-1.42602,4.84543
0.820329,-1.2423,-1.55585,0.518892,-1.42954,4.63278
0.820147,-1.24486,-1.824,0.518131,-1.43231,4.39222
0.819735,-1.24704,-2.04647,0.516734,-1.43455,4.18715
0.818321,-1.24915,-2.30418,0.514387,-1.43631,3.8602
0.817026,-1.25034,-2.48231,0.513299,-1.43763,3.63568
0.815615,-1.25123,-2.65309,0.547527,-1.43937,3.41268
0.813361,-1.25205,-2.89943,0.545129,-1.44002,3.18815
0.812635,-1.25216,-2.95396,0.543684,-1.44032,3.11712
0.726268,-1.2725,-2.8963,0.477483,-1.44399,3.185
0.621098,-1.29882,-2.89733,0.357645,-1.44903,3.19139
0.540148,-1.31867,-2.90425,0.284763,-1.45252,3.18548
0.470845,-1.33534,-2.90659,0.222149,-1.45402,3.18122
0.386918,-1.35551,-2.90521,0.139971,-1.45601,3.18055
0.323517,-1.37086,-2.90293,0.0638188,-1.4575,3.17952
0.25628,-1.38738,-2.89891,-0.0520889,-1.45663,3.17043
0.178557,-1.40728,-2.88494,-0.123566,-1.45253,3.17147
0.109871,-1.42596,-2.86875,-0.208065,-1.45597,3.19327
0.0431908,-1.44468,-2.86757,-0.276573,-1.46778,3.19704
-0.02164,-1.46268,-2.87366,-0.341607,-1.46248,3.18912
-0.0990055,-1.48412,-2.86934,-0.427946,-1.46344,3.1836
-0.174225,-1.50563,-2.85796,-0.502921,-1.46789,3.19796
-0.264804,-1.53207,-2.85781,-0.579962,-1.47416,3.203
-0.352611,-1.55736,-2.86379,-0.646415,-1.49225,3.20147
-0.428159,-1.57825,-2.87911,-0.754979,-1.49674,3.18825
-0.526205,-1.60419,-2.88581,-0.802515,-1.49999,3.18245
-0.636967,-1.63297,-2.88843,-0.915853,-1.52213,3.18938
-0.726891,-1.65475,-2.91637,-0.995749,-1.5267,3.16756
-0.818162,-1.67478,-2.93196,-1.10123,-1.52809,3.15728
-0.911547,-1.69426,-2.93913,-1.22491,-1.53958,3.15188
-1.00239,-1.71168,-2.96261,-1.30346,-1.54848,3.13928
-1.09389,-1.72605,-3.00305,-1.37,-1.57057,3.11639
-1.16928,-1.73287,-3.05631,-1.4119,-1.56663,3.02648
-1.16798,-1.73285,-2.8577,-1.42199,-1.56774,3.18533
-1.16679,-1.73277,-2.67664,-1.42967,-1.5675,3.35721
-1.16476,-1.73233,-2.34958,-1.46869,-1.56831,3.58859
-1.1639,-1.73137,-2.12124,-1.46696,-1.5673,3.87387
-1.16325,-1.73008,-1.86064,-1.46627,-1.57422,4.09798
-1.16299,-1.72867,-1.60522,-1.4835,-1.56507,4.42599
-1.16297,-1.72743,-1.41691,-1.48355,-1.57095,4.7157
-1.16303,-1.72576,-1.16705,-1.48383,-1.57039,4.92775
-1.16337,-1.72355,-0.832902,-1.48484,-1.56905,5.22558
-1.16453,-1.72228,-0.538083,-1.49625,-1.57264,5.48331
-1.16653,-1.72147,-0.151457,-1.5024,-1.57426,5.84597
-1.16808,-1.72139,0.0988874,-1.57958,-1.57464,6.14973
-1.08199,-1.70736,0.187661,-1.52351,-1.5717,0.0831496
-0.993213,-1.69527,0.0995073,-1.36233,-1.56635,0.106937
-0.900153,-1.69332,-0.0253005,-1.30375,-1.5848,6.13348
-0.781607,-1.68949,0.0733369,-1.19289,-1.59467,6.17892
-0.678392,-1.67738,0.1438,-1.00217,-1.5989,6.2262
-0.596276,-1.66419,0.170252,-0.884978,-1.60216,6.23386
-0.519362,-1.6501,0.190189,-0.836825,-1.60234,6.24496
-0.446567,-1.63561,0.201289,-0.772772,-1.62691,6.24899
-0.374041,-1.62,0.220835,-0.75431,-1.6272,0.0907849
-0.27979,-1.60306,0.145721,-0.666613,-1.6315,6.21522
-0.186104,-1.58698,0.191744,-0.592029,-1.6309,6.22198
-0.0640901,-1.55906,0.243206,-0.48728,-1.61645,0.0790637
0.0646995,-1.53498,0.152222,-0.339759,-1.61683,6.20305
0.204412,-1.50891,0.203235,-0.197973,-1.58511,0.11047
0.341141,-1.49595,0.0370004,-0.0592319,-1.60665,6.14907
0.438662,-1.48867,0.105504,0.0587699,-1.62626,6.16058
0.539906,-1.47199,0.201463,0.141458,-1.63819,0.149765
0.621937,-1.46028,0.0886777,0.241551,-1.61922,6.16499
0.727096,-1.44774,0.146791,0.335789,-1.61024,6.16257
0.80216,-1.43525,0.180021,0.442789,-1.60747,6.18962
0.847464,-1.42781,0.0662164,0.571055,-1.60959,6.17556
0.849799,-1.4279,-0.17691,0.582342,-1.5527,5.971
0.852273,-1.4283,-0.431966,0.596248,-1.54809,5.72062
0.853959,-1.42916,-0.627104,0.597483,-1.54982,5.51258
0.855398,-1.43045,-0.825134,0.598575,-1.55089,5.29667
0.856627,-1.43215,-1.04112,0.596344,-1.55491,5.09312
0.857753,-1.43439,-1.23829,0.599681,-1.55482,4.9383
0.858668,-1.43831,-1.51682,0.599795,-1.56053,4.67644
0.858424,-1.44169,-1.86773,0.599244,-1.56304,4.36835
0.857458,-1.44456,-2.17519,0.596907,-1.56622,4.01591
0.856164,-1.44606,-2.37559,0.5963,-1.56634,3.77515
0.854138,-1.44753,-2.63165,0.593665,-1.56786,3.65564
0.851519,-1.4485,-2.91819,0.58978,-1.56885,3.31213
0.84598,-1.44897,-3.09909,0.586709,-1.56424,2.99757
0.755238,-1.45765,-2.98916,0.539683,-1.55525,3.04513
0.68454,-1.4732,-2.86976,0.460063,-1.55994,3.19532
0.606748,-1.4963,-2.84285,0.389098,-1.56942,3.25248
0.532508,-1.51827,-2.8641,0.297534,-1.57691,3.24466
0.456895,-1.53899,-2.88179,0.23366,-1.57829,3.21281
0.388132,-1.55756,-2.87399,0.104261,-1.57127,3.18975
0.317058,-1.57847,-2.8403,0.0619467,-1.6022,3.27217
0.231876,-1.60284,-2.88137,-0.0390275,-1.60823,3.26168
0.156621,-1.62139,-2.91403,-0.10527,-1.61876,3.22591
0.0733542,-1.64022,-2.92273,-0.178047,-1.62382,3.21273
0.00187281,-1.65625,-2.91947,-0.280759,-1.63154,3.21425
-0.0685878,-1.67226,-2.91713,-0.342246,-1.64046,3.21766
-0.1616,-1.69334,-2.92005,-0.466547,-1.64085,3.21353
-0.285804,-1.72187,-2.91334,-0.623796,-1.65934,3.22326
-0.387607,-1.74511,-2.91993,-0.714243,-1.66867,3.21945
-0.482678,-1.76623,-2.92525,-0.849113,-1.68991,3.22068
-0.577088,-1.78602,-2.94226,-0.924849,-1.70156,3.20587
-0.671739,-1.80446,-2.95435,-1.01831,-1.71322,3.19031
-0.780342,-1.82457,-2.96153,-1.12061,-1.72594,3.18459
-0.88921,-1.84346,-2.97575,-1.20328,-1.71333,3.16964
-0.996705,-1.86309,-2.95118,-1.27524,-1.72511,3.18823
-1.09536,-1.88175,-2.95778,-1.3348,-1.71925,3.1887
-1.1988,-1.90165,-2.94718,-1.43821,-1.72854,3.20007
-1.29848,-1.90664,-2.96409,-1.49843,-1.73544,3.19121
-1.30469,-1.90685,3.06178,-1.49046,-1.73171,2.99575
-1.3046,-1.90386,2.85493,-1.46224,-1.72561,2.7284
-1.29583,-1.89744,2.76753,-1.47009,-1.72567,2.66246
-1.28729,-1.89152,2.67875,-1.47894,-1.72767,2.5918
-1.28114,-1.88522,2.56085,-1.425,-1.73051,2.49357
-1.27571,-1.87843,2.37914,-1.39091,-1.73191,2.34335
-1.27556,-1.87573,2.1966,-1.42413,-1.73069,2.16379
-1.27646,-1.8742,2.01299,-1.42516,-1.72918,1.94907
-1.27724,-1.87217,1.81989,-1.42578,-1.72798,1.82236
-1.296,-1.8006,1.8264,-1.43582,-1.67695,1.77823
-1.31832,-1.7238,1.87678,-1.45337,-1.60264,1.80279
-1.3413,-1.65547,1.90992,-1.60369,-1.50026,1.78803
-1.36379,-1.58547,1.86027,-1.60959,-1.41904,1.78628
-1.38278,-1.51545,1.81665,-1.51425,-1.36276,1.74995
-1.40307,-1.44683,1.8928,-1.57981,-1.29688,1.78095
-1.42684,-1.3776,1.90674,-1.64081,-1.23931,1.81331
-1.45203,-1.29578,1.83836,-1.6627,-1.16496,1.75652
-1.46945,-1.22641,1.80081,-1.67222,-1.10648,1.7122
-1.48591,-1.15498,1.79501,-1.68657,-1.02941,1.68667
-1.50361,-1.07877,1.80288,-1.69719,-0.965087,1.68477
-1.52019,-1.00949,1.80797,-1.70843,-0.885895,1.69578
-1.53946,-0.928412,1.80017,-1.71803,-0.808794,1.69239
-1.55567,-0.848404,1.73012,-1.72297,-0.719105,1.62427
-1.56619,-0.77467,1.70095,-1.71505,-0.647547,1.53045
-1.57694,-0.703676,1.74497,-1.72889,-0.588147,1.59758
-1.589,-0.634436,1.73976,-1.73677,-0.507254,1.62234
-1.6023,-0.545855,1.70425,-1.7349,-0.425242,1.58407
-1.61181,-0.474208,1.70227,-1.73595,-0.33453,1.56634
-1.62408,-0.386821,1.71627,-1.72144,-0.259976,1.57438
-1.63663,-0.310745,1.74786,-1.77236,-0.144866,1.66285
-1.64521,-0.223217,1.60989,-1.76974,-0.0896631,1.48942
-1.64839,-0.145004,1.61396,-1.7617,-0.0273897,1.46545
-1.65353,-0.0620542,1.64952,-1.75636,0.0607027,1.51289
-1.6538,-0.0542375,1.47585,-1.75058,0.0414378,1.39266
-1.65354,-0.0524842,1.29343,-1.74998,0.0981968,1.19519
-1.65287,-0.0507225,1.10412,-1.74841,0.121212,1.06789
-1.6515,-0.0485455,0.859966,-1.74608,0.136167,0.816903
-1.64968,-0.0468153,0.633809,-1.74233,0.139024,0.547002
-1.64703,-0.0453478,0.358912,-1.7397,0.140265,0.336278
-1.62391,-0.0401074,0.221872,-1.73447,0.14134,0.116723
-1.53425,-0.00670602,0.448484,-1.67082,0.165606,0.340208
-1.47657,0.0216048,0.422458,-1.58943,0.201806,0.353322
-1.47458,0.022222,0.208917,-1.57082,0.239486,0.155748
-1.47267,0.0224065,0.015485,-1.56891,0.239264,6.14671
-1.47091,0.0223097,-0.169937,-1.56776,0.238799,6.01162
-1.46914,0.022068,-0.352528,-1.56742,0.237997,5.81464
-1.46746,0.0215589,-0.53252,-1.56858,0.236729,5.66215
-1.46596,0.0204564,-0.72284,-1.56681,0.235088,5.46505
-1.46474,0.0191494,-0.906029,-1.56548,0.233251,5.3544
-1.46376,0.0175828,-1.09695,-1.56431,0.230921,5.17065
-1.4629,0.0149397,-1.38363,-1.56386,0.228335,4.90194
-1.46282,0.0119236,-1.69504,-1.56069,0.224374,4.65216
-1.46316,0.00938764,-1.95545,-1.56161,0.200375,4.38032
-1.46434,0.00690339,-2.23552,-1.56742,0.219276,4.08681
-1.4663,0.00503224,-2.51141,-1.5697,0.217384,3.77381
-1.46857,0.00383309,-2.77526,-1.56741,0.216324,3.56277
-1.47095,0.00328875,-3.02413,-1.56948,0.216817,3.27742
-1.47264,0.00325998,3.13355,-1.5719,0.217601,3.05723
-1.47093,0.00326528,-2.88716,-1.57103,0.21604,3.25479
-1.46887,0.00343681,-2.57283,-1.5702,0.200565,3.59778
-1.46732,0.00396564,-2.30272,-1.56882,0.2015,3.85246
-1.46654,0.00493598,-2.08182,-1.56781,0.218744,4.17944
-1.46594,0.00627398,-1.81633,-1.56741,0.219727,4.38092
-1.46574,0.00778673,-1.55598,-1.56698,0.221449,4.63871
-1.46574,0.00929706,-1.32565,-1.56704,0.201512,4.83619
-1.46584,0.0108677,-1.09066,-1.56792,0.202281,5.0902
-1.46611,0.0125247,-0.840646,-1.56859,0.203045,5.34695
-1.46723,0.0137986,-0.550758,-1.59625,0.160522,5.59072
-1.46849,0.0144453,-0.297936,-1.59663,0.161389,5.84222
-1.4697,0.0147019,-0.0798439,-1.57346,0.205232,6.02619
-1.40054,0.0151657,0.00738221,-1.54646,0.198327,6.18881
-1.31866,0.0126352,-0.065385,-1.43772,0.182905,6.14048
-1.2353,0.00467097,-0.117531,-1.36123,0.175185,6.05367
-1.15652,-0.00436314,-0.109851,-1.28186,0.157028,6.04173
-1.0837,-0.0115946,-0.0900804,-1.22802,0.152758,6.05476
-1.00568,-0.0186945,-0.0922281,-1.13578,0.147188,6.05127
-0.924566,-0.0279133,-0.13,-1.06163,0.125546,6.02288
-0.852832,-0.0378716,-0.143773,-0.976939,0.10537,5.9994
-0.843574,-0.0387962,-0.305218,-0.958728,0.100274,5.89292
-0.841817,-0.0391948,-0.488266,-0.945338,0.0939444,5.71407
-0.840152,-0.0403166,-0.693575,-0.943967,0.0929812,5.54287
-0.839334,-0.0410913,-0.808925,-0.921824,0.0824107,5.44544
-0.838543,-0.0420517,-0.936953,-0.921765,0.0895334,5.25699
-0.837872,-0.0431261,-1.06763,-0.921008,0.078815,5.15215
-0.837351,-0.0442795,-1.19836,-0.920461,0.0773498,5.0086
-0.836862,-0.0461268,-1.39451,-0.914267,0.0729261,4.86762
-0.83675,-0.0481957,-1.60559,-0.904309,0.069907,4.66965
-0.836874,-0.049839,-1.77861,-0.904432,0.0680678,4.46495
-0.837174,-0.0517536,-1.97383,-0.904032,0.0662364,4.24087
-0.837865,-0.0534441,-2.1588,-0.904915,0.0640055,4.10444
-0.839046,-0.0548798,-2.34661,-0.904665,0.0530535,3.96847
-0.840613,-0.0561551,-2.55243,-0.905988,0.0510498,3.77258
-0.842217,-0.0569958,-2.73834,-0.874441,0.0495995,3.60281
-0.844076,-0.0575491,-2.93692,-0.875654,0.0484841,3.43246
-0.846369,-0.0577123,3.11252,-0.877755,0.0484057,3.23875
-0.850205,-0.0574359,2.99206,-0.881,0.0481412,3.02359
-0.928127,-0.054924,-3.10261,-0.926146,0.0486319,3.18512
-1.02736,-0.0645042,-3.00897,-1.03694,0.0415517,3.25274
-1.13214,-0.0814702,-2.96308,-1.15124,0.0207453,3.31021
-1.24692,-0.101509,-2.97375,-1.22451,0.017894,3.30606
-1.35563,-0.120584,-2.96363,-1.34187,-0.00110309,3.31327
-1.45881,-0.139341,-2.92104,-1.4309,-0.00482138,3.29411
-1.45687,-0.13925,-2.61419,-1.45785,-0.0169508,3.51683
-1.45497,-0.138595,-2.28428,-1.45597,-0.0190619,3.8861
-1.45395,-0.137102,-1.95918,-1.4553,-0.0176521,4.27138
-1.45357,-0.135801,-1.70411,-1.41681,-0.0161424,4.48838
-1.48813,-0.19712,-2.25969,-1.4598,-0.0552721,3.98849
-1.48724,-0.195712,-1.95954,-1.47787,-0.0661434,4.24665
-1.48683,-0.193703,-1.58968,-1.49323,-0.0736079,4.5568
-1.48682,-0.19149,-1.23934,-1.49355,-0.0657232,4.89165
-1.48703,-0.189545,-0.949141,-1.49422,-0.0642231,5.17943
-1.48775,-0.187971,-0.666836,-1.49563,-0.0687435,5.52391
-1.48942,-0.186962,-0.322217,-1.50273,-0.0687975,5.90939
-1.49044,-0.186683,-0.136709,-1.5092,-0.0680211,6.03042
-1.41147,-0.194206,-0.0423488,-1.46576,-0.0716887,6.18955
-1.33127,-0.19686,-0.0284937,-1.36096,-0.0790714,6.21684
-1.24888,-0.199852,-0.041875,-1.2904,-0.0850363,6.20907
-1.16155,-0.203904,-0.0490772,-1.18867,-0.0926028,6.2007
-1.08231,-0.207848,-0.0500253,-1.10974,-0.0999003,6.20034
-0.998054,-0.212064,-0.0498786,-1.01666,-0.105766,6.20079
-0.918804,-0.216131,-0.0522743,-0.906927,-0.111064,6.20036
-0.844551,-0.220339,-0.0601246,-0.82456,-0.118066,6.19332
-0.757315,-0.225827,-0.0645599,-0.744997,-0.123813,6.18822
-0.669104,-0.231739,-0.0685018,-0.708453,-0.128888,6.18342
-0.576935,-0.237871,-0.0647232,-0.596442,-0.142921,6.18551
-0.552758,-0.239189,-0.204446,-0.553479,-0.152087,6.09579
-0.550566,-0.239557,-0.4307,-0.547076,-0.15297,5.92004
-0.548647,-0.240614,-0.655922,-0.551315,-0.153955,5.66495
-0.547313,-0.241875,-0.844015,-0.550597,-0.155135,5.44009
-0.54613,-0.243569,-1.0575,-0.549492,-0.156893,5.24862
-0.545279,-0.245693,-1.29387,-0.548638,-0.159369,5.00508
-0.54495,-0.247916,-1.52265,-0.561742,-0.160309,4.76049
-0.545072,-0.250297,-1.771,-0.558386,-0.16204,4.49264
-0.545424,-0.252481,-1.99375,-0.562794,-0.164237,4.25764
-0.546411,-0.254436,-2.21627,-0.563747,-0.165798,4.03013
-0.54801,-0.256088,-2.44937,-0.566037,-0.166923,3.83076
-0.550136,-0.257399,-2.70556,-0.567056,-0.167947,3.55089
-0.55195,-0.258007,-2.90164,-0.571114,-0.169987,3.38739
-0.554043,-0.258251,-3.11538,-0.570817,-0.169993,3.2378
-0.554931,-0.258232,3.11091,-0.570976,-0.168573,3.11066
-0.634957,-0.260266,-3.08084,-0.623884,-0.173951,3.19358
-0.739758,-0.269081,-3.0433,-0.718078,-0.182608,3.22783
-0.859558,-0.281276,-3.03875,-0.826993,-0.196813,3.25284
-0.960703,-0.290233,-3.06221,-0.913226,-0.207752,3.22808
-1.05181,-0.297193,-3.06754,-0.952768,-0.210071,3.21734
-1.17287,-0.30657,-3.06221,-1.07057,-0.202877,3.19871
-1.2873,-0.319178,-3.01176,-1.15454,-0.213346,3.25187
-1.39477,-0.333318,-3.01122,-1.29056,-0.229212,3.25148
-1.51324,-0.348639,-3.01437,-1.41263,-0.238889,3.24862
-1.54031,-0.351993,-2.77263,-1.44559,-0.250377,3.38579
-1.53847,-0.351777,-2.48727,-1.4448,-0.248857,3.67992
-1.53714,-0.351001,-2.22184,-1.48648,-0.241911,3.91961
-1.53614,-0.349216,-1.85208,-1.47083,-0.240838,4.31892
-1.53611,-0.348367,-1.50416,-1.48565,-0.230379,4.57032
-1.53614,-0.34652,-1.22487,-1.53357,-0.114742,4.82691
-1.53637,-0.344535,-0.928038,-1.53469,-0.113425,5.20935
-1.53702,-0.343129,-0.675415,-1.48697,-0.112989,5.33233
-1.53821,-0.342316,-0.42256,-1.48803,-0.111725,5.64383
-1.53905,-0.341976,-0.261452,-1.4887,-0.11186,5.81712
-1.53989,-0.341801,-0.110347,-1.4901,-0.11146,6.01582
-1.50706,-0.341753,0.0117308,-1.48112,-0.112562,6.17294
-1.43059,-0.341795,-0.0127291,-1.41923,-0.118012,6.18936
-1.36307,-0.344131,-0.0524853,-1.3419,-0.130813,6.12895
-1.29088,-0.347877,-0.0499702,-1.27753,-0.139654,6.12148
-1.2167,-0.351232,-0.041151,-1.20508,-0.14794,6.13067
-1.13243,-0.354635,-0.0400091,-1.12316,-0.163235,6.13259
-1.05116,-0.357864,-0.0393771,-1.04613,-0.174149,6.13347
-0.979919,-0.360687,-0.0397656,-0.979858,-0.178395,6.15613
-0.923626,-0.363428,-0.05713,-0.919968,-0.186447,6.14176
-0.837352,-0.369021,-0.0694984,-0.899478,-0.187691,6.1377
-0.742145,-0.37622,-0.079141,-0.754089,-0.200334,6.12665
-0.638002,-0.385058,-0.0883735,-0.642919,-0.215484,6.12238
-0.534942,-0.394762,-0.0972071,-0.555734,-0.233832,6.11216
-0.427984,-0.405017,-0.0940903,-0.458279,-0.250007,6.11199
-0.337996,-0.413362,-0.0911686,-0.338155,-0.269161,6.1157
-0.252976,-0.42123,-0.0930283,-0.287164,-0.278402,6.11487
-0.163974,-0.429577,-0.0936898,-0.196523,-0.29359,6.11254
-0.076982,-0.437723,-0.0929537,-0.179969,-0.299194,6.11283
0.0100032,-0.445556,-0.0872923,-0.0824724,-0.313112,6.11714
0.0920529,-0.452898,-0.0906233,0.00315749,-0.329441,6.11708
0.152251,-0.457996,-0.133181,0.150868,-0.355397,6.1162
0.153973,-0.458206,-0.311778,0.16625,-0.360605,5.9672
0.155901,-0.4587,-0.514659,0.167103,-0.361355,5.77158
0.157569,-0.459905,-0.725038,0.166366,-0.362804,5.61256
0.158898,-0.46137,-0.928318,0.172834,-0.364897,5.34772
0.15983,-0.462939,-1.11682,0.173738,-0.366334,5.17771
0.160496,-0.46485,-1.32551,0.175056,-0.36827,4.95785
0.160749,-0.466961,-1.54174,0.174933,-0.37101,4.74999
0.160664,-0.468779,-1.73239,0.174526,-0.372906,4.51545
0.160451,-0.470416,-1.9002,0.173482,-0.375047,4.35058
0.160041,-0.472141,-2.07772,0.17274,-0.375945,4.17427
0.158361,-0.474344,-2.35808,0.170022,-0.377941,3.93014
0.156338,-0.475866,-2.61662,0.171622,-0.379675,3.72754
0.15426,-0.476733,-2.84785,0.158424,-0.378126,3.5738
0.151456,-0.477108,-3.13447,0.156653,-0.378671,3.30874
0.146719,-0.476508,2.94773,0.155018,-0.379423,3.04492
0.0578632,-0.466168,3.07249,0.102979,-0.380958,3.12704
-0.0451036,-0.462894,3.13325,0.0147125,-0.372817,3.15683
-0.139226,-0.464255,-3.11126,-0.0936381,-0.380749,3.20899
-0.246605,-0.467375,-3.11433,-0.188832,-0.388061,3.21674
-0.34203,-0.469278,-3.1261,-0.270628,-0.392967,3.20732
-0.44544,-0.470645,-3.12967,-0.374724,-0.399781,3.20474
-0.556872,-0.47188,-3.13101,-0.486628,-0.405066,3.20294
-0.656241,-0.473014,-3.12956,-0.577408,-0.413384,3.2069
-0.753635,-0.473976,-3.13332,-0.675639,-0.420987,3.20419
-0.864082,-0.474658,-3.13666,-0.768255,-0.427269,3.20283
-0.963486,-0.474983,-3.13933,-0.868092,-0.434467,3.20094
-1.07193,-0.475051,3.14121,-0.987588,-0.440389,3.19735
-1.17633,-0.475012,3.14078,-1.09811,-0.442849,3.18651
-1.28364,-0.476032,-3.12558,-1.20348,-0.450802,3.19874
-1.391,-0.47806,-3.12087,-1.30444,-0.4602,3.21531
-1.49051,-0.478981,-3.1404,-1.42016,-0.467389,3.19322
-1.51054,-0.478993,-2.95546,-1.47276,-0.472013,3.2939
-1.50873,-0.478899,-2.68314,-1.49827,-0.472586,3.58323
-1.50723,-0.478662,-2.44542,-1.47038,-0.471789,3.83287
-1.50612,-0.4779,-2.2122,-1.49909,-0.471235,4.06282
-1.5054,-0.476771,-1.97146,-1.49857,-0.469655,4.23135
-1.50506,-0.475816,-1.78788,-1.49816,-0.468328,4.40987
-1.50494,-0.474859,-1.56135,-1.49807,-0.467716,4.57654
-1.50494,-0.473544,-1.36072,-1.49794,-0.466531,4.74187
-1.50499,-0.472308,-1.17517,-1.49875,-0.465341,5.01542
-1.50513,-0.471029,-0.984623,-1.44997,-0.39755,5.1843
-1.50539,-0.469828,-0.799016,-1.45073,-0.396552,5.34937
-1.50613,-0.469017,-0.613125,-1.45126,-0.395727,5.51485
-1.50702,-0.468448,-0.427193,-1.45218,-0.395023,5.76003
-1.50799,-0.468063,-0.241359,-1.45334,-0.394059,5.89519
-1.50901,-0.467894,-0.0579297,-1.45404,-0.393895,6.07644
-1.40976,-0.466829,0.036567,-1.39572,-0.395246,6.17891
-1.30939,-0.463502,0.0300879,-1.30666,-0.398085,6.21938
-1.2137,-0.463063,-0.0139086,-1.18694,-0.400768,6.20465
-1.09299,-0.467995,-0.0563854,-1.11072,-0.41337,6.18703
-0.985625,-0.475704,-0.0801253,-1.02026,-0.413485,6.19686
-0.881445,-0.486687,-0.119533,-0.904974,-0.425065,6.15645
-0.791667,-0.497832,-0.125755,-0.809522,-0.436882,6.14847
-0.699969,-0.509446,-0.125849,-0.712089,-0.448565,6.1479
-0.598311,-0.522383,-0.126766,-0.628662,-0.465031,6.14288
-0.511624,-0.533063,-0.119251,-0.53715,-0.476151,6.14826
-0.421868,-0.543707,-0.117081,-0.455695,-0.488494,6.1514
-0.323116,-0.555272,-0.116059,-0.360025,-0.501403,6.15053
-0.24032,-0.564846,-0.114252,-0.271302,-0.513126,6.15105
-0.132566,-0.57711,-0.112563,-0.195852,-0.525146,6.15674
-0.0337696,-0.588257,-0.112083,-0.065993,-0.562791,6.13866
0.0718374,-0.594415,-0.0260298,0.0300955,-0.586317,6.21239
0.108038,-0.594798,-0.133952,0.107059,-0.589836,6.20257
0.110749,-0.595186,-0.413904,0.108182,-0.590355,5.91104
0.112688,-0.59614,-0.636507,0.0958217,-0.590652,5.76517
0.114319,-0.597689,-0.867217,0.125118,-0.561845,5.46979
0.115603,-0.599693,-1.11342,0.126371,-0.563588,5.22845
0.116345,-0.601915,-1.3548,0.127734,-0.555391,4.98745
0.116773,-0.605732,-1.56906,0.127859,-0.5616,4.75318
0.116598,-0.608038,-1.81236,0.127731,-0.561647,4.51694
0.116145,-0.610416,-2.05511,0.140597,-0.535143,4.29171
0.114842,-0.612342,-2.29033,0.138325,-0.537597,4.07841
0.113189,-0.613821,-2.51608,0.135431,-0.540019,3.79894
0.111094,-0.614943,-2.75983,0.122903,-0.566614,3.5283
0.108757,-0.615522,-3.00618,0.120223,-0.56789,3.40764
0.106515,-0.615552,3.04592,0.117251,-0.57599,3.04739
0.0135253,-0.609351,3.12081,0.0664027,-0.569558,3.02355
-0.0830081,-0.616642,-3.00462,-0.0718893,-0.572331,3.28515
-0.18354,-0.628889,-3.04199,-0.164547,-0.592544,3.28186
-0.286196,-0.635012,-3.1075,-0.240633,-0.599246,3.23885
-0.38377,-0.636607,-3.1367,-0.334447,-0.599506,3.19448
-0.490113,-0.637766,-3.12568,-0.425882,-0.598238,3.19566
-0.636507,-0.641923,-3.10689,-0.57762,-0.61286,3.22558
-0.754994,-0.645185,-3.11847,-0.69655,-0.612007,3.20846
-0.869306,-0.648666,-3.10611,-0.807652,-0.614873,3.19487
-0.98138,-0.654803,-3.07414,-0.914163,-0.623904,3.22554
-1.08849,-0.662361,-3.06954,-1.01781,-0.631528,3.22761
-1.19656,-0.670491,-3.06471,-1.12733,-0.634852,3.22759
-1.31344,-0.680745,-3.04724,-1.21501,-0.633784,3.21963
-1.49817,-0.705398,-2.99207,-1.38198,-0.638602,3.27503
-1.55591,-0.715343,-2.62333,-1.47974,-0.676986,3.54267
-1.55377,-0.714488,-2.23654,-1.46129,-0.689653,3.97662
-1.55295,-0.713241,-1.96854,-1.46057,-0.73755,4.27609
-1.55249,-0.711661,-1.67339,-1.47663,-0.673663,4.52552
-1.55248,-0.708865,-1.23994,-1.47414,-0.664704,4.90598
-1.55283,-0.706198,-0.839037,-1.54637,-0.669103,5.42372
-1.55438,-0.704665,-0.459882,-1.50446,-0.668439,5.78666
-1.5487,-0.705734,-0.136097,-1.54852,-0.667308,6.12831
-1.37606,-0.7172,-0.0398942,-1.42026,-0.656829,6.18117
-1.22763,-0.721147,-0.0199792,-1.31144,-0.661106,6.1785
-1.09722,-0.722228,-0.00344509,-1.15752,-0.651697,0.0428991
-0.958092,-0.734456,-0.133659,-0.984937,-0.66293,6.19747
-0.790039,-0.759366,-0.152362,-0.825684,-0.679076,6.16357
-0.644008,-0.78049,-0.138586,-0.604242,-0.70649,6.15921
-0.447786,-0.804481,-0.114407,-0.419688,-0.722247,6.18943
-0.331062,-0.818639,-0.124274,-0.229502,-0.740882,6.16115
-0.255338,-0.827622,-0.113148,-0.180714,-0.752628,6.1678
-0.0975839,-0.843117,-0.089742,-0.170496,-0.754122,6.18699
0.0744638,-0.858086,-0.0851852,0.0534236,-0.773074,6.19941
0.0896732,-0.859304,-0.373334,0.145287,-0.789575,6.02717
0.092338,-0.860639,-0.681335,0.159695,-0.78963,5.67155
0.0941146,-0.862552,-0.949822,0.152217,-0.793073,5.39661
0.0954753,-0.865423,-1.2791,0.161679,-0.796526,5.08779
0.0958436,-0.867813,-1.52553,0.155407,-0.800072,4.75195
0.0957433,-0.869949,-1.7488,0.103949,-0.804234,4.59732
0.0954594,-0.871908,-1.94911,0.103662,-0.806263,4.37198
0.094718,-0.873843,-2.15911,0.102996,-0.808078,4.20137
0.0930311,-0.875751,-2.41715,0.101306,-0.808772,3.96011
0.0914021,-0.876896,-2.62054,0.0986979,-0.809963,3.73592
0.0895803,-0.877677,-2.82414,0.0971695,-0.810708,3.54081
0.0874744,-0.878087,-3.04283,0.0950545,-0.813529,3.42893
0.0854378,-0.878067,3.0294,0.09251,-0.813693,3.18479
0.0839414,-0.878073,2.89745,0.0903889,-0.813486,3.00674
-0.03356,-0.854518,2.99351,0.0200665,-0.806421,3.04311
-0.144609,-0.846201,3.11832,-0.0990038,-0.809587,3.17853
-0.256926,-0.845121,3.13813,-0.232954,-0.813551,3.19914
-0.375392,-0.844678,3.13606,-0.33211,-0.816861,3.19922
-0.488835,-0.844171,3.13651,-0.434286,-0.82139,3.19516
-0.61126,-0.844157,-3.13954,-0.545372,-0.828056,3.20077
-0.722659,-0.844599,-3.13583,-0.650117,-0.83545,3.20543
-0.823031,-0.84525,-3.13462,-0.769267,-0.842462,3.20766
-0.94449,-0.846097,-3.13467,-0.85273,-0.846026,3.20505
-1.08399,-0.847491,-3.12991,-0.9762,-0.855214,3.20175
-1.24855,-0.850167,-3.12304,-1.14992,-0.869305,3.21592
-1.38715,-0.851623,-3.13547,-1.34298,-0.871568,3.19637
-1.4844,-0.854054,-2.92638,-1.45737,-0.875441,3.24641
-1.48186,-0.853833,-2.53679,-1.45435,-0.886101,3.65187
-1.48008,-0.852835,-2.1846,-1.44381,-0.865703,3.99804
-1.47912,-0.850923,-1.7975,-1.45241,-0.882212,4.44846
-1.48347,-0.86621,-1.81591,-1.45563,-0.898234,4.43285
-1.4833,-0.864538,-1.52814,-1.45557,-0.896812,4.73681
-1.48333,-0.862549,-1.22608,-1.45688,-0.894946,4.9759
-1.48358,-0.86043,-0.909302,-1.45774,-0.891602,5.31481
-1.48442,-0.858981,-0.629539,-1.45888,-0.890415,5.5228
-1.4858,-0.858164,-0.346922,-1.4596,-0.888158,5.85146
-1.45411,-0.860338,-0.0403101,-1.46192,-0.888031,6.07312
-1.3322,-0.853503,0.106857,-1.35446,-0.889118,0.101321
-1.20111,-0.850728,-0.0330575,-1.19904,-0.865112,0.0436672
-1.0856,-0.863351,-0.154012,-1.08109,-0.867464,6.16915
-0.948504,-0.882669,-0.131197,-0.925509,-0.882257,6.16738
-0.845927,-0.894679,-0.106806,-0.815832,-0.882563,6.17564
-0.738085,-0.905424,-0.0946058,-0.714405,-0.894162,6.19299
-0.612116,-0.917565,-0.0967467,-0.567357,-0.902047,6.20262
-0.511135,-0.928241,-0.111404,-0.44448,-0.919452,6.21631
-0.404337,-0.941699,-0.134445,-0.342264,-0.927126,6.1982
-0.289894,-0.957864,-0.143551,-0.247008,-0.938432,6.17112
-0.216351,-0.967913,-0.129099,-0.25634,-0.960195,6.15035
-0.151757,-0.974623,-0.0790474,-0.25867,-0.969636,6.18255
-0.0808365,-0.978627,-0.0381657,-0.209139,-0.975135,6.21716
-0.00868527,-0.980631,-0.0199308,-0.14167,-0.983908,6.24647
0.0746244,-0.982199,-0.0185999,1.55985,-0.238227,1.1401
0.0623683,-0.988826,0.790975,1.56978,-0.192653,1.31872
0.0568219,-1.0095,1.94371,1.60619,-0.197199,2.99289
0.0139541,-0.971148,2.6127,1.58465,-0.212447,3.74838
-0.0293958,-0.94897,2.6744,1.53598,-0.26556,3.86112
-0.0639208,-0.930661,2.62437,1.53122,-0.294843,4.12876
-0.0998467,-0.904846,2.41323,1.50037,-0.327139,3.98781
-0.132425,-0.869951,2.24663,1.46463,-0.361565,3.8052
-0.159126,-0.834324,2.19044,1.42959,-0.3755,3.69369
-0.18367,-0.800101,2.20103,1.39381,-0.396723,3.66452
-0.211356,-0.763442,2.23476,1.35724,-0.422884,3.7104
-0.243769,-0.722589,2.24591,1.29943,-0.460955,3.73521
-0.270708,-0.688789,2.23985,1.25137,-0.493335,3.72124
-0.29997,-0.651747,2.23956,1.2133,-0.512636,3.71567
-0.32742,-0.617163,2.24518,1.17691,-0.536612,3.71023
-0.36974,-0.564949,2.25777,1.11842,-0.574443,3.72683
-0.412474,-0.512982,2.25966,1.05539,-0.617181,3.73021
-0.45776,-0.457881,2.25768,0.989648,-0.655731,3.72719
-0.502478,-0.403671,2.26299,0.919874,-0.6984,3.73117
-0.549473,-0.347454,2.27078,0.869462,-0.738775,3.7379
-0.607535,-0.278124,2.26509,0.798767,-0.784547,3.73446
-0.669204,-0.203994,2.26441,0.733405,-0.829898,3.73182
-0.730814,-0.129813,2.26333,0.598984,-0.922235,3.72361
-0.736507,-0.123256,2.42391,0.550793,-0.945132,3.81056
-0.735325,-0.124144,2.68166,0.551891,-0.942966,4.09595
-0.733854,-0.1247,2.96181,0.552044,-0.9412,4.39173
-0.733981,-0.124693,2.99988,0.551091,-0.938826,4.6175
-0.736,-0.124424,2.79103,0.537642,-0.939838,4.41809
-0.737974,-0.12372,2.57572,0.536857,-0.941372,4.22789
-0.73942,-0.122584,2.38781,0.535897,-0.942715,4.07705
-0.740577,-0.12126,2.20706,0.53247,-0.943548,3.95507
-0.741435,-0.11982,2.03368,0.521542,-0.943457,3.51271
-0.742249,-0.117287,1.75958,0.518435,-0.943594,3.31167
-0.742243,-0.110881,1.52464,0.514288,-0.942723,2.93792
-0.748215,-0.0248355,1.71498,0.462873,-0.945485,3.04
-0.778312,0.0936428,1.8758,0.365265,-0.963649,3.25443
-0.810597,0.204682,1.84044,0.265843,-0.978806,3.24169
-0.84001,0.319593,1.8108,-0.0283594,-0.991417,3.20247
-0.867327,0.428582,1.82031,-0.147781,-0.999091,3.20156
-0.890956,0.518819,1.83154,-0.264826,-1.00641,3.20844
-0.919859,0.625331,1.83871,-0.406778,-1.01598,3.21518
-0.951096,0.73852,1.84072,-0.561809,-1.02482,3.21444
-0.978687,0.837078,1.84573,-0.677875,-1.03266,3.21881
-1.01463,0.963534,1.84858,-0.82552,-1.04343,3.22133
-1.05305,1.09764,1.85033,-0.982669,-1.05657,3.22408
-1.08871,1.22211,1.84926,0.556922,0.753471,2.39084
-1.13959,1.26104,2.92563,0.471374,0.745047,3.24514
-1.21236,1.2548,-2.85901,-1.23122,-1.23938,4.82125
-1.26201,1.25693,2.4938,-1.27157,-1.31107,4.48505
-1.27487,1.28576,1.51659,-1.2854,-1.33411,3.69313
-1.24352,1.336,0.650973,-1.34109,-1.31628,2.64126
-1.2057,1.35796,0.475944,-1.38407,-1.28599,2.09283
-1.16915,1.37983,0.662266,-1.40706,-1.24117,2.08679
-1.143,1.40734,0.965972,-1.42741,-1.20086,2.32488
-1.12894,1.43407,1.29614,-1.47564,-1.18377,2.73685
-1.1292,1.43322,1.49435,-1.4749,-1.18385,2.90236
-1.12922,1.43211,1.67816,-1.47127,-1.18831,3.03185
-1.12921,1.43025,1.96655,-1.47077,-1.18772,3.42219
-1.12898,1.42853,2.22425,-1.47019,-1.18708,3.73898
-1.12777,1.42677,2.58849,-1.46795,-1.1859,4.07784
-1.12604,1.42598,2.92804,-1.43612,-1.15468,4.15429
-1.124,1.42573,-2.9817,-0.144138,1.285,1.68275
-1.1288,1.42556,2.93654,-0.143789,1.28803,1.50727
-1.13249,1.42665,2.53904,-0.142878,1.29124,1.28376
-1.13497,1.42916,2.17532,0.508728,-0.188951,5.89657
-1.14558,1.46181,1.61209,0.509576,-0.189306,5.88641
-1.07117,1.54951,0.490534,0.526171,-0.240762,5.02104
-0.946154,1.57128,0.0452611,0.477331,-0.356042,4.31475
-0.830967,1.59106,0.276049,0.455998,-0.477223,4.41661
-0.717681,1.64632,0.55738,0.446392,-0.592573,4.62292
-0.61263,1.72619,0.693198,0.397665,-0.704537,4.70644
-0.521573,1.82083,0.854668,0.392228,-0.852661,4.82922
-0.435561,1.9301,1.09272,0.41231,-0.982913,4.94349
-0.408966,1.96204,1.5708,1.8828,0.694699,6.07471
-0.387988,1.93903,1.22505,1.86103,0.704791,5.8104
-0.306848,1.90571,0.459359,1.87189,0.695542,5.36046
-0.186647,1.87151,-0.581388,1.82206,0.570158,4.35594
-0.0757862,1.75543,-0.889191,1.73675,0.50754,3.82062
0.0471728,1.64639,-0.643848,1.59901,0.323364,4.05254
0.176601,1.55702,-0.586799,1.49967,0.180384,4.14119
0.296713,1.47421,-0.613594,1.41489,0.0951675,4.12081
0.443979,1.371,-0.610225,1.38001,-0.0277775,4.12182
0.564021,1.28467,-0.630928,1.37615,-0.0718403,4.11316
0.665169,1.20823,-0.656823,1.41493,-0.0489507,4.11652
0.765926,1.12627,-0.698182,1.33107,-0.159442,4.07082
0.873852,1.0361,-0.694681,1.24678,-0.27367,4.06903
0.974209,0.952288,-0.727434,1.15662,-0.392613,4.07331
1.07774,0.855734,-0.754372,1.06394,-0.504693,4.00378
1.18165,0.768702,-0.671013,0.971921,-0.619706,4.05763
1.29928,0.679845,-0.635357,0.876025,-0.758396,4.10603
1.42287,0.586536,-0.652552,0.796073,-0.859563,4.08957
1.51983,0.513302,-0.6432,0.692302,-1.00649,4.09595
1.62134,0.437721,-0.637972,0.61396,-1.12553,4.10045
1.65768,0.410547,-0.861209,0.54314,-1.20055,3.96997
1.65934,0.407696,-1.2031,0.488309,-1.31704,3.73087
1.65994,0.404277,-1.55775,0.466793,-1.2365,3.35575
1.65931,0.398975,-1.77892,0.461318,-1.23529,2.94142
1.64682,0.274621,-1.60405,0.558175,-1.12596,3.15023
1.64935,0.137637,-1.52652,0.403932,-1.14492,3.29651
1.65037,-0.00797083,-1.5849,0.192179,-1.16023,3.21647
1.64919,-0.161525,-1.57733,0.0695825,-1.24556,3.15924
1.65076,-0.320988,-1.55303,-0.138477,-1.25136,3.17774
1.65384,-0.447374,-1.54301,-0.314762,-1.25787,3.1862
1.6578,-0.579795,-1.53985,-0.437417,-1.26447,3.18962
1.66222,-0.724275,-1.54059,-0.511195,-1.26986,3.19208
1.66694,-0.898899,-1.54535,-0.677544,-1.27665,3.18868
1.67077,-1.05143,-1.54591,-0.853511,-1.28791,3.18764
1.67373,-1.17989,-1.54889,-0.928398,-1.29269,3.18544
1.67589,-1.28629,-1.5517,-1.08887,-1.30166,3.19579
1.67695,-1.40887,-1.56845,-1.19215,-1.31875,3.22763
1.67034,-1.53676,-1.65203,-1.30092,-1.35206,3.17812
1.64821,-1.66726,-1.7882,-1.48908,-1.37107,3.0571
1.64668,-1.67437,-1.47772,-1.53056,-1.37464,3.19165
1.64661,-1.67222,-1.15357,-1.53334,-1.37407,3.57391
1.64632,-1.6702,-0.849149,-1.52784,-1.35555,3.87988
1.64455,-1.6685,-0.420459,-1.52623,-1.37132,4.23428
1.64256,-1.66796,-0.0512397,-1.52403,-1.37257,4.45573
1.64037,-1.66795,0.283177,-1.52661,-1.3745,4.93691
1.63781,-1.66825,0.679206,-1.58636,-1.37318,5.35064
1.63618,-1.66959,1.05383,-1.58819,-1.3721,5.6319
1.63546,-1.67137,1.40116,-1.63681,-1.37137,6.03771
1.63803,-1.56206,1.59634,-1.5697,-1.3657,0.102138
1.64469,-1.42236,1.48156,-1.41912,-1.36004,0.0411371
1.66283,-1.28851,1.41301,-1.28905,-1.367,6.23413
1.68257,-1.15447,1.43106,-1.1443,-1.37211,6.23902
1.70331,-0.996224,1.44521,1.7206,1.02251,2.37327
1.65201,-0.951756,2.93268,1.64788,1.00271,3.41229
1.52877,-1.00542,-2.47496,1.64247,0.870622,4.76946
