0.495898,1.88713,0.008771,1.39765,0.781766,5.20687
0.562132,1.85312,-0.540288,1.39823,0.779457,5.01343
0.897179,1.59092,-0.675982,1.29898,0.407683,4.45223
1.149,1.38839,-0.678648,1.23644,0.094296,4.50052
1.30878,1.25929,-0.680439,1.20291,-0.123896,4.51148
1.45861,1.13779,-0.682191,1.25101,-0.260907,4.57553
1.59463,1.02711,-0.683824,1.24732,-0.482509,4.44465
1.83706,0.828867,-0.687145,1.18364,-0.798944,4.57245
1.87498,0.797386,-1.08796,1.12506,-0.979652,4.31374
1.87598,0.792563,-1.63009,0.848041,-1.11597,3.87688
1.82099,0.678486,-2.12225,0.788163,-1.1037,2.93937
1.67925,0.448061,-2.12159,0.596034,-1.03029,2.79877
1.53775,0.217497,-2.12074,0.520783,-1.00747,2.79627
1.40168,-0.00464041,-2.11988,0.344298,-0.94336,2.79674
1.29061,-0.186286,-2.11913,0.125827,-0.855645,2.79736
1.16143,-0.397956,-2.11821,-0.105255,-0.772784,2.7981
1.02854,-0.616165,-2.11727,-0.314421,-0.703059,2.79929
0.923154,-0.789538,-2.11648,-0.52686,-0.628161,2.80017
0.820504,-0.95871,-2.11571,-0.719568,-0.547735,2.78296
0.716688,-1.1301,-2.11494,-0.916392,-0.473579,2.78386
0.62078,-1.28872,-2.1142,-1.06764,-0.429387,2.78486
0.523696,-1.44955,-2.11344,-1.23083,-0.360081,2.78408
0.412524,-1.63405,-2.11256,-1.47457,-0.263235,2.78529
0.324736,-1.78002,-2.11185,-1.68186,-0.184089,2.78574
0.273378,-1.86729,-2.31618,-1.82267,-0.126879,2.74336
0.267734,-1.87013,-3.0039,-1.82616,-0.119777,2.07347
0.173191,-1.82757,2.63978,-1.82276,-0.105625,1.28438
-0.136329,-1.64689,2.61329,-1.65498,0.147573,1.10638
-0.354895,-1.51945,2.61437,-1.56524,0.34892,1.08853
-0.63643,-1.3558,2.61591,-1.39337,0.725328,1.1238
-0.790302,-1.26661,2.61683,-1.32131,0.89978,1.12514
-0.952933,-1.17255,2.61783,-1.29689,1.0248,1.16844
-1.15256,-1.05739,2.61912,-1.19794,1.25792,1.16988
-1.37407,-0.930035,2.62064,-1.11633,1.45174,1.1712
-1.63926,-0.778152,2.6225,-1.00722,1.71035,1.17287
-1.82202,-0.673869,2.62385,-0.954916,1.83632,1.17422
-1.85886,-0.654934,2.32395,-0.946449,1.78776,0.976743
-1.86087,-0.651455,1.89193,-0.942468,1.79537,0.638151
-1.84773,-0.617837,1.21947,-0.937793,-1.58901,2.06725
-1.67845,-0.295574,1.07273,-0.957093,-1.46857,1.71646
-1.52782,-0.0182355,1.07393,-0.982787,0.898306,1.7606
-1.39182,0.232849,1.07504,-1.03213,-0.763414,1.67716
-1.26563,0.466453,1.07613,-0.667023,1.21516,1.67807
-1.15157,0.678138,1.07715,-1.05756,-0.43474,1.67203
-1.0389,0.887733,1.07816,-1.10552,-0.0883527,1.67868
-0.913452,1.12174,1.07934,-1.13879,0.12882,1.6812
-0.796534,1.34042,1.08047,-1.17299,0.412877,1.68241
-0.632795,1.64768,1.08207,-1.21402,0.737655,1.68391
-0.520257,1.86438,0.757926,-1.24121,1.20587,1.62047
-0.512656,1.8668,-0.120557,-1.2463,1.04501,0.767939
-0.290611,1.77494,-0.391778,-1.13911,1.25493,0.244061
-0.0173734,1.66221,-0.390583,-0.816884,1.25217,0.103654
0.246742,1.55365,-0.38921,-0.538138,1.38981,0.105398
0.538843,1.4341,-0.387518,-0.364834,1.41381,0.106712
0.900792,1.28681,-0.38519,-0.0445009,1.4615,0.109269
1.14462,1.18816,-0.383476,0.389982,1.51394,0.111746
1.36305,1.10022,-0.381859,0.698982,1.53747,0.11259
1.56767,1.01822,-0.380252,0.94996,1.56234,0.113993
1.76311,0.940255,-0.378645,1.18991,1.58968,0.115441
1.85393,0.907756,-0.556356,1.36386,1.59957,0.0659618
1.85679,0.904915,-0.989561,1.36449,1.59656,5.80083
1.85809,0.901635,-1.36656,1.41277,1.59692,5.52166
1.84024,0.833813,-1.86317,1.37117,1.58833,4.94368
1.77685,0.625344,-1.86612,1.39651,1.35847,4.82009
1.70475,0.388097,-1.86534,1.52281,1.09527,4.85649
1.63213,0.148392,-1.86448,1.55185,0.850126,4.85707
1.56261,-0.0817872,-1.86356,1.58957,0.576068,4.82339
1.49042,-0.321627,-1.86254,1.60911,0.314202,4.82378
1.40916,-0.59274,-1.86132,1.64877,-0.0392182,4.8252
1.32537,-0.873558,-1.85999,1.48063,-0.648967,4.57174
1.26403,-1.08005,-1.85895,1.45352,-0.837407,4.57198
1.19085,-1.32744,-1.85765,1.41773,-1.09254,4.57332
1.13071,-1.53167,-1.85655,1.38371,-1.33636,4.57438
1.07361,-1.72636,-1.85545,1.34449,-1.59881,4.57543
1.0442,-1.84195,-1.97549,1.31901,-1.78526,4.55674
1.03984,-1.84656,-2.65907,1.31482,-1.78885,3.93966
0.927609,-1.82895,2.88063,1.30782,-1.78845,3.14878
0.561838,-1.72345,2.85747,0.895949,-1.75433,2.97659
0.242393,-1.62984,2.85392,0.571676,-1.71195,2.97344
-0.0169205,-1.553,2.85299,0.238895,-1.64117,2.96885
-0.257002,-1.4816,2.85211,0.0781298,-1.55939,2.9556
-0.485019,-1.41357,2.8513,-0.199559,-1.49364,2.95465
-0.691388,-1.35183,2.85059,-0.515996,-1.43767,2.95341
-0.856933,-1.3022,2.85006,-0.684016,-1.38399,2.94106
-1.04164,-1.2467,2.84941,-0.837471,-1.34117,2.9401
-1.21192,-1.19542,2.84884,-0.988634,-1.32048,2.94024
-1.38937,-1.14187,2.84824,-1.17991,-1.27092,2.93928
-1.5548,-1.09184,2.8477,-1.36503,-1.22203,2.91416
-1.73937,-1.0359,2.84708,-1.5638,-1.16649,2.9131
-1.84578,-1.00789,2.63459,-1.75677,-1.12908,2.8876
-1.84911,-1.00476,2.13612,-1.76127,-1.16075,2.35793
-1.8505,-1.00018,1.60807,-1.8018,-1.15692,1.73837
-1.80522,-0.822837,1.25542,-1.78911,-1.01045,1.3138
-1.72733,-0.585038,1.2522,-1.73355,-0.810942,1.26365
-1.65035,-0.351996,1.2511,-1.67913,-0.556308,1.24674
-1.56908,-0.107128,1.24968,-1.57835,-0.215277,1.24507
-1.49298,0.120658,1.24723,-1.51563,-0.0144836,1.2397
-1.4165,0.348578,1.24672,-1.43016,0.18221,1.23836
-1.34466,0.562239,1.24623,-1.33417,0.467811,1.23762
-1.26391,0.801972,1.2457,-1.24081,0.724057,1.23709
-1.18624,1.03217,1.24522,-1.16848,0.937502,1.23643
-1.10847,1.26234,1.24476,-1.07466,1.19482,1.23594
-1.03139,1.49009,1.2443,-1.0016,1.41535,1.23558
-0.952612,1.72256,1.24387,-0.934677,1.58672,1.23491
-0.913586,1.85082,1.0778,-0.870687,1.79478,1.23806
-0.910587,1.85411,0.604723,-0.861196,1.8023,0.657859
-0.906438,1.85563,0.107252,-0.860511,1.79625,0.273758
-0.832459,1.83075,-0.35855,-0.856243,1.8009,6.10801
-0.5979,1.74288,-0.357803,-0.637425,1.72953,6.02203
-0.365593,1.65612,-0.35685,-0.434139,1.64149,6.00977
-0.147282,1.57484,-0.35581,-0.216462,1.59311,5.99241
0.0711201,1.4938,-0.354653,-0.0595603,1.51791,5.95578
0.280218,1.41649,-0.353465,0.153408,1.4687,5.95951
0.503521,1.33425,-0.352077,0.420156,1.32681,5.90774
0.715181,1.25663,-0.35069,0.602646,1.27117,5.90926
0.926955,1.17931,-0.349204,0.814751,1.17241,5.91066
1.12707,1.10659,-0.34772,1.1437,1.04452,5.91239
1.28018,1.05118,-0.346538,1.28871,0.987383,5.91374
1.45693,0.987473,-0.345118,1.40035,0.944146,5.91507
1.69038,0.903777,-0.343143,1.61615,0.867812,5.9168
1.82171,0.860863,-0.382818,1.79256,0.808753,5.9341
1.8247,0.858914,-0.766097,1.7789,0.795733,5.52275
1.82687,0.855607,-1.19357,1.80109,0.793706,5.1083
1.83249,0.813156,-1.49824,1.82123,0.772953,4.61995
1.83532,0.675905,-1.67023,1.79912,0.615719,4.51514
1.78789,0.406057,-1.76659,1.78035,0.414903,4.40238
1.73729,0.150561,-1.76586,1.75224,0.202838,4.42499
1.68302,-0.12464,-1.76498,1.66211,-0.0560595,4.40702
1.64585,-0.313871,-1.76435,1.59052,-0.351617,4.42715
1.6016,-0.539997,-1.76353,1.56063,-0.6025,4.44507
1.56281,-0.739119,-1.76278,1.5112,-0.818446,4.44607
1.5313,-0.901389,-1.76214,1.46521,-0.989875,4.44675
1.49231,-1.10303,-1.76134,1.41931,-1.13372,4.44751
1.45585,-1.2924,-1.76057,1.37142,-1.33274,4.4485
1.42236,-1.46704,-1.75981,1.33883,-1.45976,4.44945
1.3815,-1.68107,-1.75888,1.28681,-1.6536,4.45021
1.35294,-1.84324,-1.74561,1.23361,-1.85247,4.45105
1.35141,-1.84959,-2.1403,1.20754,-1.8877,4.15707
1.3485,-1.85241,-2.58727,1.20033,-1.90626,3.79288
1.34522,-1.85361,-2.96884,1.18888,-1.93049,3.24572
1.2487,-1.82749,2.80842,1.16813,-1.90875,2.75621
1.07841,-1.7605,2.76295,0.981221,-1.80507,2.64859
0.859692,-1.67339,2.76198,0.786196,-1.71599,2.65268
0.59686,-1.56833,2.76077,0.483169,-1.66207,2.71781
0.34113,-1.46575,2.7595,0.291399,-1.56898,2.71795
0.111085,-1.37314,2.75829,0.119409,-1.49976,2.71715
-0.116522,-1.28118,2.75705,-0.169549,-1.35554,2.716
-0.350975,-1.1861,2.75571,-0.421232,-1.23638,2.71479
-0.571382,-1.09638,2.75439,-0.608328,-1.1612,2.71347
-0.800944,-1.00257,2.75297,-0.81475,-1.05825,2.71199
-1.01415,-0.915087,2.75159,-1.04075,-0.955353,2.7101
-1.25271,-0.816791,2.74998,-1.25986,-0.854948,2.70851
-1.46565,-0.728659,2.74847,-1.46635,-0.761814,2.70725
-1.68772,-0.636337,2.74673,-1.68784,-0.658636,2.70573
-1.85968,-0.568673,2.71066,-1.85733,-0.575744,2.7041
-1.86334,-0.565676,2.18661,-1.88733,-0.542061,2.25765
-1.8649,-0.561662,1.71417,-1.87693,-0.543299,1.86697
-1.85109,-0.534072,1.226,-1.85192,-0.553573,1.37949
-1.75294,-0.31738,1.13876,-1.79394,-0.40048,1.18751
-1.65443,-0.103527,1.13961,-1.71362,-0.17036,1.19663
-1.55401,0.114961,1.14052,-1.6347,0.0542375,1.21086
-1.4611,0.317603,1.14142,-1.55585,0.246174,1.21149
-1.36005,0.538556,1.14247,-1.50378,0.413918,1.21307
-1.21876,0.848528,1.14397,-1.42119,0.656759,1.21697
-1.05006,1.22033,1.14588,-1.28204,1.04117,1.21864
-0.928382,1.48969,1.14731,-1.15521,1.34589,1.22034
-0.798892,1.77751,1.14891,-1.05997,1.63334,1.22214
-0.76571,1.85847,0.756749,-0.987501,1.76855,1.05591
-0.760491,1.86086,0.134292,-0.983349,1.76745,0.405544
-0.626734,1.80573,-0.453726,-0.935523,1.75323,6.00087
-0.324967,1.65876,-0.452472,-0.631179,1.65412,5.97336
-0.0996268,1.54935,-0.451308,-0.352747,1.58531,5.9746
0.152911,1.42714,-0.449889,-0.135348,1.5099,5.97538
0.349206,1.33247,-0.448675,0.140532,1.45197,5.97739
0.538845,1.2413,-0.447445,0.249843,1.40989,5.97807
0.737638,1.14604,-0.446078,0.489593,1.33512,5.97967
0.979532,1.03058,-0.444345,0.729742,1.26971,5.98128
1.29635,0.88018,-0.44193,1.10482,1.14376,5.98332
1.66795,0.705,-0.438906,1.4644,1.03604,5.9862
1.86369,0.615961,-0.432008,1.79446,0.93329,5.99074
1.86731,0.612978,-0.941212,1.82605,0.932519,5.65666
1.86902,0.607886,-1.52415,1.83668,0.91537,5.19162
1.78372,0.435073,-2.08544,1.78742,0.833935,4.44674
1.60884,0.125351,-2.084,1.63817,0.439924,4.42244
1.44669,-0.16279,-2.08261,1.5741,0.0946745,4.38727
1.32045,-0.387787,-2.08148,1.29829,-0.304389,4.38743
1.23601,-0.538592,-2.08073,1.41955,-0.406129,4.38901
1.1517,-0.68946,-2.07997,1.41493,-0.414216,4.38976
1.08213,-0.81414,-2.07931,1.35674,-0.566859,4.40609
1.01874,-0.927923,-2.07873,1.31075,-0.69741,4.39085
0.955418,-1.04174,-2.07813,1.2677,-0.825578,4.39145
0.890946,-1.15779,-2.07752,1.21345,-0.955883,4.39189
0.828973,-1.26949,-2.07692,1.17601,-1.08282,4.39222
0.753723,-1.40534,-2.07619,1.11661,-1.24697,4.3929
0.68584,-1.52809,-2.07554,1.08548,-1.34149,4.39363
0.611989,-1.66185,-2.07482,1.03898,-1.44141,4.39416
0.532195,-1.80663,-2.07402,0.973353,-1.62376,4.39494
0.51085,-1.85335,-2.27366,0.942832,-1.70367,4.25314
0.507557,-1.85579,-2.72087,0.929535,-1.72975,3.8428
0.504157,-1.85654,-3.09761,0.942208,-1.71385,3.42972
0.42361,-1.83036,2.79249,0.905666,-1.71652,3.06789
0.251783,-1.76784,2.79327,0.738687,-1.69495,3.01459
0.0563399,-1.69696,2.79423,0.611607,-1.69317,2.95937
-0.188657,-1.60841,2.79557,0.333318,-1.64399,3.02024
-0.469145,-1.50752,2.79724,0.125688,-1.60459,2.9854
-0.714425,-1.41975,2.79885,-0.170885,-1.56128,2.98682
-0.8914,-1.3567,2.80008,-0.400146,-1.52911,2.98754
-1.04957,-1.30056,2.80121,-0.561475,-1.50604,2.98923
-1.22906,-1.23711,2.80259,-0.751579,-1.47761,2.99047
-1.42046,-1.16976,2.8041,-0.952342,-1.44376,2.99148
-1.64035,-1.0928,2.80595,-1.23115,-1.40715,2.99364
-1.82489,-1.02857,2.80757,-1.46518,-1.36966,2.99488
-1.85695,-1.02172,2.49479,-1.66668,-1.35041,2.78821
-1.8595,-1.0187,2.06682,-1.6686,-1.32146,2.24907
-1.86054,-1.01511,1.66481,-1.72913,-1.31717,1.87769
-1.84176,-0.965236,1.2291,-1.72968,-1.34747,1.43911
-1.74937,-0.732073,1.19212,1.80819,-0.414509,4.32729
-1.64115,-0.45973,1.19314,1.65913,-0.782975,4.32796
-1.54151,-0.208237,1.1942,1.5373,-1.08546,4.32936
-1.43847,0.0526885,1.19537,1.52156,-1.12549,4.33096
-1.32018,0.353373,1.1968,-0.703158,0.939575,0.459066
-1.23882,0.560923,1.19784,-0.466105,1.057,0.460164
-1.13858,0.817566,1.19916,-0.27917,1.15005,0.461705
-1.01422,1.1374,1.20091,-0.141028,1.21855,0.463155
-0.876008,1.49485,1.20298,0.201426,1.39036,0.464858
-0.778002,1.74967,1.20451,0.49476,1.53959,0.46729
-0.748155,1.83902,0.955726,0.697349,1.62128,0.351459
-0.744016,1.84223,0.388209,0.647263,1.60433,6.12774
-0.709732,1.83929,-0.0987687,0.726443,1.61819,5.45096
-0.473848,1.76822,-0.370613,0.820808,1.48566,5.27996
-0.243047,1.67818,-0.37402,-1.63209,1.38435,0.182851
-0.005303,1.58465,-0.3758,-1.37971,1.4301,0.179303
0.215991,1.49707,-0.37783,-0.897448,1.51793,0.178334
0.51814,1.37643,-0.381368,-0.632137,1.56421,0.171889
0.776134,1.27269,-0.383344,-0.193557,1.63614,0.170182
1.0339,1.16837,-0.385755,0.0527151,1.6816,0.167989
1.19838,1.10137,-0.38855,0.416035,1.74382,0.167402
1.4023,1.01775,-0.389997,0.791606,1.76988,0.16688
1.62233,0.927037,-0.392018,0.914995,1.82105,0.164631
1.76352,0.868546,-0.393399,1.15442,1.85599,0.163304
1.8214,0.847573,-0.658675,1.20505,1.86637,0.0760443
1.82392,0.844552,-1.08652,1.20756,1.86522,5.81385
1.83417,0.806717,-1.40873,1.21091,1.86178,5.40374
1.84187,0.722867,-1.64035,1.08565,-1.95259,3.01442
1.7753,0.451913,-1.85968,0.823762,-1.85947,2.79999
1.70886,0.228657,-1.8602,0.61644,-1.78568,2.79956
1.64592,0.0174376,-1.86043,0.354973,-1.69251,2.79914
1.55358,-0.292172,-1.86078,-0.0202474,-1.55851,2.7988
1.48838,-0.51056,-1.86102,-0.319206,-1.45171,2.79868
1.44823,-0.644946,-1.86114,-0.706465,-1.31342,2.79839
1.40878,-0.776926,-1.86126,-0.785143,-1.28527,2.79839
1.35568,-0.954493,-1.86138,-0.947734,-1.22715,2.79831
1.2961,-1.15365,-1.86151,-1.17624,-1.14535,2.79785
1.25588,-1.28802,-1.86159,-1.3132,-1.09351,2.79792
1.2013,-1.47037,-1.86167,-1.44017,-1.05078,2.79757
1.1395,-1.6767,-1.86176,-1.46662,-1.04132,2.79739
1.08962,-1.85498,-2.02124,-1.67585,-0.960642,2.78432
1.08695,-1.8583,-2.48902,-1.65363,-0.968652,2.31612
1.08116,-1.86013,3.1211,-1.64313,-0.967457,1.83936
0.913684,-1.80428,2.80688,-1.22982,-1.28267,1.51252
0.63684,-1.70814,2.80799,-1.58096,-0.618962,1.43697
0.395394,-1.6246,2.80913,-1.54418,-0.423695,1.43838
0.106472,-1.52506,2.81065,-1.52024,-0.207585,1.43992
-0.128101,-1.44462,2.81203,-1.47829,0.134538,1.44125
-0.348563,-1.36936,2.8134,-1.45535,0.296331,1.44208
-0.540669,-1.30406,2.81469,-1.43248,0.503617,1.44371
-0.711502,-1.24623,2.81588,-1.39576,0.794783,1.44465
-0.889532,-1.18622,2.8172,-1.37467,0.97814,1.44584
-1.05339,-1.13121,2.81847,-1.36285,1.08332,1.44731
-1.26723,-1.05979,2.82021,-1.33896,1.27639,1.44895
-1.43602,-1.00371,2.82165,-1.32372,1.39388,1.45117
-1.63581,-0.937682,2.82343,-1.30314,1.56448,1.45292
-1.82697,-0.877993,2.72383,-1.28552,1.77018,1.47478
-1.83154,-0.873734,2.05189,-1.27014,1.78508,0.747343
-1.84576,-0.833699,1.84613,-1.24631,1.79707,0.448934
-1.84482,-0.827135,1.46179,-1.21822,1.83622,0.161732
-1.80826,-0.678041,1.31645,-1.11365,1.82588,6.15855
-1.76034,-0.493944,1.31427,-0.852032,1.76362,4.34981
-1.71318,-0.314869,1.31318,-0.676206,1.78371,4.3489
-1.6653,-0.133251,1.31287,-0.531109,1.91446,6.25861
-1.61864,0.0435219,1.31265,-0.389091,1.90977,6.25835
-1.55915,0.268709,1.31245,-0.20386,1.90517,6.25809
-1.50282,0.481784,1.31228,0.107333,1.89961,6.25799
-1.4503,0.680322,1.31215,0.283915,1.89526,6.25782
-1.39454,0.890957,1.31203,0.500987,1.88991,6.25773
-1.3407,1.09433,1.31198,0.768173,1.88379,6.2574
-1.28748,1.29527,1.31193,0.945088,1.87921,6.25748
-1.22465,1.53253,1.31197,1.16572,1.87321,6.25699
-1.17015,1.73832,1.31199,1.36841,1.86702,6.25733
-1.14575,1.83979,1.06132,1.56056,1.85474,6.21104
-1.14251,1.84314,0.563877,1.59446,1.85035,5.62156
-1.13437,1.84467,-0.00291239,1.60898,1.84452,5.02399
-0.887758,1.81306,-0.210295,1.59655,1.67486,4.71542
-0.618326,1.75564,-0.20971,1.59768,1.35371,4.69765
-0.397851,1.70875,-0.209188,1.59862,1.10372,4.69827
-0.192045,1.66511,-0.208565,1.60026,0.85953,4.71741
0.0162406,1.62109,-0.207882,1.47758,0.791243,4.72175
0.246618,1.57257,-0.207036,0.0491373,1.36965,6.13155
0.452524,1.52939,-0.20622,0.305166,1.33074,6.13267
0.658469,1.48638,-0.20536,0.501664,1.30099,6.13325
0.888978,1.43847,-0.204334,0.670895,1.27489,6.13422
1.10973,1.39283,-0.203278,0.918788,1.23897,6.1351
1.28636,1.35648,-0.202407,1.12386,1.20869,6.13615
1.46303,1.32029,-0.201487,1.25972,1.18905,6.1371
1.62747,1.28677,-0.200565,1.45616,1.15815,6.13805
1.82238,1.24778,-0.196906,1.66988,1.12909,6.13943
1.84372,1.24608,-0.519425,1.73244,1.10605,5.90697
1.84642,1.24373,-0.896802,1.70604,1.10741,5.41476
1.84811,1.24029,-1.32898,1.8201,1.08671,4.87509
1.84292,1.20937,-1.71078,1.83894,1.08233,4.51626
1.79641,1.01188,-1.81676,1.756,0.908751,4.41919
1.74759,0.817563,-1.81708,1.71266,0.715855,4.44152
1.69626,0.613545,-1.81734,1.6674,0.529112,4.40691
1.64366,0.404683,-1.81751,1.61103,0.311477,4.40673
1.59656,0.217683,-1.81761,1.55053,0.255194,4.3947
1.53963,-0.00816686,-1.81774,1.49244,0.0583357,4.39459
1.48267,-0.234012,-1.81782,1.42535,-0.136275,4.39459
1.42387,-0.467138,-1.81785,1.36205,-0.387694,4.39461
1.37732,-0.651696,-1.81783,1.38654,-0.611702,4.46503
1.33078,-0.836254,-1.81777,1.3115,-0.776221,4.46512
1.27812,-1.0451,-1.8177,1.25029,-0.981362,4.46535
1.21569,-1.29281,-1.81756,1.22572,-1.22594,4.46566
1.16309,-1.50167,-1.8174,1.16261,-1.40969,4.46578
1.10258,-1.74211,-1.81716,1.0842,-1.67002,4.46614
1.0839,-1.83007,-2.23117,0.854264,-1.8001,4.1956
1.07995,-1.83299,-2.75885,0.860316,-1.74478,3.55463
0.989735,-1.84024,-3.08756,0.829194,-1.83324,2.96156
0.817298,-1.83041,2.92145,0.594207,-1.80518,2.83618
0.580399,-1.77693,2.91886,0.42431,-1.7631,2.80329
0.384983,-1.73263,2.91832,0.230524,-1.70456,2.85451
0.179817,-1.68596,2.91745,0.111878,-1.629,2.80156
-0.0839154,-1.62562,2.91579,-0.141439,-1.58051,2.80055
-0.318471,-1.57151,2.91402,-0.382346,-1.56515,2.85678
-0.523775,-1.52379,2.91241,-0.613576,-1.49229,2.85574
-0.763198,-1.46766,2.91025,-0.820077,-1.41215,2.85421
-0.948785,-1.42374,2.90836,-0.946401,-1.3945,2.85166
-1.08792,-1.39056,2.90691,-1.11304,-1.38753,2.85058
-1.24652,-1.35247,2.90529,-1.27095,-1.34125,2.84899
-1.41969,-1.31057,2.90346,-1.44875,-1.28544,2.84675
-1.54647,-1.27968,2.90209,-1.54041,-1.25931,2.84525
-1.73656,-1.23302,2.90007,-1.68398,-1.21238,2.84372
-1.85398,-1.20825,2.72092,-1.8883,-1.15062,2.83645
-1.85687,-1.20572,2.12378,-1.89898,-1.14105,2.12416
-1.85786,-1.20267,1.6419,-1.90042,-1.13617,1.6799
-1.83286,-1.13218,1.2052,-1.9033,-1.11249,1.29655
-1.74307,-0.943562,1.11721,-1.81244,-0.940442,1.0773
-1.65532,-0.763428,1.11799,-1.72684,-0.80342,1.02558
-1.54806,-0.542646,1.1192,-1.63024,-0.602179,1.08631
-1.43995,-0.31948,1.12029,-1.49577,-0.361939,1.08664
-1.31249,-0.0555837,1.12162,-1.34784,-0.108862,1.08835
-1.15178,0.27848,1.12334,-1.20775,0.207283,1.08992
-0.984102,0.628651,1.12524,-0.993381,0.53538,1.09103
-0.833229,0.94521,1.127,-0.84308,0.848167,1.09255
-0.634732,1.36393,1.12941,-0.599128,1.30241,1.09433
-0.487331,1.67659,1.13129,-0.448726,1.57947,1.0967
-0.42491,1.81823,1.01129,-0.353729,1.77342,1.10922
-0.388494,1.85263,0.570948,-0.318366,1.85223,0.662154
-0.383373,1.85403,-0.00633122,-0.341039,1.84997,6.09967
-0.178888,1.79406,-0.340075,-0.209666,1.78918,5.83329
0.0663629,1.70689,-0.343911,0.210859,1.75828,5.89655
0.379868,1.59423,-0.346313,0.448746,1.63959,5.82124
0.716261,1.47204,-0.349873,0.777952,1.50205,5.81929
0.883305,1.41099,-0.350837,0.941126,1.41344,5.89045
1.0503,1.34977,-0.351867,1.06678,1.33815,5.82467
1.20546,1.29268,-0.353106,1.29486,1.25652,5.81525
1.36761,1.23279,-0.354467,1.4521,1.19243,5.81423
1.52725,1.17367,-0.356871,1.55655,1.12531,5.81322
1.67725,1.11757,-0.358207,1.68936,1.10233,5.88508
1.82164,1.06775,-0.401258,1.85803,1.0241,5.88861
1.82501,1.0653,-0.839838,1.80565,1.03898,5.49222
1.82781,1.05895,-1.4074,1.80717,1.00529,4.88269
1.82922,0.938493,-1.67236,1.93894,0.849196,4.54026
1.80465,0.696828,-1.67177,1.89396,0.631987,4.49608
1.78198,0.472583,-1.67111,1.84247,0.456164,4.4719
1.77465,0.382987,-1.73773,1.84239,0.342702,4.49554
1.77416,0.38003,-2.04287,1.80667,0.339152,4.23562
1.77251,0.377694,-2.33594,1.80519,0.329244,3.93947
1.76988,0.375779,-2.67252,1.80293,0.335257,3.59988
1.76582,0.374797,-3.10253,1.80173,0.335875,3.19942
1.763,0.374983,2.88725,1.80074,0.337217,2.85199
1.75988,0.375896,2.5572,1.79345,0.339082,2.58365
1.75805,0.377481,2.31174,1.79145,0.341458,2.33181
1.75652,0.379759,2.03055,1.79,0.343378,2.06316
1.75395,0.391425,1.70217,1.78923,0.347008,1.75397
1.74269,0.53101,1.62863,1.78655,0.440818,1.60357
1.7305,0.650114,1.70174,1.77226,0.556701,1.66583
1.71549,0.754317,1.7216,1.75567,0.669791,1.71462
1.70174,0.853906,1.69765,1.74896,0.785727,1.66993
1.68242,0.989931,1.71895,1.73269,0.901112,1.68735
1.66026,1.13681,1.72094,1.72256,1.05108,1.68625
1.63664,1.28441,1.73427,1.72968,1.12168,1.67894
1.61212,1.41025,1.77976,1.71713,1.26229,1.71349
1.57822,1.55365,1.81456,1.69045,1.39181,1.74949
1.54764,1.68058,1.80197,1.66944,1.50621,1.73703
1.54002,1.71604,1.56338,1.67774,1.61152,1.61009
1.54035,1.71933,1.21808,1.67984,1.61502,1.23171
1.54195,1.7225,0.850285,1.667,1.61824,0.891894
1.54496,1.72477,0.460977,1.66501,1.61962,0.515191
1.54943,1.72585,0.114864,1.67289,1.6004,0.220771
1.55307,1.7257,-0.261373,1.67486,1.61851,5.93569
1.55644,1.72456,-0.623896,1.63333,1.77408,5.78925
1.55928,1.7213,-1.06776,1.63373,1.77232,5.28539
1.56038,1.71763,-1.46236,1.63583,1.76786,4.87843
1.56219,1.54847,-1.59899,1.62913,1.6545,4.66989
1.56374,1.4122,-1.5361,1.65298,1.47675,4.69816
1.5736,1.2501,-1.49822,1.65413,1.33637,4.69663
1.58773,1.10545,-1.46005,1.68408,1.14435,4.74066
1.60276,0.962612,-1.46933,1.6938,0.946526,4.73395
1.61224,0.866671,-1.47439,1.70348,0.854871,4.72706
1.62491,0.733754,-1.47666,1.70655,0.752043,4.72223
1.63684,0.608867,-1.47512,1.70953,0.644525,4.72429
1.64696,0.50296,-1.476,1.71139,0.499069,4.72472
1.65742,0.392045,-1.4775,1.71239,0.394248,4.72288
1.66849,0.274135,-1.47722,1.71441,0.284609,4.72295
1.67826,0.170207,-1.47714,1.7151,0.182959,4.72313
1.69095,0.0353015,-1.47714,1.71619,0.0681747,4.72309
1.70055,-0.0666231,-1.47684,1.71864,-0.207348,4.72254
1.70785,-0.143557,-1.47571,1.7197,-0.290841,4.72373
1.71511,-0.219489,-1.47541,1.72081,-0.36031,4.72419
1.72475,-0.320404,-1.47578,1.72217,-0.463948,4.72362
1.7359,-0.437308,-1.47585,1.72276,-0.573971,4.72363
1.74756,-0.5592,-1.47537,1.72446,-0.670913,4.72403
1.75808,-0.669105,-1.47554,1.72541,-0.789322,4.72363
1.76835,-0.776006,-1.47489,1.72699,-0.913868,4.72387
1.78022,-0.898885,-1.47442,1.72875,-1.018,4.72425
1.79112,-1.01178,-1.47486,1.73043,-1.1485,4.72407
1.80015,-1.1057,-1.47515,1.73155,-1.25556,4.72384
1.81465,-1.25656,-1.47514,1.73291,-1.36661,4.72389
1.82906,-1.40642,-1.47509,1.73472,-1.54579,4.72388
1.83009,-1.42291,-1.75327,1.72419,-1.59568,4.53529
1.82938,-1.42621,-2.09838,1.72042,-1.5989,4.20368
1.82703,-1.42889,-2.46444,1.71706,-1.59514,3.85626
1.82366,-1.4306,-2.85657,1.71456,-1.59613,3.44778
1.81966,-1.43091,3.12885,1.70877,-1.59525,3.10244
1.68977,-1.45494,-2.86231,1.63702,-1.61424,3.32535
1.56539,-1.50083,-2.74915,1.49168,-1.67677,3.44217
1.48085,-1.53279,-2.94321,1.38056,-1.69903,3.33465
1.47743,-1.53287,2.98611,1.38498,-1.70779,2.96117
1.47355,-1.53198,2.58116,1.42492,-1.64811,2.59521
1.47066,-1.52915,2.16767,1.29519,-1.70313,2.2321
1.46922,-1.5256,1.77318,1.29438,-1.69874,1.805
1.45907,-1.41585,1.63189,1.29412,-1.64036,1.57316
1.43998,-1.26631,1.73373,1.30064,-1.50328,1.63891
1.41087,-1.13356,1.81468,1.28398,-1.3706,1.69007
1.38774,-1.04745,1.84611,1.26843,-1.24082,1.7164
1.35867,-0.949398,1.86823,1.25031,-1.16778,1.7357
1.33809,-0.879997,1.93139,1.24942,-1.07399,1.72649
1.33836,-0.882062,2.25209,1.24154,-1.07461,2.09535
1.33913,-0.883248,2.4977,1.24971,-1.07543,2.33189
1.34036,-0.884018,2.75834,1.26157,-1.07621,2.55948
1.34188,-0.884444,3.04111,1.2674,-1.06369,2.94388
1.31742,-0.879909,3.00521,1.24306,-1.05825,2.92099
1.31899,-0.879979,-3.02511,1.24739,-0.950047,3.14529
1.32053,-0.879941,-2.79251,1.24871,-1.05739,3.3659
1.32221,-0.879764,-2.54261,1.24683,-1.05796,3.57091
1.32369,-0.879245,-2.29507,1.24827,-1.05717,3.81823
1.32464,-0.877979,-2.01995,1.24905,-1.05647,4.11981
1.32514,-0.876673,-1.76969,1.24967,-1.05431,4.42512
1.31952,-0.934775,-1.66669,1.24742,-1.08532,4.53495
1.30777,-1.03678,-1.69775,1.22722,-1.18012,4.52477
1.28801,-1.17417,-1.72265,1.1982,-1.30768,4.47875
1.26935,-1.30832,-1.70014,1.18955,-1.39373,4.51462
1.24762,-1.44756,-1.74072,1.15526,-1.53849,4.46658
1.245,-1.46493,-2.02441,1.14882,-1.5789,4.3613
1.24319,-1.46756,-2.3525,1.14435,-1.5817,3.97602
1.2407,-1.46934,-2.66903,1.14792,-1.57983,3.62296
1.23714,-1.47031,-3.04873,1.14,-1.59092,3.17975
1.23443,-1.47037,3.07626,1.19242,-1.54775,3.08046
1.17106,-1.49367,-2.61956,1.14076,-1.56861,3.63719
1.16725,-1.49485,-3.032,1.13388,-1.56924,3.28804
1.16388,-1.49472,2.90235,1.14271,-1.57695,2.89938
1.16062,-1.49378,2.55715,1.14064,-1.57524,2.54492
1.1585,-1.49186,2.26654,1.06675,-1.6125,2.27946
1.15676,-1.48866,1.89229,1.06477,-1.61169,1.88917
1.14318,-1.4108,1.7094,1.04113,-1.58799,1.58546
1.12371,-1.29009,1.74717,1.04514,-1.44153,1.54414
1.0904,-1.15709,1.85437,1.04541,-1.31841,1.65119
1.04912,-1.02502,1.8843,1.03155,-1.18622,1.70965
1.02332,-0.94127,1.966,0.983791,-1.12013,1.73222
1.02366,-0.943434,2.30616,0.984498,-1.129,2.06384
1.02491,-0.9447,2.62133,0.985565,-1.20509,2.39837
1.02652,-0.94539,2.93895,0.986487,-1.20655,2.719
1.02296,-0.945065,3.01421,0.987991,-1.20684,2.96471
0.953087,-0.860168,1.87369,0.957172,-1.13438,2.03142
0.943146,-0.814763,1.81549,0.953501,-1.04855,1.63961
0.943092,-0.816139,2.04296,0.946745,-1.0722,1.88122
0.943358,-0.817701,2.29148,0.950495,-1.07298,2.12493
0.944433,-0.818926,2.5793,0.951519,-1.07403,2.36561
0.945688,-0.819578,2.83495,0.950457,-1.07204,2.78262
0.947271,-0.819874,3.12008,0.954425,-1.0724,2.97786
0.948968,-0.81988,-2.9055,0.956689,-1.07464,3.24001
0.951073,-0.81972,-2.59129,0.957831,-1.07387,3.5668
0.952533,-0.819408,-2.36616,0.959715,-1.07112,3.73594
0.953451,-0.818493,-2.1456,0.960697,-1.07034,3.99826
0.954122,-0.817254,-1.89524,0.957993,-1.0691,4.19301
0.954443,-0.81578,-1.62765,0.957791,-1.06735,4.51719
0.953276,-0.905078,-1.55332,0.953714,-1.11435,4.65307
0.953257,-1.0087,-1.58385,0.945767,-1.18814,4.64189
0.950808,-1.10522,-1.60505,0.946883,-1.28428,4.61658
0.947742,-1.17656,-1.62068,0.925278,-1.35505,4.5988
0.945392,-1.23864,-1.59747,0.937487,-1.40054,4.61782
0.942656,-1.30804,-1.62165,0.931156,-1.48143,4.61117
0.938374,-1.37526,-1.66038,0.941527,-1.54184,4.65089
0.938211,-1.37693,-1.83599,0.939633,-1.55405,4.5029
0.937816,-1.37894,-2.04393,0.95023,-1.54602,4.29067
0.936907,-1.38042,-2.2217,0.906245,-1.59139,3.99504
0.935797,-1.38163,-2.38972,0.90492,-1.59229,3.83108
0.934586,-1.38258,-2.54796,0.905115,-1.54871,3.622
0.933084,-1.38339,-2.72394,0.947699,-1.53355,3.46465
0.931434,-1.38392,-2.9025,0.944907,-1.53394,3.35707
0.929968,-1.38414,-3.05335,0.943457,-1.53403,3.18819
0.928564,-1.3842,-3.11018,0.942238,-1.53343,3.06437
0.898497,-1.39589,-2.56688,0.929278,-1.53751,3.42506
0.867016,-1.43532,-1.99092,0.903666,-1.55038,3.98175
0.866315,-1.43703,-2.12486,0.894425,-1.57267,4.18936
0.865441,-1.43821,-2.27522,0.877008,-1.56573,3.93143
0.864212,-1.43941,-2.45087,0.877896,-1.56639,3.77783
0.862774,-1.44037,-2.62929,0.904,-1.51794,3.70957
0.860194,-1.44133,-2.91347,0.901435,-1.51917,3.42561
0.856624,-1.44148,3.00047,0.897106,-1.51934,3.00959
0.852495,-1.44051,2.56761,0.893313,-1.51469,2.67471
0.849627,-1.43762,2.15148,0.891102,-1.5109,2.24603
0.848336,-1.43451,1.80467,0.890544,-1.50665,1.86465
0.839813,-1.34848,1.65434,0.89095,-1.46197,1.56669
0.816923,-1.22796,1.82331,0.856122,-1.34993,1.74452
0.782439,-1.08643,1.80055,0.821638,-1.20713,1.7548
0.762435,-0.977912,1.78101,0.801031,-1.05998,1.72162
0.762616,-0.980272,2.14504,0.779783,-1.03829,1.99846
0.763429,-0.982072,2.47994,0.780916,-1.07971,2.35021
0.764458,-0.982771,2.70331,0.793129,-1.07975,2.64981
0.76572,-0.983244,2.94648,0.79662,-1.07998,2.85573
0.764392,-0.983113,3.13883,0.796811,-1.08003,3.10088
0.766794,-0.983076,-2.77781,0.802896,-1.02358,3.42469
0.770023,-0.982245,-2.25807,0.805621,-1.02184,3.8992
0.771011,-0.980733,-1.94083,0.806293,-1.01955,4.27579
0.771385,-0.979437,-1.70045,0.80646,-1.01789,4.51754
0.751273,-1.07752,-1.83968,0.794726,-1.09231,4.5047
0.731924,-1.13179,-2.13835,0.749407,-1.16992,4.21528
0.730056,-1.13395,-2.43137,0.744422,-1.15954,3.92271
0.727638,-1.13545,-2.7279,0.741834,-1.16038,3.56667
0.725286,-1.13612,-2.98201,0.742246,-1.15466,3.26408
0.721594,-1.13623,3.12163,0.7377,-1.16017,3.07351
0.701762,-1.13996,-2.93993,0.713232,-1.17808,3.32796
0.69951,-1.1401,3.11492,0.711407,-1.1798,3.08313
0.697614,-1.13997,2.91469,0.709759,-1.17971,2.99113
0.695653,-1.13964,2.71481,0.707993,-1.17877,2.76957
0.694004,-1.13886,2.52986,0.706942,-1.17766,2.58108
0.692533,-1.13758,2.33197,0.705992,-1.1773,2.31328
0.691407,-1.13612,2.14378,0.704151,-1.31695,2.15397
0.690565,-1.13444,1.95035,0.703339,-1.17435,1.98475
0.690068,-1.13264,1.75928,0.702846,-1.31265,1.80268
0.681398,-1.07834,1.7502,0.697895,-1.26458,1.73234
0.660805,-0.996837,1.8748,0.672222,-1.06774,1.83527
0.658898,-0.989639,2.01337,0.669295,-1.16611,1.94678
0.659039,-0.9907,2.17749,0.672901,-1.17868,2.07214
0.659273,-0.991664,2.33621,0.673803,-1.17931,2.22102
0.65982,-0.992287,2.48022,0.670967,-1.18002,2.31974
0.660804,-0.992963,2.69373,0.672156,-1.18084,2.53196
0.661584,-0.993309,2.84756,0.675817,-1.18124,2.70824
0.662622,-0.993544,3.03846,0.677684,-1.18148,3.01834
0.631092,-0.985877,2.8118,0.663411,-1.17875,2.93831
0.56996,-0.947143,2.38368,0.600668,-1.13065,2.5507
0.521641,-0.891425,2.21681,0.564721,-1.07616,2.23318
0.482424,-0.844269,2.32303,0.503166,-1.00343,2.25334
0.481295,-0.842991,2.16538,0.495866,-0.989818,2.18516
0.480394,-0.841282,1.9642,0.493335,-0.986241,2.01101
0.479927,-0.839755,1.79807,0.497707,-0.995049,1.85738
0.47784,-0.826518,1.74552,0.497295,-0.993068,1.76162
0.469143,-0.793729,1.93039,0.481016,-0.962531,1.95179
0.468742,-0.792515,1.79747,0.467353,-0.94411,1.93495
0.468536,-0.790842,1.62684,0.4824,-0.948414,1.74862
0.468571,-0.789425,1.47891,0.482495,-0.94638,1.54949
0.468691,-0.788081,1.33882,0.482785,-0.945645,1.35552
0.468925,-0.786598,1.18633,0.48333,-0.944072,1.17568
0.469285,-0.785376,1.0564,0.484016,-0.942947,1.04998
0.47002,-0.784272,0.921202,0.484647,-0.94214,0.94057
0.470846,-0.783332,0.793326,0.48529,-0.941256,0.789321
0.471725,-0.782553,0.672811,0.486541,-0.940237,0.678963
0.472773,-0.78184,0.542193,0.487552,-0.939448,0.567307
0.474042,-0.781217,0.396371,0.488715,-0.938627,0.4251
0.475249,-0.780822,0.265614,0.489967,-0.938261,0.282478
0.482466,-0.779349,0.158251,0.491276,-0.937921,0.148156
0.538058,-0.763466,0.375836,0.516904,-0.930872,0.260203
0.597198,-0.733301,0.538883,0.597393,-0.896219,0.44822
0.610679,-0.725078,0.709823,0.619234,-0.867792,0.677853
0.60974,-0.725613,0.888138,0.616716,-0.868478,0.860461
0.609123,-0.726434,1.06658,0.616405,-0.869275,1.02103
0.60865,-0.727398,1.25748,0.6156,-0.871035,1.19888
0.608396,-0.728398,1.4408,0.61544,-0.871296,1.34717
0.623753,-0.679937,1.18005,0.645554,-0.820723,1.11115
0.623347,-0.681349,1.45078,0.653474,-0.821635,1.33954
0.623297,-0.682851,1.69909,0.653571,-0.822844,1.61247
0.623341,-0.684666,1.97942,0.653934,-0.823202,1.90414
0.623613,-0.686505,2.26691,0.654994,-0.825565,2.14797
0.624423,-0.687655,2.51251,0.656259,-0.826414,2.42723
0.625774,-0.688453,2.79547,0.657872,-0.827005,2.70621
0.626849,-0.688736,3.04026,0.659636,-0.827349,2.92491
0.531271,-0.66672,2.83066,0.604845,-0.802478,2.79013
0.470837,-0.645483,2.72742,0.537857,-0.769636,2.71882
0.469098,-0.644707,2.533,0.528159,-0.764793,2.54514
0.467605,-0.64341,2.3328,0.510874,-0.763245,2.37847
0.46624,-0.641556,2.09695,0.50799,-0.754538,2.16088
0.465448,-0.63974,1.89344,0.529248,-0.759329,1.91251
0.462637,-0.627427,1.82763,0.529371,-0.756891,1.71831
0.448885,-0.596529,2.07938,0.511458,-0.712212,2.07162
0.448086,-0.594557,1.86074,0.510836,-0.709528,1.85478
0.447746,-0.592635,1.66211,0.510231,-0.708052,1.67254
0.447774,-0.590649,1.45622,0.510632,-0.707633,1.49915
0.447997,-0.588689,1.25331,0.511332,-0.703457,1.27055
0.448536,-0.586729,1.04573,0.512741,-0.702508,1.08765
0.449842,-0.584982,0.822831,0.514078,-0.699541,0.862369
0.451123,-0.583843,0.647103,0.51425,-0.692998,0.716435
0.4526,-0.582943,0.468683,0.515613,-0.691649,0.532948
0.454453,-0.582263,0.265018,0.516211,-0.690962,0.331166
0.470036,-0.580088,0.132904,0.518342,-0.691011,0.114721
0.547755,-0.558669,0.366381,0.573572,-0.669416,0.311701
0.552433,-0.557198,0.689353,0.598134,-0.657153,0.531096
0.551271,-0.557874,0.912203,0.583573,-0.655952,0.879597
0.550523,-0.558991,1.14771,0.583036,-0.659395,1.09014
0.561323,-0.526547,1.12991,0.583143,-0.656466,1.3439
0.613664,-0.468233,0.666103,0.678882,-0.596493,0.444846
0.611977,-0.469336,1.01579,0.674095,-0.597094,0.902827
0.61111,-0.471556,1.44225,0.673528,-0.598958,1.34883
0.611053,-0.472792,1.64822,0.672575,-0.606569,1.56876
0.611056,-0.473664,1.78195,0.661477,-0.608071,1.79149
0.611088,-0.474473,1.90573,0.661895,-0.608942,1.91134
0.611159,-0.475382,2.04432,0.66223,-0.610176,2.1132
0.611301,-0.476371,2.19785,0.674209,-0.612638,2.27049
0.611583,-0.477326,2.35885,0.675415,-0.613078,2.33611
0.612324,-0.478045,2.54015,0.675832,-0.61317,2.4941
0.613229,-0.478605,2.73125,0.676675,-0.613716,2.66848
0.613874,-0.478869,2.85776,0.677261,-0.614049,2.75577
0.614838,-0.479087,3.03385,0.67853,-0.614429,3.017
0.57147,-0.47248,2.92965,0.655245,-0.611409,2.99891
0.494935,-0.446673,2.70658,0.586276,-0.578507,2.77379
0.457081,-0.429085,2.60454,0.51459,-0.545156,2.68231
0.455835,-0.428203,2.4491,0.511509,-0.544039,2.56063
0.454734,-0.42712,2.29098,0.512119,-0.544192,2.47235
0.453712,-0.425691,2.11008,0.508913,-0.542984,2.24011
0.453062,-0.424346,1.95675,0.510665,-0.562127,2.02853
0.45262,-0.422865,1.79833,0.510447,-0.561412,1.89095
0.450817,-0.409472,1.73099,0.446748,-0.52145,1.68864
0.449193,-0.398248,1.65944,0.442402,-0.495158,1.73862
0.449194,-0.396949,1.52654,0.441218,-0.493919,1.60266
0.449273,-0.395745,1.39886,0.443872,-0.496028,1.476
0.449396,-0.394679,1.28888,0.442718,-0.491926,1.3628
0.449637,-0.393342,1.15139,0.442794,-0.492071,1.20146
0.450461,-0.391633,0.956272,0.443866,-0.490155,1.02709
0.451491,-0.390415,0.793343,0.444809,-0.48766,0.86346
0.452723,-0.389372,0.627622,0.445595,-0.486304,0.680173
0.45404,-0.38859,0.469292,0.435128,-0.485415,0.516838
0.455168,-0.388122,0.343564,0.448282,-0.484641,0.37133
0.456665,-0.387744,0.185123,0.449408,-0.484572,0.238417
0.496912,-0.382127,0.159204,0.458461,-0.482249,0.153909
0.553808,-0.369783,0.266734,0.517872,-0.471036,0.216476
0.60623,-0.352268,0.364529,0.569546,-0.452345,0.305504
0.634837,-0.341386,0.599504,0.616286,-0.419779,0.520465
0.633754,-0.341632,0.768027,0.612597,-0.422387,0.710906
0.632976,-0.342305,0.941496,0.614753,-0.421598,0.865932
0.63258,-0.342861,1.06048,0.611215,-0.42824,1.05785
0.632297,-0.343374,1.16456,0.632165,-0.445423,1.16334
0.632037,-0.344005,1.28606,0.631885,-0.446146,1.28652
0.632229,-0.343752,1.39083,0.631775,-0.449095,1.41662
0.639774,-0.29961,1.41614,0.629279,-0.419866,1.44327
0.648257,-0.245024,1.41597,0.635704,-0.374236,1.43714
0.658848,-0.176552,1.41859,0.640842,-0.28349,1.45773
0.671856,-0.0971167,1.40073,0.648246,-0.193991,1.39678
0.684666,-0.0159272,1.42524,0.658697,-0.112269,1.4151
0.696882,0.0715253,1.43685,0.670692,-0.0102199,1.43228
0.704645,0.128276,1.43275,0.675427,0.0482533,1.42783
0.713835,0.192952,1.4272,0.690891,0.0989551,1.41878
0.724602,0.26948,1.4352,0.719781,0.225977,1.41244
0.740654,0.413947,1.4738,0.740562,0.352894,1.4508
0.75399,0.563903,1.48635,0.762076,0.547382,1.46515
0.757381,0.605744,1.63886,0.75372,0.606152,1.55965
0.757431,0.603646,1.95928,0.7669,0.620141,1.89352
0.757637,0.601737,2.2599,0.767417,0.619487,2.17376
0.758504,0.600506,2.52298,0.770724,0.630875,2.38561
0.759448,0.599907,2.724,0.771042,0.630767,2.62836
0.760487,0.59952,2.92493,0.77448,0.645738,2.97395
0.726844,0.609355,2.64164,0.738127,0.651727,2.7934
0.725365,0.610348,2.46161,0.735451,0.657093,2.57277
0.723927,0.611805,2.25356,0.737146,0.65137,2.37695
0.722833,0.613518,2.04519,0.736863,0.653085,2.17642
0.722097,0.615543,1.82398,0.73469,0.661525,2.014
0.721822,0.617706,1.60528,0.734182,0.662841,1.72766
0.710701,0.677772,1.87614,0.72372,0.713707,1.88039
0.709608,0.686793,1.69352,0.7168,0.743548,1.81344
0.709618,0.689242,1.44031,0.716702,0.745269,1.59087
0.709788,0.690765,1.28269,0.716898,0.75125,1.34901
0.71005,0.692173,1.13773,0.717391,0.751553,1.23343
0.710695,0.693539,0.982696,0.717911,0.753968,1.07882
0.711744,0.694837,0.812283,0.719305,0.754944,0.88229
0.712976,0.695916,0.644076,0.722507,0.756377,0.680043
0.71415,0.696655,0.500874,0.726292,0.75708,0.473839
0.715934,0.697382,0.302208,0.728413,0.757741,0.276468
0.716566,0.69757,0.247458,0.730006,0.757951,0.162753
0.715269,0.697497,0.440808,0.729149,0.771251,0.348647
0.714306,0.697378,0.584456,0.740637,0.756833,0.494397
0.713445,0.697215,0.715651,0.741508,0.755905,0.662935
0.712678,0.696806,0.856736,0.740963,0.755661,0.802478
0.712131,0.696155,1.00292,0.725513,0.744678,0.946703
0.711747,0.69553,1.13183,-0.775969,-1.02579,3.85745
0.711414,0.695116,1.04535,-0.774958,-1.02485,3.86222
0.712207,0.696269,0.902636,-0.776185,-1.02557,3.74293
0.713431,0.697541,0.721953,-0.777455,-1.0263,3.60574
0.714984,0.698637,0.526016,-0.779511,-1.02678,3.37944
0.716515,0.69933,0.352489,-0.781022,-1.027,3.21323
0.718155,0.699749,0.178967,-0.782937,-1.02696,3.12479
0.719956,0.699879,-0.00200806,-0.784993,-1.02703,2.98876
0.721993,0.699737,-0.217665,-0.786473,-1.02681,2.8102
0.72403,0.699398,-0.425394,-0.788078,-1.02515,2.55916
0.726056,0.698342,-0.657862,-0.789806,-1.02354,2.30938
0.727561,0.69688,-0.870848,-0.792652,-1.02164,2.24387
0.728748,0.695054,-1.09431,-0.598209,-0.232756,1.76302
0.723107,0.601532,-1.86991,-0.582755,-0.300617,5.21132
0.746153,0.560837,-0.650543,-0.821057,-0.927333,2.31861
0.778173,0.496044,-1.42956,-0.84332,-0.900078,2.27284
0.731393,0.421025,-2.52448,1.55285,1.20132,0.242051
0.786843,0.488592,-1.58068,1.54089,1.19861,0.226363
0.754992,0.579045,-0.804151,1.49925,1.14129,0.911081
0.734587,0.592862,0.480695,0.0225699,-0.548854,5.19213
0.725323,0.587727,1.70975,0.00973371,-0.55228,0.577484
0.699807,0.628912,2.27326,-0.185867,-1.0711,5.87257
0.680885,0.640413,3.02076,-0.13532,-1.06398,4.35117
0.712047,0.644343,-2.99626,-0.150449,-1.07656,0.338552
0.700743,0.637889,-2.69521,-0.180285,-1.08963,0.494418
0.649637,0.585008,-2.12228,-0.155332,-1.04078,1.18763
0.601646,0.499276,-2.08773,-0.131339,-0.933811,1.29101
0.562092,0.437533,-2.18841,-0.0729832,-0.86011,1.12503
0.560079,0.416382,-2.49417,-0.0152635,-0.800123,0.795395
0.559566,0.416586,-2.47398,-0.0158042,-0.791343,0.706237
0.55944,0.416619,-2.45816,-1.84545,-0.12026,2.488
0.584115,0.415416,-2.86775,-0.042188,-0.798651,0.313419
0.568466,0.411104,-2.6201,-0.034727,-0.795837,0.27545
0.561976,0.41351,-2.45348,1.51303,0.31312,0.0679777
0.577798,0.43712,-1.92967,1.49183,0.301941,0.536964
0.584418,0.467444,-1.43792,1.47008,0.281838,0.816398
0.595877,0.45996,-0.75422,1.47202,0.277007,1.40612
0.620923,0.447386,-0.413024,1.45399,0.296286,2.18065
0.679944,0.42925,-0.298538,-0.479649,-0.779679,2.66885
0.720689,0.383225,-1.32552,-0.502364,-0.743178,2.1164
0.718942,0.343835,-1.91941,1.45948,0.434733,0.683862
0.712862,0.328923,-1.84248,1.48793,0.446724,0.444733
0.713364,0.327504,-0.930636,1.47388,0.439251,1.50573
0.736528,0.311136,-0.422142,1.45144,0.464651,2.40443
0.762304,0.303614,-0.260091,0.313007,1.45429,0.186372
0.788942,0.295621,-0.441313,0.341222,1.45883,0.170244
0.84544,0.227499,-1.16522,0.386365,1.43391,5.94147
0.860526,0.167765,-1.43645,-0.685915,0.0768375,5.0581
0.873293,0.140605,-0.587799,-0.673926,0.0560567,5.42701
0.915044,0.146756,0.52311,-0.644482,0.0741901,0.391575
0.997407,0.22295,0.81744,-0.586786,0.161725,1.17293
1.07133,0.276366,0.454949,1.56594,1.24084,1.20876
1.0821,0.28763,1.49933,-0.0806343,0.608624,3.06009
1.08303,0.293244,0.739605,-0.0963815,0.604384,3.43214
1.0351,0.2897,-0.535631,-0.0906194,0.581063,2.13853
1.04257,0.27158,-1.36317,-0.0934182,0.569028,1.01638
1.03239,0.203797,-1.88464,-0.0246234,0.574162,0.223206
1.01567,0.132976,-1.69741,0.0256895,0.624628,0.595323
1.00712,0.0628283,-1.70126,0.0882789,0.674718,0.65079
0.994125,-0.0132724,-1.77461,0.149021,0.715036,0.594808
0.975423,-0.0938175,-1.81594,0.213658,0.751969,0.561035
0.955205,-0.172708,-1.82537,0.314267,0.764147,0.5457
0.936272,-0.258063,-1.76229,0.63827,0.487027,6.15887
0.950383,-0.307285,-0.818573,-0.874472,-0.365754,3.12593
0.946619,-0.336403,-2.21957,0.726854,0.540998,0.274774
0.931938,-0.394092,-1.47483,0.793966,0.545597,0.0593982
0.978546,-0.432021,-0.221226,0.814733,0.597507,1.20167
1.0793,-0.424641,0.225241,0.827921,0.708443,1.54785
1.20439,-0.384455,0.355239,0.832116,0.79818,1.74121
1.30385,-0.349163,0.329219,1.36459,-0.181327,6.10596
1.30678,-0.332555,1.67672,1.39347,-0.140922,1.17341
1.26719,-0.268415,2.35969,1.37237,-0.110797,2.43523
1.2217,-0.215737,2.15877,1.34263,-0.0852026,2.42412
1.19394,-0.152809,1.84522,1.29951,-0.010919,2.06704
1.17815,-0.0722727,1.71377,1.28315,0.0558399,1.90575
1.16665,0.00409511,1.72706,1.27014,0.118393,1.89078
1.15394,0.0760788,1.7602,1.2671,0.144426,1.89711
1.13647,0.15837,1.79532,1.23307,0.228285,1.92839
1.11886,0.233587,1.80476,1.20311,0.299723,1.95204
1.10076,0.311911,1.79287,1.1742,0.371325,1.94577
1.08427,0.386455,1.78496,1.14695,0.453821,1.93293
1.07088,0.447206,1.79068,1.12386,0.511317,1.9356
1.05675,0.509862,1.79429,1.09817,0.576215,1.93942
1.0376,0.594041,1.79442,1.06804,0.655387,1.93166
1.01952,0.672251,1.80125,1.04353,0.739483,1.93174
1.00248,0.741347,1.82279,1.02979,0.79,1.94768
0.981829,0.816881,1.84899,0.982167,0.90764,1.96425
0.979524,0.828053,2.01052,0.960847,0.931609,2.11361
0.979604,0.826754,2.21906,0.964511,0.930777,2.31282
0.980075,0.825716,2.41014,0.965214,0.927731,2.45838
0.980859,0.825061,2.59131,0.93083,0.92381,2.7037
0.981777,0.824556,2.77997,0.956903,0.941605,2.85872
0.982802,0.824236,2.97344,0.932085,0.941615,3.06523
0.984234,0.824135,-3.07425,0.933425,0.941845,3.25514
0.985683,0.824152,-2.85396,0.933709,0.936629,3.44054
0.987377,0.824292,-2.60162,0.935045,0.925327,3.70113
0.989079,0.824704,-2.33444,0.936162,0.926275,3.9708
0.990043,0.82583,-2.07916,0.920868,0.950612,4.20827
0.990643,0.82716,-1.81884,0.920626,0.952355,4.49701
0.979613,0.746307,-1.65157,0.920456,0.904646,4.68908
0.972159,0.645223,-1.64139,0.925056,0.807904,4.7412
0.963332,0.553954,-1.68267,0.921645,0.718218,4.70057
0.953366,0.468114,-1.68832,0.943842,0.626313,4.71408
0.940982,0.376323,-1.71706,0.911338,0.555034,4.665
0.928862,0.283894,-1.68933,0.932052,0.462059,4.69909
0.921828,0.227005,-1.6989,0.938682,0.330418,4.70269
0.914635,0.17513,-1.7176,0.937513,0.28875,4.68634
0.904038,0.106552,-1.72865,0.934872,0.218563,4.67432
0.893699,0.0420705,-1.73034,0.931601,0.144684,4.66838
0.884687,-0.014452,-1.72753,0.929396,0.0948521,4.67049
0.876111,-0.0690176,-1.72588,0.927444,0.0192071,4.67339
0.868644,-0.116656,-1.72677,0.925897,-0.0178114,4.67367
0.860492,-0.16826,-1.72815,0.923856,-0.0664534,4.67249
0.851808,-0.222824,-1.72882,0.921148,-0.112287,4.66718
0.843514,-0.275389,-1.72555,0.913428,-0.205303,4.66464
0.833091,-0.344844,-1.71463,0.91166,-0.27036,4.67434
0.823719,-0.410444,-1.71121,0.909118,-0.340448,4.68174
0.809392,-0.510887,-1.71337,0.90721,-0.411752,4.68237
0.792813,-0.624215,-1.7177,0.902394,-0.546349,4.67744
0.785821,-0.67356,-1.62979,0.899257,-0.637686,4.68188
0.785827,-0.672214,-1.43056,0.899368,-0.634368,4.9276
0.785616,-0.670677,-1.19594,0.898715,-0.633399,5.16145
0.785043,-0.669492,-0.979827,0.897911,-0.631795,5.35648
0.783954,-0.668233,-0.674586,0.896257,-0.618196,5.62043
0.782806,-0.667513,-0.423141,0.895101,-0.617868,5.87187
0.781653,-0.667135,-0.201566,0.894297,-0.617244,6.0513
0.780265,-0.667039,0.0246693,0.892769,-0.631948,2.39322
0.782554,-0.667139,-0.197162,0.89375,-0.632538,6.09023
0.781228,-0.667085,0.0294962,0.893593,-0.632519,6.01091
0.779928,-0.667175,0.225064,0.891527,-0.636447,0.2861
0.778518,-0.667597,0.467655,0.889509,-0.637441,0.520311
0.777505,-0.668232,0.676714,0.888715,-0.638325,0.786052
0.776309,-0.669513,0.996107,0.886046,-0.651734,1.07868
0.775648,-0.670916,1.27959,0.88588,-0.653589,1.38476
0.792233,-0.592819,1.40504,0.893254,-0.586935,1.50977
0.808649,-0.48828,1.4204,0.89827,-0.478112,1.5613
0.831116,-0.359782,1.38596,0.901625,-0.391321,1.53792
0.861661,-0.205256,1.37258,0.891623,-0.259519,1.52791
0.884643,-0.0955396,1.36043,0.897156,-0.128857,1.52292
0.907787,0.00997698,1.35217,0.970882,-0.0464359,1.41915
0.924372,0.131564,1.48122,0.978217,0.0677141,1.51907
0.929864,0.206773,1.51135,0.976563,0.147855,1.56637
0.93652,0.310536,1.50405,0.97632,0.268438,1.56412
0.942756,0.398144,1.49708,0.97702,0.348746,1.55775
0.948399,0.472608,1.49443,0.974426,0.416635,1.56444
0.95395,0.540054,1.48478,0.98135,0.560555,1.55634
0.960466,0.614437,1.48326,0.982736,0.651111,1.54677
0.97103,0.741044,1.49127,0.98458,0.763951,1.54987
0.980115,0.858684,1.49616,0.985749,0.897859,1.56556
0.98614,0.933173,1.48598,0.987619,0.986709,1.54824
0.996074,1.05277,1.49023,0.989483,1.08582,1.55374
1.00267,1.13322,1.48855,0.991941,1.1795,1.54954
1.00849,1.20459,1.49079,0.993177,1.24817,1.55169
1.01286,1.25888,1.49078,0.99385,1.28975,1.55269
1.01576,1.29752,1.4392,0.995606,1.34232,1.51797
1.01592,1.29877,1.31926,0.997759,1.34282,1.41244
1.01631,1.30003,1.19481,0.998484,1.3509,1.26169
1.01726,1.30195,0.997655,0.999973,1.34685,1.08153
1.01847,1.30356,0.814607,1.00167,1.34837,0.903122
1.02026,1.30513,0.598018,1.00501,1.3493,0.683891
1.0219,1.30607,0.426351,1.00443,1.35922,0.558267
1.02432,1.30686,0.193951,1.03271,1.35065,0.351714
1.02672,1.30708,-0.0281482,1.06806,-0.894425,4.75257
1.02544,1.30696,0.173886,1.06837,-0.895687,4.8264
1.02391,1.30656,0.43108,1.06754,-0.894114,5.1702
1.02283,1.30592,0.649754,1.06681,-0.893105,5.36867
1.02171,1.30482,0.934262,1.06545,-0.891993,5.58911
1.02093,1.30341,1.23001,1.06372,-0.890773,5.81807
1.02066,1.3021,1.46872,1.03775,1.40033,1.5138
1.02091,1.30521,1.32961,1.03791,1.40195,1.51763
1.02158,1.30732,1.1225,1.03849,1.404,1.27502
1.02311,1.30973,0.862051,1.03988,1.40635,1.03266
1.025,1.31153,0.625464,1.04188,1.40819,0.776468
1.02686,1.31263,0.428583,1.04354,1.40904,0.523762
1.02914,1.3134,0.208814,1.04605,1.40966,0.283949
1.04708,1.31062,-0.464561,1.04845,1.40947,0.12712
1.06008,1.23767,-1.86271,1.05509,1.36699,4.95449
1.00586,1.12553,-2.08214,0.972816,1.23838,4.08941
0.983662,1.03374,-1.61837,0.958391,1.07469,4.59524
0.990743,0.941929,-1.41279,0.971859,1.00187,4.8623
1.00731,0.836789,-1.42088,0.985118,0.916693,4.87228
1.02037,0.740132,-1.44643,0.998899,0.805623,4.83922
1.02901,0.671427,-1.4444,0.99398,0.76303,4.81996
1.03914,0.598983,-1.42178,0.922972,0.704997,4.69536
1.06224,0.508745,-1.25273,1.02964,0.658749,4.99104
1.08466,0.426806,-1.35419,1.06169,0.542747,4.97994
1.09841,0.314695,-1.50017,1.0749,0.43702,4.82951
1.10559,0.202437,-1.50983,1.08814,0.312979,4.79569
1.11091,0.127448,-1.49103,1.09549,0.250261,4.81326
1.11755,0.0484726,-1.48403,1.10975,0.159727,4.8309
1.12374,-0.0276295,-1.4944,1.12031,0.0849783,4.83224
1.12892,-0.102834,-1.50848,1.11392,0.0140801,4.80321
1.13399,-0.172805,-1.48902,1.1476,-0.0809213,4.83684
1.13866,-0.242107,-1.51614,1.1537,-0.129414,4.82674
1.14186,-0.322531,-1.54099,1.15284,-0.232582,4.79183
1.14442,-0.391666,-1.52595,1.16042,-0.299276,4.7942
1.1477,-0.454744,-1.51238,1.16989,-0.363587,4.81324
1.15231,-0.536963,-1.5177,1.17984,-0.453295,4.81476
1.15611,-0.618263,-1.52925,1.18269,-0.513157,4.79139
1.16006,-0.701815,-1.51903,1.19159,-0.591007,4.79934
1.16003,-0.700525,-1.3088,1.18776,-0.629086,4.94824
1.15995,-0.699205,-1.10797,1.18654,-0.623108,5.17514
1.15975,-0.697937,-0.909769,1.18533,-0.621983,5.35773
1.1587,-0.696416,-0.584793,1.18408,-0.625692,5.64474
1.15769,-0.695829,-0.373798,1.18241,-0.624723,5.86719
1.15653,-0.695468,-0.155585,1.18145,-0.63241,6.12044
1.15502,-0.695381,0.0898483,1.17965,-0.624054,0.201198
1.15345,-0.695411,0.327451,1.17827,-0.706413,0.237608
1.15209,-0.695529,0.530258,1.17746,-0.709909,0.46619
1.15049,-0.695857,0.775262,1.17747,-0.710595,0.740621
1.14958,-0.696752,0.993339,1.17707,-0.712427,0.922472
1.14906,-0.697632,1.17425,1.17588,-0.713939,1.13945
1.1494,-0.69671,1.42916,1.17556,-0.715358,1.37922
1.15366,-0.580841,1.5907,1.17493,-0.635994,1.58905
1.15313,-0.488271,1.56591,1.1757,-0.548349,1.58123
1.15521,-0.38065,1.54279,1.17778,-0.449629,1.56333
1.15791,-0.295258,1.53703,1.18051,-0.384319,1.54868
1.16033,-0.21264,1.54507,1.17997,-0.298424,1.5708
1.16485,-0.0804929,1.53332,1.18563,-0.193598,1.53845
1.16776,0.0332816,1.55278,1.18777,-0.063033,1.55853
1.17051,0.189571,1.5537,1.18771,0.0948482,1.56254
1.17315,0.318675,1.54938,1.18946,0.218491,1.55872
1.17501,0.403377,1.54896,1.19067,0.31894,1.55797
1.17709,0.49816,1.54921,1.19208,0.416868,1.55809
1.17916,0.592941,1.54934,1.18616,0.579545,1.5731
1.18248,0.692889,1.53041,1.18742,0.666758,1.55964
1.18877,0.829982,1.5235,1.19967,0.788453,1.53603
1.19188,0.917507,1.54463,1.14418,0.885924,1.56628
1.19557,0.995302,1.49902,1.1475,0.943943,1.53393
1.20288,1.07493,1.4657,1.15233,0.98714,1.5028
1.21011,1.14116,1.46043,1.15458,1.05766,1.49679
1.22082,1.23541,1.45651,1.14543,1.08018,1.53086
1.23564,1.3376,1.40785,-0.0790898,-1.64394,4.69057
1.24527,1.30126,2.5882,1.25331,1.17906,1.80019
1.1453,1.34813,2.67042,1.12232,1.39246,2.7367
1.11094,1.45517,1.40424,1.15052,1.4618,1.73294
1.14672,1.53558,0.852416,1.21722,1.55076,0.980678
1.14893,1.53743,0.551492,1.22071,1.52818,0.73716
1.15106,1.53838,0.310111,1.22387,1.47898,0.499582
1.15314,1.53877,0.0938361,1.24122,1.54607,0.203663
1.15544,1.53872,-0.144647,1.24309,1.54546,6.15295
1.15771,1.53841,-0.377547,1.24657,1.61247,5.96613
1.15967,1.53766,-0.589982,1.26162,1.6265,5.75694
1.16141,1.53615,-0.822913,1.26444,1.61231,5.52457
1.1629,1.53397,-1.09405,1.26537,1.61023,5.32283
1.16357,1.53226,-1.28257,1.266,1.60827,5.02095
1.1668,1.51109,-1.47057,1.26626,1.60619,4.83472
1.16998,1.42314,-1.57194,1.26582,1.55105,4.71195
1.17012,1.33683,-1.56534,1.26231,1.45539,4.68819
1.17254,1.24068,-1.53164,1.26311,1.37088,4.72589
1.17802,1.11031,-1.52768,1.26935,1.24107,4.74118
1.18336,0.958728,-1.53948,1.27178,1.0962,4.72879
1.18579,0.88046,-1.53998,1.2705,0.969131,4.7249
1.1891,0.780156,-1.53627,1.26812,0.875527,4.72699
1.19333,0.664824,-1.53291,1.26309,0.770294,4.71569
1.19874,0.551622,-1.51703,1.26426,0.631438,4.72875
1.2045,0.450438,-1.51212,1.26754,0.506709,4.74043
1.20895,0.371235,-1.51675,1.26978,0.424266,4.73639
1.21294,0.296048,-1.51858,1.27104,0.33188,4.73208
1.21742,0.211863,-1.5167,1.27387,0.249516,4.74209
1.22141,0.133633,-1.52251,1.27597,0.166015,4.72827
1.22505,0.0614771,-1.51862,1.28214,0.0847533,4.74141
1.22857,-0.0117629,-1.52601,1.2829,0.00542119,4.7271
1.23213,-0.0879445,-1.52246,1.28522,-0.0427935,4.73615
1.23622,-0.176206,-1.52635,1.28932,-0.18008,4.72493
1.24,-0.2574,-1.52254,1.29028,-0.27669,4.7273
1.24414,-0.340593,-1.51992,1.29179,-0.369245,4.73904
1.24718,-0.403792,-1.52538,1.29283,-0.434573,4.73606
1.25141,-0.503106,-1.53019,1.2936,-0.531607,4.73215
1.25635,-0.625468,-1.53061,1.29472,-0.642205,4.73003
1.26092,-0.734767,-1.528,1.29725,-0.742094,4.73131
1.26511,-0.83103,-1.52695,1.30012,-0.869285,4.73269
1.26928,-0.926296,-1.52738,1.3019,-0.962625,4.73282
1.27348,-1.02357,-1.52781,1.30397,-1.04532,4.73275
1.27817,-1.13389,-1.52884,1.3084,-1.15139,4.73276
1.28247,-1.24526,-1.53445,1.30639,-1.25893,4.72617
1.28729,-1.35852,-1.52446,1.30898,-1.35125,4.73534
1.29119,-1.44443,-1.53825,1.31075,-1.46603,4.73726
1.29115,-1.44336,-1.27285,1.28138,-1.61797,4.93407
1.291,-1.44171,-1.01996,1.2809,-1.61621,5.20584
1.29054,-1.44014,-0.754805,1.28006,-1.61022,5.43195
1.28937,-1.43919,-0.486716,1.2791,-1.6096,5.67635
1.28817,-1.43867,-0.250957,1.27754,-1.60892,5.9267
1.28943,-1.43875,-0.0199756,1.27553,-1.6085,6.07627
1.28775,-1.43874,0.235686,1.29999,-1.59083,0.251408
1.28572,-1.4389,0.537988,1.29832,-1.59141,0.450552
1.28427,-1.43919,0.760715,1.29426,-1.59313,0.709883
1.28341,-1.43992,0.95148,1.29434,-1.59342,0.862473
1.28285,-1.44079,1.13237,1.29372,-1.5942,0.956947
1.28244,-1.44179,1.32567,1.29333,-1.59528,1.20897
1.28245,-1.442,1.50925,1.29576,-1.59702,1.46832
1.28568,-1.36855,1.54859,1.2945,-1.5515,1.56326
1.28781,-1.30117,1.52942,1.29271,-1.47372,1.55645
1.29201,-1.2218,1.50941,1.30413,-1.4144,1.49698
1.29529,-1.15175,1.53589,1.30658,-1.32774,1.52203
1.29747,-1.07754,1.54541,1.3037,-1.25233,1.53316
1.2996,-0.995216,1.54428,1.3062,-1.16635,1.53378
1.30165,-0.920924,1.54222,1.30825,-1.09602,1.53177
1.30373,-0.849655,1.54151,1.31679,-1.02129,1.52864
1.30587,-0.772386,1.54444,1.31703,-0.953447,1.53034
1.30778,-0.698114,1.54565,1.31791,-0.868515,1.5319
1.30977,-0.619816,1.54492,1.32211,-0.807857,1.53161
1.31209,-0.530482,1.54485,1.32664,-0.715026,1.53134
1.31405,-0.454202,1.54532,1.33053,-0.654478,1.5308
1.31569,-0.387962,1.54662,1.33419,-0.549039,1.53078
1.31748,-0.311682,1.54782,1.34541,-0.440773,1.50708
1.31826,-0.232505,1.57036,1.34889,-0.361917,1.52637
1.31801,-0.15324,1.57627,1.35165,-0.27253,1.53668
1.31756,-0.0719278,1.57635,1.35368,-0.228208,1.53587
1.31703,0.0184147,1.577,1.35652,-0.119282,1.53637
1.31649,0.106753,1.57683,1.35999,-0.0329863,1.53616
1.31597,0.190071,1.57706,1.36247,0.0547947,1.53652
1.3155,0.268371,1.57677,1.36512,0.142757,1.53651
1.31506,0.34567,1.57623,1.36787,0.214841,1.5354
1.31461,0.425975,1.57665,1.3706,0.31387,1.53565
1.3142,0.497249,1.57651,1.37296,0.414871,1.53589
1.3137,0.596636,1.57544,1.38175,0.549213,1.53408
1.31313,0.686964,1.5784,1.37889,0.651688,1.5427
1.31293,0.782391,1.56926,1.38247,0.720536,1.53397
1.31319,0.886805,1.56629,1.38864,0.857473,1.52935
1.31357,0.980171,1.56594,1.38958,0.940464,1.52926
1.31408,1.06653,1.56364,1.39334,1.00579,1.5266
1.31454,1.15587,1.56588,1.39651,1.10602,1.52817
1.31494,1.2372,1.56527,1.40035,1.184,1.52879
1.31527,1.30547,1.56592,1.40273,1.26475,1.52889
1.31568,1.3848,1.5648,1.406,1.36999,1.52717
1.31615,1.4571,1.56362,1.41029,1.44777,1.52591
1.31653,1.53439,1.56726,1.40843,1.52404,1.53025
1.31664,1.54747,1.43154,1.41057,1.55299,1.46834
1.31687,1.54927,1.24546,1.41821,1.56964,1.27524
1.31766,1.55158,0.995072,1.41895,1.5632,1.0969
1.31988,1.55395,0.661541,1.42094,1.52818,0.707784
1.32198,1.55517,0.410191,1.4233,1.52922,0.482026
1.32461,1.55586,0.131053,1.40798,1.51612,0.152138
1.36267,1.57546,0.622933,1.44034,1.5401,0.677704
1.36468,1.57654,0.386592,1.44245,1.54161,0.432591
1.36716,1.57714,0.125025,1.44494,1.55621,0.0947874
1.3698,1.57712,-0.1488,1.44702,1.55547,6.08967
1.37259,1.5767,-0.434355,1.45151,1.55534,5.86083
1.37511,1.57518,-0.734565,1.45268,1.55309,5.58975
1.37694,1.5729,-1.03317,1.45446,1.55128,5.26882
1.37786,1.57077,-1.2719,1.43578,1.65124,5.06116
1.38213,1.54182,-1.4659,1.43643,1.64675,4.81385
1.38791,1.43806,-1.54065,1.43947,1.52312,4.71328
1.39179,1.34087,-1.52197,1.4404,1.41627,4.72057
1.39746,1.24476,-1.50495,1.43795,1.36845,4.73604
1.40451,1.14264,-1.50023,1.44067,1.24736,4.74279
1.41229,1.03149,-1.50139,1.44432,1.14045,4.73393
1.4208,0.915408,-1.49523,1.47371,0.977992,4.78387
1.42526,0.828897,-1.53693,1.47833,0.857055,4.73795
1.42809,0.733533,-1.5433,1.47972,0.779055,4.72684
1.4309,0.639238,-1.53943,1.48113,0.708435,4.73024
1.43356,0.555972,-1.53837,1.48378,0.648422,4.74006
1.43585,0.474647,-1.54569,1.48196,0.541978,4.72434
1.43793,0.401432,-1.53968,1.48391,0.462023,4.72887
1.4404,0.326206,-1.53684,1.48855,0.396164,4.7327
1.44307,0.245938,-1.53817,1.49177,0.309612,4.73262
1.44551,0.168673,-1.54019,1.49426,0.243795,4.73132
1.44763,0.0974261,-1.54167,1.49688,0.176264,4.73389
1.44974,0.0191326,-1.54575,1.49805,0.104261,4.72712
1.45169,-0.0571263,-1.54466,1.50007,0.00981763,4.72716
1.4531,-0.110305,-1.54394,1.49175,-0.0583634,4.72749
1.4544,-0.155435,-1.54009,1.50307,-0.136334,4.73448
1.4559,-0.207635,-1.54406,1.50434,-0.205687,4.73175
1.45732,-0.263848,-1.54679,1.50499,-0.255432,4.72904
1.45892,-0.332094,-1.54774,1.50547,-0.28649,4.72801
1.46077,-0.412377,-1.54788,1.50691,-0.371803,4.72771
1.4625,-0.487642,-1.54782,1.49705,-0.449651,4.72464
1.46471,-0.564844,-1.53787,1.49836,-0.518561,4.73245
1.4674,-0.641059,-1.53392,1.50031,-0.619017,4.73827
1.46995,-0.710272,-1.53413,1.5025,-0.697661,4.73848
1.47287,-0.790524,-1.53474,1.50382,-0.767309,4.73821
1.47569,-0.868765,-1.53473,1.50442,-0.854982,4.73677
1.47861,-0.94598,-1.53177,1.50669,-0.915346,4.73817
1.48213,-1.03423,-1.53053,1.50821,-0.996363,4.73995
1.48646,-1.14054,-1.52987,1.51133,-1.11878,4.74026
1.49043,-1.2358,-1.52877,1.51341,-1.22859,4.74076
1.49488,-1.33706,-1.52554,1.51719,-1.32583,4.74344
1.49945,-1.43935,-1.52667,1.52363,-1.40615,4.74706
1.5007,-1.47218,-1.35375,1.52993,-1.48449,4.8143
1.50056,-1.47022,-1.05589,1.53042,-1.51657,5.12716
1.50024,-1.46868,-0.808159,1.52939,-1.50611,5.39105
1.49916,-1.46764,-0.542522,1.52862,-1.51441,5.62718
1.49734,-1.46685,-0.1828,1.52651,-1.50419,5.96532
1.49576,-1.46677,0.128726,1.52436,-1.48077,6.17904
1.49392,-1.46683,0.406297,1.52671,-1.50466,0.28574
1.49211,-1.46708,0.676114,1.53581,-1.50579,0.618317
1.49058,-1.46814,0.99062,1.53521,-1.53646,0.998646
1.48975,-1.46984,1.32775,1.53444,-1.53738,1.22539
1.49105,-1.39185,1.59552,1.51881,-1.34533,1.68739
1.49959,-1.26923,1.44393,1.51254,-1.26788,1.60186
1.52155,-1.15522,1.34814,1.55128,-1.21013,1.47155
1.54697,-1.02442,1.39616,1.57401,-1.11202,1.45514
1.55882,-0.942384,1.45422,1.58324,-1.01796,1.50797
1.56759,-0.855635,1.48087,1.59066,-0.922153,1.53881
1.57519,-0.769626,1.48368,1.60603,-0.853827,1.53394
1.58105,-0.69664,1.49686,1.62538,-0.705755,1.52272
1.58607,-0.602614,1.53234,1.62673,-0.595817,1.5573
1.58861,-0.528403,1.53949,1.62705,-0.542519,1.56497
1.59133,-0.440091,1.54027,1.6274,-0.449499,1.56671
1.59379,-0.360804,1.53939,1.6279,-0.374882,1.56586
1.5962,-0.28453,1.53921,1.62877,-0.283824,1.56479
1.59881,-0.200236,1.54031,1.62924,-0.213145,1.56527
1.60134,-0.11594,1.54128,1.62884,-0.186386,1.56621
1.60454,-0.00854765,1.54068,1.6297,-0.0752693,1.56622
1.60718,0.0787654,1.54061,1.6303,0.0172833,1.56558
1.60944,0.155034,1.54145,1.6299,0.117469,1.56716
1.6126,0.25742,1.53877,1.63152,0.211172,1.564
1.61501,0.337682,1.54304,1.63233,0.31036,1.56544
1.61705,0.418956,1.54745,1.63219,0.382444,1.57036
1.61912,0.508291,1.54749,1.6321,0.488228,1.57112
1.62114,0.593615,1.54671,1.63208,0.58646,1.57003
1.62355,0.693989,1.54679,1.63207,0.671565,1.56969
1.62576,0.787336,1.54724,1.63406,0.775342,1.56981
1.62789,0.882683,1.54931,1.63517,0.879729,1.57151
1.62977,0.976025,1.55114,1.63363,0.958408,1.57346
1.63183,1.07642,1.5495,1.63383,1.06528,1.5723
1.63351,1.15572,1.54967,1.63385,1.15666,1.57192
1.63539,1.24706,1.55055,1.63381,1.27277,1.57298
1.63692,1.32435,1.55109,1.63408,1.33462,1.57359
1.63866,1.41569,1.55209,1.6343,1.40276,1.57444
1.6405,1.52008,1.55368,1.63413,1.49709,1.57614
1.64124,1.5638,1.41033,1.63741,1.5813,1.51248
1.64169,1.56659,1.12217,1.6376,1.58529,1.21429
1.64278,1.56844,0.901927,1.63876,1.59279,1.005
1.64483,1.57036,0.613307,1.64196,1.55987,0.684561
1.64722,1.57155,0.336761,1.64409,1.58918,0.406363
1.64984,1.57204,0.0651485,1.64923,1.54822,0.0825412
1.65264,1.5719,-0.225837,1.6517,1.58899,6.11623
1.65552,1.57126,-0.523483,1.65493,1.58821,5.85449
1.65792,1.56929,-0.838946,1.66,1.58557,5.51946
1.65937,1.56711,-1.10761,1.6612,1.58927,5.19798
1.66173,1.55757,-1.4275,1.66423,1.63138,4.99352
1.6561,1.39205,-1.6775,1.65684,1.49026,4.65466
1.64683,1.26026,-1.61642,1.64449,1.37692,4.64023
1.6483,1.13853,-1.52479,1.62879,1.21786,4.70233
1.65526,1.03761,-1.48582,1.65009,1.07582,4.76084
1.66348,0.930266,-1.50024,1.64995,0.961646,4.75473
1.66699,0.877904,-1.50662,1.6536,0.897906,4.74777
1.67119,0.810463,-1.5097,1.65595,0.856836,4.74362
1.67608,0.729961,-1.50996,1.63937,0.788803,4.74261
1.68038,0.6626,-1.50433,1.63996,0.732204,4.7407
1.68559,0.58926,-1.49627,1.64218,0.665674,4.74792
1.69056,0.523944,-1.49341,1.64502,0.564514,4.75093
1.69652,0.447563,-1.49245,1.64781,0.500198,4.75177
1.70298,0.365148,-1.49233,1.65058,0.412641,4.75078
1.70958,0.281738,-1.49124,1.65483,0.339924,4.75352
1.71551,0.206345,-1.49266,1.65865,0.274453,4.75254
1.72027,0.14502,-1.4937,1.66287,0.214027,4.75131
1.72504,0.0826869,-1.49456,1.66603,0.136584,4.75011
1.73246,-0.0148285,-1.49478,1.66976,0.0661165,4.75131
1.74015,-0.117393,-1.49653,1.67489,-0.16179,4.75015
1.74828,-0.225967,-1.49548,1.67894,-0.263796,4.75081
1.75596,-0.327502,-1.49495,1.68224,-0.357217,4.74988
1.76399,-0.432034,-1.49333,1.68653,-0.472826,4.75148
1.77017,-0.51144,-1.49288,1.68988,-0.559436,4.75207
1.77737,-0.603915,-1.49284,1.69478,-0.658879,4.7532
1.78373,-0.686357,-1.49428,1.69814,-0.747372,4.75235
1.79008,-0.769806,-1.49503,1.70229,-0.821606,4.75169
1.79679,-0.859296,-1.4963,1.70767,-0.922422,4.75057
1.80329,-0.9478,-1.49818,1.72685,-0.977588,4.75764
1.80778,-1.02349,-1.52209,1.72965,-1.08797,4.73377
1.81119,-1.10213,-1.53051,1.74842,-1.14409,4.72247
1.81333,-1.17891,-1.55251,1.74983,-1.2314,4.70479
1.81417,-1.26877,-1.567,1.74738,-1.28402,4.68851
1.81452,-1.34739,-1.56462,1.74604,-1.401,4.68799
1.81501,-1.42401,-1.56385,1.74415,-1.47337,4.68952
1.81549,-1.49729,-1.58203,1.7422,-1.52582,4.69009
1.81537,-1.49914,-1.76509,1.73839,-1.53421,4.52734
1.81486,-1.50107,-1.95432,1.73741,-1.5365,4.32247
1.81399,-1.50282,-2.13398,1.73616,-1.53754,4.18987
1.81228,-1.50497,-2.38231,1.73347,-1.5396,3.91185
1.80994,-1.5067,-2.64958,1.72799,-1.54318,3.53985
1.80745,-1.50769,-2.8946,1.72399,-1.63778,3.34869
1.80425,-1.50807,-3.0916,1.7209,-1.63743,3.08968
1.70983,-1.52501,-2.88961,1.65708,-1.55078,3.28466
1.61366,-1.5655,-2.65106,1.56702,-1.66897,3.51294
1.5239,-1.60579,-2.77868,1.47134,-1.69127,3.45084
1.46065,-1.62577,-2.95312,1.38508,-1.71157,3.32417
1.45816,-1.62587,3.07417,1.35341,-1.73773,3.11894
1.45582,-1.62564,2.83158,1.337,-1.73715,2.79734
1.45348,-1.62494,2.58426,1.34766,-1.73567,2.56169
1.45143,-1.62323,2.31379,1.3453,-1.74307,2.30672
1.44998,-1.62111,2.0502,1.34424,-1.74129,1.99656
1.44887,-1.618,1.7994,1.34516,-1.73894,1.81051
1.43096,-1.51696,1.71548,1.34024,-1.66669,1.64117
1.41195,-1.41805,1.79454,1.3322,-1.56644,1.72845
1.3845,-1.30503,1.81722,1.31319,-1.47431,1.77432
1.36321,-1.21502,1.79338,1.30724,-1.37393,1.74166
1.3368,-1.10693,1.82136,1.30081,-1.26071,1.72016
1.30377,-1.00456,1.91849,1.28216,-1.15341,1.77374
1.28017,-0.944581,2.07954,1.24428,-1.03855,1.93505
1.28045,-0.946028,2.31033,1.24088,-1.03529,2.15503
1.28144,-0.947104,2.5684,1.24978,-1.09907,2.34122
1.28273,-0.947785,2.83154,1.25086,-1.09965,2.59791
1.28396,-0.948067,3.05714,1.24591,-1.03734,2.89682
1.28543,-0.948105,-2.99553,1.24698,-1.03375,3.11707
1.28684,-0.948061,-2.78272,1.24869,-1.04196,3.27757
1.28819,-0.947929,-2.58238,1.24968,-1.03667,3.54395
1.28948,-0.947665,-2.38434,1.24995,-1.03179,3.77853
1.29036,-0.946907,-2.18867,1.2512,-1.04023,3.92021
1.29095,-0.945994,-1.99785,1.25177,-1.03929,4.07694
1.29133,-0.945015,-1.80947,1.25225,-1.03741,4.30112
1.2915,-0.94395,-1.61866,1.2521,-1.03685,4.52592
1.28932,-1.01256,-1.60699,1.25188,-1.08025,4.58718
1.28425,-1.08517,-1.6703,1.24083,-1.16368,4.54433
1.2746,-1.16024,-1.71998,1.21552,-1.25014,4.488
1.25853,-1.26751,-1.71794,1.18869,-1.32382,4.47439
1.24529,-1.37389,-1.67939,1.15219,-1.42402,4.50339
1.23824,-1.46663,-1.62333,1.13919,-1.51409,4.56676
1.23667,-1.50018,-1.79871,1.12361,-1.58278,4.51129
1.236,-1.50299,-2.09473,1.12957,-1.58906,4.21656
1.23449,-1.50496,-2.34782,1.12676,-1.59068,3.88976
1.23271,-1.50636,-2.58139,1.12545,-1.58672,3.61598
1.23063,-1.50731,-2.8177,1.11564,-1.59457,3.42149
1.22818,-1.50776,-3.07171,1.11308,-1.6091,3.17627
1.22602,-1.50785,3.13223,1.10992,-1.65211,3.04205
1.22422,-1.50773,2.94762,1.11026,-1.5948,2.95144
1.22187,-1.50735,2.70756,1.10792,-1.59427,2.70855
1.21997,-1.50636,2.49006,1.10554,-1.59252,2.44237
1.2182,-1.50458,2.23432,1.10417,-1.59066,2.284
1.21697,-1.50246,1.98315,1.10355,-1.58822,1.99496
1.21599,-1.49895,1.73718,1.10328,-1.58563,1.73976
1.20051,-1.39736,1.7129,1.11835,-1.51849,1.40156
1.16498,-1.29324,2.02221,1.06049,-0.589735,2.16021
1.16305,-1.29664,-2.90629,1.07379,-1.38421,2.89245
1.09104,-1.29511,2.80991,1.0188,-1.39124,2.91753
1.04508,-1.2271,1.74671,1.00255,-1.30561,1.91504
1.04655,-1.13509,1.43383,1.0071,-1.18624,1.5316
1.05701,-1.05038,1.4704,1.01943,-1.1228,1.42992
1.05699,-1.05189,1.72489,1.01586,-1.09728,1.63983
1.05705,-1.05342,1.95878,1.01475,-1.07352,1.89643
1.05724,-1.05493,2.19196,1.01396,-1.07458,2.13722
1.05778,-1.05621,2.42507,1.01462,-1.07478,2.35617
1.05885,-1.05701,2.66332,1.01894,-1.07562,2.51899
1.06003,-1.05753,2.89405,1.02018,-1.07801,2.78727
1.05176,-1.05643,2.95033,1.02141,-1.07813,3.02683
1.05328,-1.05653,-3.09085,1.00586,-1.07599,3.0615
1.05493,-1.0565,-2.83951,1.01666,-1.1312,3.23765
1.05656,-1.05643,-2.59112,1.02073,-1.13186,3.54004
1.05817,-1.05604,-2.33825,1.02243,-1.1312,3.74689
1.05913,-1.05494,-2.0879,1.02406,-1.13024,3.99247
1.05969,-1.05378,-1.85741,1.02455,-1.12896,4.27351
1.05916,-1.08983,-1.59196,1.02468,-1.12705,4.62127
1.04726,-1.2163,-1.70743,1.00632,-1.25371,4.55463
1.02593,-1.3344,-1.77412,0.978235,-1.36566,4.48614
1.00519,-1.43673,-1.7683,0.956165,-1.46269,4.47618
0.988645,-1.52497,-1.81444,0.937419,-1.58537,4.51074
0.988058,-1.52749,-2.08071,0.933407,-1.59069,4.29562
0.986507,-1.52954,-2.34377,0.925386,-1.58931,3.95364
0.982978,-1.5318,-2.77848,0.919543,-1.56594,3.55085
0.977927,-1.5323,3.01524,0.909631,-1.59103,3.07028
0.974267,-1.53166,2.63705,0.905106,-1.58973,2.73278
0.971776,-1.52968,2.31408,0.879836,-1.59887,2.25216
0.970321,-1.52756,2.0505,0.878742,-1.59684,2.09584
0.967263,-1.50952,1.67957,0.900445,-1.58099,1.6719
0.939995,-1.33029,1.7404,0.891123,-1.46335,1.58107
0.901853,-1.19778,1.90811,0.848026,-1.34634,1.77813
0.856391,-1.05299,1.8491,0.812192,-1.20346,1.75533
0.833896,-0.947437,1.83591,0.808745,-1.04528,1.63687
0.834211,-0.950146,2.25558,0.804152,-1.03946,2.04867
0.83533,-0.951591,2.57817,0.808659,-1.06076,2.31632
0.837003,-0.952378,2.91318,0.807609,-1.0855,2.75701
0.821112,-0.950317,2.96775,0.816667,-1.062,2.95809
0.823911,-0.950382,-2.86983,0.800711,-0.972555,3.18455
0.826198,-0.950168,-2.5285,0.802641,-0.98422,3.53622
0.828327,-0.94877,-2.09511,0.804475,-0.980789,4.02957
0.828839,-0.947762,-1.8943,0.805164,-0.968936,4.21859
0.829148,-0.946347,-1.63661,0.808817,-1.13126,4.4811
0.827958,-0.966669,-2.01375,0.797839,-1.14538,4.28974
0.825903,-0.969617,-2.38071,0.79478,-1.14805,3.91687
0.823476,-0.971309,-2.68703,0.792073,-1.14372,3.63735
0.82111,-0.972093,-2.94605,0.788617,-1.14434,3.35822
0.81862,-0.972235,3.12336,0.786557,-1.15155,3.08244
0.763452,-0.988552,-2.74835,0.72863,-1.16664,3.56771
0.761641,-0.989074,-2.94194,0.730005,-1.16647,3.36282
0.759214,-0.989223,3.09262,0.724603,-1.16749,3.12655
0.757516,-0.989085,2.91482,0.728663,-1.17552,2.95291
0.755334,-0.988707,2.69243,0.728765,-1.17479,2.74261
0.753353,-0.987563,2.45986,0.727915,-1.17677,2.46227
0.751916,-0.986102,2.25173,0.726576,-1.17499,2.28061
0.750859,-0.984452,2.05086,0.722974,-1.17273,2.04298
0.750078,-0.98229,1.81461,0.722121,-1.17052,1.83835
0.738399,-0.937982,1.89378,0.719538,-1.15534,1.73799
0.693362,-0.858444,2.30949,0.669828,-1.04875,2.0302
0.694549,-0.859658,2.60985,0.645878,-0.885552,2.36056
0.6959,-0.860295,2.88032,0.647362,-0.886708,2.64567
0.697746,-0.860523,-3.08798,0.696259,-1.07847,2.84763
0.591555,-0.857918,3.04322,0.591942,-1.02382,3.05239
0.52768,-0.84186,2.59906,0.470153,-0.787708,2.47351
0.525564,-0.84012,2.32119,0.468553,-0.785613,2.22953
0.524083,-0.837988,2.05509,0.46705,-0.782699,2.11274
0.523257,-0.835684,1.80374,0.466394,-0.780667,1.8554
0.523077,-0.832349,1.45962,0.466902,-0.778333,1.48809
0.523692,-0.828659,1.07661,0.468332,-0.77513,1.15514
0.526221,-0.825661,0.673005,0.470937,-0.772196,0.755626
0.529487,-0.824001,0.293379,0.473606,-0.771422,0.375328
0.609108,-0.825005,-0.105804,0.496116,-0.774047,6.05251
0.699916,-0.828836,0.15667,0.655439,-0.768377,0.202417
0.69734,-0.828923,0.551106,0.652548,-0.76904,0.41178
0.695658,-0.829373,0.818835,0.670681,-0.767084,0.731326
0.694673,-0.830583,1.089,0.670201,-0.768262,1.0203
0.694054,-0.832175,1.39386,0.669889,-0.76973,1.33743
0.693949,-0.834228,1.72592,0.670708,-0.771448,1.69654
0.694031,-0.836114,2.01303,0.671571,-0.772749,1.99988
0.694326,-0.837924,2.29538,0.672408,-0.773449,2.30784
0.695377,-0.839096,2.57582,0.674138,-0.774488,2.57142
0.697182,-0.839923,2.93556,0.675988,-0.775036,2.93385
0.590458,-0.816509,2.90214,0.593324,-0.759121,2.94048
0.584169,-0.815698,2.60591,0.565696,-0.744108,2.72416
0.581759,-0.813704,2.28829,0.564313,-0.740642,2.32889
0.58019,-0.811218,1.98448,0.566995,-0.743681,2.03768
0.579535,-0.80896,1.74058,0.566448,-0.739178,1.77099
0.56259,-0.768889,2.01042,0.586724,-0.702454,2.08784
0.561861,-0.766498,1.75397,0.548165,-0.699293,1.78327
0.561758,-0.763909,1.48758,0.521032,-0.673305,1.54472
0.562106,-0.761079,1.19436,0.52185,-0.668585,1.27461
0.562826,-0.759244,0.991728,0.523792,-0.667043,1.01486
0.564086,-0.757708,0.788705,0.524856,-0.665611,0.813048
0.565224,-0.756741,0.635552,0.605961,-0.710333,0.730739
0.566689,-0.755872,0.459614,0.607115,-0.709277,0.574718
0.568432,-0.755236,0.268509,0.608513,-0.708393,0.422579
0.570359,-0.75494,0.0698524,0.610287,-0.707831,0.210928
0.572547,-0.754818,0.169573,0.613879,-0.707338,0.17207
0.571392,-0.75486,0.343842,0.613171,-0.707722,0.349265
0.570276,-0.754958,0.510175,0.61226,-0.708286,0.516533
0.56958,-0.75506,0.614242,0.612023,-0.709081,0.643332
0.568802,-0.755223,0.733177,0.611563,-0.709446,0.726135
0.568234,-0.755519,0.837094,0.611039,-0.709975,0.848581
0.567807,-0.755976,0.943623,0.610658,-0.710448,0.942213
0.567442,-0.756485,1.05268,0.610407,-0.710919,1.04571
0.567135,-0.757034,1.16421,0.610084,-0.71155,1.1603
0.566858,-0.757716,1.29563,0.609897,-0.712263,1.28258
0.567202,-0.756415,1.39402,0.609891,-0.712901,1.38012
0.580132,-0.717605,1.13498,0.61553,-0.684568,1.26308
0.601233,-0.681226,0.92771,0.632615,-0.644073,1.05775
0.61824,-0.660541,0.900677,0.648684,-0.618604,0.920076
0.617687,-0.661314,1.06691,0.64533,-0.614844,1.10372
0.61727,-0.662187,1.2405,0.645244,-0.612907,1.25507
0.617004,-0.663216,1.42897,0.651055,-0.616523,1.44827
0.61696,-0.664049,1.57542,0.644887,-0.613473,1.63268
0.616942,-0.665462,1.80134,0.651302,-0.618089,1.8345
0.617021,-0.6669,2.01952,0.599634,-0.559242,2.09241
0.617242,-0.668374,2.24987,0.844749,-0.511815,2.31407
0.617905,-0.669488,2.47317,0.658901,-0.560827,2.59645
0.619016,-0.67024,2.71396,0.660082,-0.561051,2.80148
0.574526,-0.657665,2.85464,0.840974,-0.511805,3.15389
0.491394,-0.628963,2.77793,0.752538,-0.501445,2.97572
0.410175,-0.602926,2.86841,0.67886,-0.488798,3.00772
0.320987,-0.583543,2.96612,0.561593,-0.51922,3.24662
0.308749,-0.581781,2.84052,0.515645,-0.520821,3.19621
0.306935,-0.581395,2.65501,0.537142,-0.520784,2.94435
0.305397,-0.580404,2.46991,0.527937,-0.52003,2.75209
0.303793,-0.578765,2.23673,0.525814,-0.518787,2.53508
0.302568,-0.576676,1.98809,0.501915,-0.515882,2.43069
0.301868,-0.574095,1.71409,0.535204,-0.514802,2.08759
0.301855,-0.571473,1.44288,0.533996,-0.512008,1.80217
0.302696,-0.562859,1.27921,0.532472,-0.50306,1.67394
0.303535,-0.560237,0.9959,0.534306,-0.501857,1.31255
0.305346,-0.55818,0.715075,0.536238,-0.499513,0.958312
0.307626,-0.556736,0.436133,0.535424,-0.493685,0.885424
0.31021,-0.555987,0.159463,0.537705,-0.492157,0.491479
0.312908,-0.555945,-0.119338,0.539691,-0.491069,0.232271
0.380199,-0.561922,0.0261599,0.569368,-0.482086,0.181911
0.378293,-0.561944,0.315744,0.57639,-0.477829,0.401207
0.375991,-0.562203,0.659643,0.563133,-0.475374,0.955594
0.37445,-0.563144,0.961729,0.562709,-0.477295,1.27908
0.40661,-0.503159,1.09343,0.585759,-0.437125,1.41377
0.447935,-0.423803,1.08845,0.601873,-0.344578,1.41339
0.486828,-0.349983,1.08401,0.615956,-0.268047,1.42143
0.520547,-0.287027,1.07475,0.624217,-0.251465,1.40287
0.550464,-0.231299,1.08217,0.616919,-0.219779,1.41192
0.580805,-0.174546,1.07679,0.625098,-0.165275,1.40754
0.603289,-0.132981,1.07318,0.633538,-0.120954,1.40451
0.62395,-0.0950186,1.07188,0.640541,-0.0717261,1.40297
0.650434,-0.046497,1.07054,0.646995,-0.0231334,1.40146
0.690547,0.0266475,1.06834,0.657357,0.0602421,1.43807
0.721956,0.0818652,1.03802,0.669886,0.126625,1.39435
0.784434,0.187364,1.03613,0.715361,0.256648,1.36811
0.837183,0.285036,1.09955,0.733887,0.37082,1.42464
0.896813,0.405599,1.11796,0.758314,0.535308,1.45323
0.919132,0.452708,1.31076,0.764481,0.650802,1.51675
0.918909,0.450625,1.66025,-0.821005,-0.68036,6.08687
0.918934,0.45388,1.34041,-0.819774,-0.680468,6.04585
0.920111,0.457565,0.937594,-0.817206,-0.682857,5.57404
0.937597,0.445044,0.836115,-0.813967,-0.687132,5.24731
0.957272,0.423038,0.848862,-0.815303,-0.685211,5.34
0.963367,0.420525,0.608161,-0.804668,-1.17658,3.92092
0.97116,0.421308,0.270517,-0.809838,-1.17922,3.6386
0.983688,0.420544,0.061586,-0.824091,-1.18244,3.37772
0.991436,0.420306,-0.247285,-0.828734,-1.18243,3.05319
1.00529,0.349431,-1.84868,-0.852359,-1.15262,2.4069
0.907944,0.299776,3.11714,-0.767138,-1.06745,0.791636
0.783688,0.298738,2.98592,-0.648848,-0.851287,0.842992
0.697896,0.333669,2.27013,-0.566278,-0.850228,0.142464
0.648432,0.373594,2.01907,-0.466815,-0.825777,2.00904
0.645596,0.47266,1.44817,-0.419355,-0.862838,5.59207
0.588328,0.536715,2.72914,-0.407236,-0.115827,2.6333
0.548224,0.623016,1.47411,0.331273,-0.191559,3.9867
0.609237,0.580393,-0.916049,0.334133,-0.117024,1.54343
0.674088,0.453709,-1.17853,0.478741,-0.111331,0.473435
0.769384,0.367617,-0.484256,0.688746,-0.247484,6.10448
0.850513,0.448502,1.13243,0.700739,-0.15312,1.62188
0.899825,0.571925,1.2173,0.668978,-0.0863336,1.97968
0.972067,0.697174,0.947391,0.628048,0.0952982,1.71985
1.05286,0.799099,0.873857,1.11187,0.930526,1.01268
1.02336,0.816011,2.69645,1.09768,0.984253,2.31894
0.928777,0.78168,-2.48192,1.02751,0.923745,3.84395
0.824848,0.722493,-2.85521,0.936854,0.8655,3.75157
0.686396,0.714523,3.05334,0.759985,0.833406,3.31413
0.672483,0.715645,2.70765,0.696366,0.85413,2.95902
0.669501,0.717615,2.3423,0.694305,0.845051,2.59331
0.667612,0.720465,1.99084,0.688548,0.844087,2.22673
0.666901,0.723069,1.71432,0.687872,0.845106,1.9023
0.66697,0.726607,1.34789,0.688237,0.848918,1.56861
0.667764,0.729705,1.02006,0.689985,0.851341,1.19078
0.670013,0.732216,0.673998,0.691858,0.853261,0.800347
0.673275,0.733878,0.294414,0.693526,0.854026,0.458064
0.675909,0.734256,0.0768905,0.694897,0.849397,0.123445
0.673645,0.734185,0.418724,0.693845,0.848875,0.368252
0.671311,0.733786,0.77266,0.692752,0.847195,0.735291
0.669985,0.732253,1.12458,0.691944,0.84485,1.07811
0.674713,0.76295,1.38588,0.691655,0.8432,1.45424
0.697054,0.837765,1.02564,0.72382,0.914546,1.18325
0.699097,0.840133,0.704914,0.729728,0.916834,0.778437
0.701821,0.841729,0.37821,0.719478,0.918411,0.581838
0.712743,0.842494,0.0600694,0.718492,0.920453,0.219204
0.763714,0.858007,0.242605,0.783233,0.954976,0.407278
0.766717,0.858233,-0.0662893,0.79698,0.951435,0.163105
0.76955,0.857908,-0.359001,0.798138,0.94375,6.02046
0.772179,0.856765,-0.651413,0.799889,0.942473,5.72008
0.774244,0.854587,-0.957265,0.800839,0.941704,5.4708
0.77562,0.851593,-1.2965,0.8155,0.93563,5.09957
0.777091,0.804307,-1.58445,0.81627,0.931996,4.77369
0.772057,0.657602,-1.6111,0.791448,0.796722,4.71608
0.77144,0.532462,-1.55691,0.797909,0.62803,4.71446
0.780409,0.376538,-1.49273,0.815971,0.47883,4.78219
0.790934,0.232332,-1.50148,0.821744,0.29249,4.78293
0.800969,0.0800663,-1.50696,0.841713,0.115948,4.77806
0.80942,-0.0652845,-1.5161,0.83383,-0.0092629,4.76441
0.819637,-0.211335,-1.49322,0.843216,-0.16352,4.7859
0.831969,-0.362359,-1.48761,0.856096,-0.314418,4.79119
0.843461,-0.501408,-1.48908,0.867889,-0.47307,4.79076
0.853471,-0.624928,-1.442,0.885115,-0.585603,4.79123
0.853377,-0.622833,-1.12187,0.893649,-0.599919,5.06031
0.852952,-0.620752,-0.787279,0.891574,-0.59632,5.41326
0.851426,-0.619519,-0.437249,0.890143,-0.588741,5.78383
0.852451,-0.619892,-0.197349,0.889511,-0.582889,6.08519
0.892024,-0.644042,-0.514311,0.936404,-0.610288,5.66827
0.891346,-0.643681,-0.375347,0.934678,-0.616333,5.90765
