1.00036,-0.810687,1.56705,-1.67004,-0.32471,6.18464
1.00381,-0.272285,1.56277,-0.800076,-0.409643,6.17916
1.00705,0.0983108,1.56146,-0.21433,-0.476845,6.17698
1.01087,0.488927,1.56062,0.302479,-0.534641,6.17579
1.01607,0.979694,1.55987,0.693325,-0.578994,6.17478
1.02198,1.50551,1.55931,1.31611,-0.644771,6.17409
1.02582,1.8273,1.29337,1.7404,-0.693075,6.17214
1.03132,1.83337,0.396055,1.76349,-0.705238,5.37864
1.34489,1.8325,-0.0112534,1.81323,-0.892328,4.77086
1.72685,1.79681,-0.116476,1.83693,-1.22144,4.78728
1.83288,1.78441,-0.623679,1.81798,-1.45997,4.55349
1.83595,1.77947,-1.41885,1.86506,-1.47067,3.66208
1.76401,1.65198,-2.36702,1.73497,-1.36988,2.43966
1.76522,1.65275,-2.00373,1.65684,-1.35208,2.86623
1.75474,1.4974,-1.58352,1.62726,-1.35378,3.20777
1.75206,1.21952,-1.58004,-1.48105,0.82703,2.2089
1.74924,0.912956,-1.57991,1.03602,-1.42827,3.27438
1.7456,0.508971,-1.57966,0.901851,-1.4513,3.27478
1.74194,0.08922,-1.57927,0.470809,-1.50918,3.27524
1.7386,-0.321938,-1.57823,0.00256245,-1.57263,3.27597
1.7375,-0.460385,-1.834,-0.230987,-1.58048,3.16869
1.7342,-0.465895,-2.50555,-0.204467,-1.57314,2.55835
1.7263,-0.467622,3.11414,-0.225689,-1.56157,1.81979
1.52336,-0.465855,-3.13947,-0.203281,-1.44261,1.73031
1.3142,-0.466555,-3.13769,-0.259823,-1.1879,1.74116
1.12509,-0.467285,-3.13771,-0.291948,-0.979631,1.74506
0.938865,-0.467999,-3.13775,-0.331246,-0.817628,1.74894
0.735452,-0.468775,-3.13775,-0.381581,-0.597169,1.74914
0.534897,-0.469541,-3.13774,-0.376167,-0.463257,1.76214
0.158143,-0.47098,-3.13776,-0.4425,-0.139423,1.76217
-0.188524,-0.472297,-3.13775,-0.565307,0.44441,1.74898
-0.495077,-0.473459,-3.13779,-0.62968,0.692432,1.74926
-0.77298,-0.474512,-3.13779,-0.670573,0.816419,1.76177
-1.08526,-0.475689,-3.13779,-0.692291,0.990489,1.76628
-1.46487,-0.477111,-3.13785,-0.753666,1.22767,1.81329
-1.60702,-0.477635,-2.97524,-0.861713,1.34186,1.88462
-1.60548,-0.477601,-2.72242,-0.89505,1.3363,2.11334
-1.60318,-0.477254,-2.33859,-0.911206,1.34054,2.45749
-1.60173,-0.476062,-1.96195,-0.91047,1.31118,2.88514
-1.6054,-0.49058,-1.77969,-0.910076,1.33777,3.16177
-1.62184,-0.551937,-1.73808,-0.990536,1.34072,3.06863
-1.62175,-0.550523,-1.47462,-1.00167,1.36545,3.40412
-1.62176,-0.548978,-1.22164,-1.01187,1.38346,3.8603
-1.62188,-0.547436,-0.978592,-1.01099,1.28082,4.12163
-1.62217,-0.545997,-0.745023,-1.01041,1.28123,4.31797
-1.62291,-0.544818,-0.488176,-1.01091,1.28362,4.65762
-1.62426,-0.544301,-0.20093,-1.01083,1.28362,4.92754
-1.4674,-0.556861,-0.0286123,-0.974483,1.21653,5.09418
-1.2225,-0.56292,-0.0238608,-0.89713,1.04669,5.11196
-0.910258,-0.570383,-0.0238644,-0.655303,0.764216,5.31676
-0.625231,-0.5772,-0.0238734,-0.506508,0.548439,5.31596
-0.405248,-0.582319,-0.12263,-0.453028,0.403987,5.23247
-0.400677,-0.583551,-0.613769,-0.516314,0.354829,4.76946
-0.397283,-0.587929,-1.19122,-0.519087,0.343309,4.18142
-0.381857,-0.664741,-1.51769,-0.58028,0.296714,3.74827
-0.38304,-0.67097,-2.17577,-0.585864,0.297029,3.04789
-0.387797,-0.674575,-2.79317,-0.586813,0.301178,2.25948
-0.547325,-0.673713,-3.13,-0.605223,0.441063,1.83946
-0.869583,-0.678065,-3.12776,-0.690751,0.697627,1.88588
-1.21333,-0.682818,-3.12773,-0.733299,0.747135,1.90673
-1.55564,-0.687577,-3.12762,-1.04712,-0.132071,3.15737
-1.60514,-0.688204,-2.80083,-1.21578,-0.169541,3.35249
-1.60291,-0.687961,-2.43501,-1.24517,-0.173811,3.76502
-1.60103,-0.68691,-2.02087,-1.24393,-0.172567,4.05151
-1.61362,-0.7363,-1.86538,-1.24329,-0.171608,4.32111
-1.62172,-0.762193,-1.64023,-1.31888,-0.242112,4.29895
-1.62171,-0.759426,-1.18151,-1.32003,-0.245593,4.68601
-1.62208,-0.756814,-0.764295,-1.34718,-0.245676,5.23483
-1.62321,-0.755321,-0.410361,-1.35836,-0.247231,5.51936
-1.54148,-0.766516,-0.077571,-1.32457,-0.24961,5.85125
-1.22832,-0.783226,-0.0490747,-1.08324,-0.260762,6.17367
-1.04613,-0.792076,-0.0493879,-0.835297,-0.333885,6.11425
-1.03846,-0.792353,-0.3133,-0.770816,-0.361492,6.00694
-1.03573,-0.793386,-0.613924,-0.750465,-0.379451,5.65544
-1.03359,-0.795487,-0.922458,-0.744788,-0.381781,5.23097
-1.03192,-0.799195,-1.34474,-0.739943,-0.385138,4.76534
-1.01886,-0.866592,-1.70721,-0.779422,-0.443762,4.4559
-1.02115,-0.872384,-2.35795,-0.78869,-0.444695,3.86965
-1.02589,-0.874934,-2.91563,-0.807144,-0.443445,3.25008
-1.13245,-0.875849,-3.10415,-0.836682,-0.436879,3.00864
-1.39565,-0.887982,-3.09352,-1.1297,-0.420822,3.08204
-1.60664,-0.897924,-2.99043,-1.4309,-0.409352,3.08314
-1.60369,-0.897748,-2.50631,-1.45683,-0.431705,3.52542
-1.60121,-0.896224,-1.93359,-1.45526,-0.462544,4.15419
-1.62426,-1.02221,-1.73141,-1.50667,-0.4749,4.51166
-1.63466,-1.08718,-2.21018,-1.63113,-0.594559,4.15201
-1.63763,-1.08979,-2.61407,-1.67315,-0.609714,3.65864
-1.64167,-1.09102,-3.04895,-1.64249,-0.624577,3.25428
-1.71448,-1.09633,3.06871,-1.70438,-0.624889,3.1478
-1.72039,-1.09439,2.4131,-1.70495,-0.647948,2.43673
-1.72308,-1.09022,1.89816,-1.71896,-0.641807,1.93619
-1.73393,-0.897351,1.58318,-1.72421,-0.587859,1.43031
-1.7372,-0.59183,1.58127,-1.68016,-0.306994,1.36194
-1.73919,-0.397895,1.58121,-1.64167,-0.13456,1.35889
-1.74155,-0.166605,1.58105,-1.61314,0.0879723,1.3648
-1.74329,0.0179364,1.46999,-1.56191,0.361743,1.36295
-1.74209,0.0220104,1.06595,-1.53792,0.406429,1.0428
-1.73894,0.0256691,0.625745,-1.60365,0.401825,0.580808
-1.73498,0.0275078,0.227249,-1.60448,0.400843,0.254851
-1.59818,0.0385224,0.036023,-1.54063,0.387582,6.13583
-1.40712,0.0442821,0.0286259,-1.36828,0.350431,6.16527
-1.24982,0.0485628,-0.0914858,-1.15288,0.321136,6.17467
-1.24599,0.0475383,-0.472037,-1.13129,0.311004,5.80971
-1.2422,0.0444688,-0.920747,-1.13125,0.305797,5.35107
-1.24016,0.0401183,-1.36261,-1.17413,0.33502,4.83032
-1.22809,-0.0251865,-1.5664,-1.18172,0.274473,4.63712
-1.22849,-0.0294679,-2.01519,-1.18548,0.268642,4.17629
-1.23437,-0.0346353,-2.84583,-1.19174,0.268991,3.48501
-1.4627,-0.043704,-3.07454,-1.27764,0.271796,2.95477
-1.60582,-0.0530868,-2.89417,-1.52965,0.252277,3.08324
-1.60248,-0.0527057,-2.34023,-1.56166,0.194987,3.70822
-1.60091,-0.0512804,-1.90804,-1.59555,0.197497,4.19328
-1.62492,-0.13555,-1.71622,-1.65145,0.134007,4.3158
-1.62485,-0.132569,-1.20403,-1.65348,0.110414,4.88273
-1.62531,-0.129528,-0.71551,-1.65357,0.143638,5.41839
-1.62699,-0.128094,-0.280425,-1.65376,0.144617,5.89172
-1.47509,-0.140366,-0.0270174,-1.57272,0.118319,6.09024
-1.20872,-0.146181,-0.0207056,-1.31241,0.0432015,6.12432
-0.910795,-0.152348,-0.0206402,-0.834369,-0.0640247,6.02723
-0.620033,-0.15835,-0.0205927,-0.792541,-0.0548408,6.14085
-0.510168,-0.16048,0.27249,-0.601397,-0.0571627,6.23808
-0.512515,-0.160675,0.655904,-0.592495,-0.060483,0.433853
-0.514233,-0.16122,0.97671,-0.601725,-0.0641928,0.845294
-0.510465,-0.143363,1.38753,-0.605763,-0.0665402,1.22272
-0.481263,0.0311304,1.13163,-0.501703,0.0667615,1.24498
-0.476969,0.0356881,0.482424,-0.507875,0.0686955,0.452693
-0.275565,0.0485576,0.0150163,-0.468539,0.0669971,0.183195
-0.186702,0.0480024,-0.556337,-0.260861,0.0074531,5.93882
-0.181837,0.0416409,-1.30403,-0.249832,-0.00255849,5.11465
-0.171082,-0.0263087,-1.8104,-0.233053,0.0210281,4.74196
-0.174383,-0.0319387,-2.41601,-0.231035,0.019606,4.07867
-0.178061,-0.0341433,-2.80656,-0.244038,0.0200382,3.62293
-0.24484,-0.0354136,-3.06058,-0.239794,0.0258901,3.12164
-0.336972,-0.0473184,-2.61384,-0.360135,-0.0255005,3.54473
-0.334489,-0.0466593,-2.16551,-0.363302,-0.0452133,4.03004
-0.339337,-0.0674441,-1.7984,-0.372773,-0.0538938,4.32772
-0.357271,-0.130188,-1.77107,-0.41583,-0.137958,4.27268
-0.357149,-0.129005,-1.54134,-0.397841,-0.114117,4.53001
-0.357145,-0.127294,-1.25866,-0.394657,-0.1129,4.82928
-0.357269,-0.125592,-0.990006,-0.395362,-0.091593,5.12678
-0.357587,-0.123987,-0.728751,-0.389935,-0.0908882,5.40603
-0.358425,-0.122835,-0.46398,-0.392877,-0.166326,5.71481
-0.359666,-0.122386,-0.200533,-0.392775,-0.166256,5.97046
-0.191942,-0.154892,-0.237718,-0.296252,-0.179306,6.09664
-0.188847,-0.155791,-0.569237,-0.219651,-0.204553,5.8495
-0.186296,-0.158199,-0.930377,-0.218031,-0.217497,5.49812
-0.184789,-0.161348,-1.29233,-0.277034,-0.154505,5.32878
-0.171818,-0.232217,-1.51164,1.40868,-0.7521,4.00117
-0.172031,-0.235654,-1.86589,-0.167487,-0.296072,4.62451
-0.174546,-0.240315,-2.41946,-0.169958,-0.299975,4.14497
-0.17857,-0.242389,-2.88681,-0.174768,-0.301971,3.67847
-0.202872,-0.2416,3.10595,-0.178471,-0.302488,3.21152
-0.385878,-0.242553,-3.12322,-0.298716,-0.312522,3.23692
-0.675168,-0.248085,-3.12228,-0.543834,-0.33377,3.24303
-0.942977,-0.253255,-3.12226,-0.867778,-0.384788,3.25781
-1.26234,-0.25943,-3.12222,-1.17142,-0.424072,3.2632
-1.51725,-0.264384,-3.1221,-1.43575,-0.451836,3.26287
-1.60455,-0.266009,-2.89378,-1.56654,-0.479853,3.32838
-1.60237,-0.265859,-2.53795,-1.55489,-0.486036,3.74582
-1.60024,-0.265173,-2.13803,-1.54473,-0.484533,4.06262
-1.59948,-0.263623,-1.7828,-1.54663,-0.506103,4.47584
-1.62242,-0.344608,-1.75021,-1.57149,-0.713538,4.42769
-1.6223,-0.342101,-1.30501,-1.54932,-0.580627,5.03069
-1.62249,-0.339714,-0.927651,-1.55023,-0.562761,5.40159
-1.62363,-0.337324,-0.453043,-1.55299,-0.556338,5.86722
-1.4365,-0.347015,-0.0127307,-1.51744,-0.557412,0.12757
-1.04257,-0.351665,-0.0116868,-1.08133,-0.517389,0.13891
-0.632882,-0.356435,-0.0116074,-0.695027,-0.472756,0.138621
-0.233221,-0.361057,-0.0114859,-0.334156,-0.478724,0.133498
0.218012,-0.366187,-0.0112233,0.0955554,-0.476086,0.093549
0.607653,-0.370466,-0.010626,0.377257,-0.453654,0.0942811
0.757198,-0.371969,0.352611,0.565829,-0.399323,0.257997
0.753889,-0.372547,0.918714,0.780696,-0.371003,0.801333
0.762429,-0.289174,1.52875,0.791928,-0.368914,1.44339
0.768351,-0.0128904,1.55291,0.745418,-0.136109,1.60237
0.774497,0.330887,1.55298,0.765968,0.330495,1.58174
0.780214,0.651745,1.55307,0.798317,0.685105,1.58205
0.785915,0.974036,1.55321,0.815023,1.01877,1.58315
0.788279,1.07757,1.05593,0.605239,1.20564,1.463
0.791653,1.08105,0.55963,0.782073,1.18775,0.688058
0.79831,1.08311,0.159295,0.791924,1.17439,0.311862
0.861048,1.09383,0.00833106,0.919892,1.15176,0.287623
0.864439,1.09354,-0.346294,0.922965,1.16513,5.90739
0.867217,1.09235,-0.661919,0.932171,1.16767,5.54938
0.869425,1.08988,-1.00325,0.935536,1.16301,5.29225
0.870681,1.0867,-1.35774,0.936857,1.15607,4.92344
0.879977,0.940977,-1.55418,0.939683,1.04021,4.67062
0.881948,0.777573,-1.56015,0.920529,0.793892,4.64327
0.883545,0.625454,-1.56032,0.907406,0.712923,4.6955
0.88479,0.504782,-1.56032,0.906537,0.677319,4.70957
0.886185,0.369742,-1.56035,0.906993,0.481145,4.71185
0.88831,0.162876,-1.5604,0.926052,0.246338,4.71301
0.89054,-0.0554848,-1.56048,0.926077,0.10259,4.71316
0.892551,-0.25517,-1.56069,0.925901,-0.229558,4.71189
0.893283,-0.339671,-1.40675,0.934594,-0.35032,4.79383
0.892946,-0.338363,-1.17095,0.933584,-0.356631,5.03043
0.892146,-0.336983,-0.872915,0.92086,-0.355218,5.35324
0.890995,-0.33593,-0.559743,0.918962,-0.358492,5.668
0.889799,-0.335388,-0.279539,0.918352,-0.369988,5.92867
0.978929,-0.360985,-0.346215,0.976489,-0.39969,6.00905
0.977346,-0.360765,-0.0172416,1.01111,-0.398946,6.15351
0.976258,-0.360743,0.177156,1.00724,-0.393001,0.187422
0.975144,-0.360735,0.36357,1.00967,-0.377121,0.272991
0.973791,-0.360853,0.583393,1.00025,-0.395583,0.546389
0.973028,-0.360984,0.712103,1.00205,-0.40264,0.717355
0.971943,-0.361294,0.91023,1.00174,-0.403275,0.880554
0.971173,-0.36203,1.12424,0.998118,-0.377262,1.03214
0.970789,-0.363065,1.35243,1.01058,-0.444944,1.34998
0.979921,-0.269169,1.54098,1.01117,-0.422555,1.52933
0.982471,-0.097375,1.56055,1.00648,-0.285838,1.6383
0.984042,0.0573451,1.56069,1.00714,-0.0407765,1.56324
0.985492,0.200597,1.56066,1.00875,0.0944711,1.53154
0.987102,0.359597,1.5607,1.02466,0.27641,1.53164
0.989228,0.571602,1.56078,0.997194,0.513379,1.56276
0.991216,0.770719,1.5609,0.994849,0.720198,1.53145
0.995457,1.20621,1.56131,1.14913,0.809691,1.45769
0.998978,1.59729,1.56298,1.18731,1.21328,1.4581
0.999109,1.60673,2.10372,1.15847,1.35802,1.85853
1.00009,1.60381,2.63167,1.16641,1.34311,2.46102
1.00113,1.60348,2.95639,1.18289,1.42603,2.81995
0.823264,1.6282,2.97991,1.05001,1.44465,3.00428
0.820072,1.62874,2.6342,1.0232,1.50121,2.66184
0.817169,1.63118,2.24347,1.0132,1.52915,2.30187
0.815514,1.63435,1.86885,1.01208,1.53289,1.90497
0.799106,1.71325,1.7021,0.993552,1.57181,1.7639
0.799456,1.7183,1.18131,0.994893,1.5754,1.19705
0.803348,1.7231,0.537566,0.999186,1.58552,0.678782
0.865828,1.73208,0.0681981,1.00582,1.6046,0.272536
1.07032,1.73723,-0.0675643,1.247,1.61262,6.05252
1.07595,1.73527,-0.642707,1.29336,1.59161,5.64301
1.07931,1.73129,-1.12101,1.30787,1.71307,5.10056
1.08933,1.58045,-1.55876,1.30354,1.66391,4.64332
1.09259,1.18966,-1.56264,1.26756,1.30377,4.62137
1.0961,0.748621,-1.56273,1.20696,0.806607,4.62104
1.09902,0.377977,-1.56283,1.15765,0.283826,4.62339
1.10155,0.0518679,-1.56296,1.13855,-0.052975,4.6244
1.10379,-0.245511,-1.56328,1.11735,-0.418745,4.62479
1.10391,-0.337803,-1.12365,1.14498,-0.596121,4.87491
1.10189,-0.335505,-0.517516,1.02773,1.28253,1.6921
1.18237,-0.358163,-0.355564,1.02866,1.28074,2.03481
1.17938,-0.357924,0.22329,0.999417,1.35113,2.00189
1.17685,-0.358086,0.639598,1.00175,1.34842,2.25618
1.17473,-0.358981,1.06551,1.00334,1.34772,2.5871
1.178,-0.34252,1.43332,1.00505,1.34744,2.96517
1.1865,-0.0687822,1.55735,0.758195,1.3476,3.14128
1.19084,0.254965,1.55743,0.387682,1.34619,3.14197
1.19588,0.633139,1.5575,0.1007,1.33976,3.14238
1.20246,1.13164,1.55769,0.83918,0.200537,3.83744
1.20588,1.39378,1.55788,0.618764,0.0163913,3.8376
1.20976,1.70619,1.55873,0.61346,0.0118399,3.8383
1.21043,1.71353,1.07348,0.284753,-1.53627,5.3486
1.2138,1.71712,0.569733,0.285589,-1.54103,4.92322
1.25841,1.72535,0.166403,0.283671,-1.54527,4.26753
1.29558,1.7305,-0.224665,0.220455,-1.58562,3.76897
1.29986,1.72892,-0.702156,0.204819,-1.58579,3.18677
1.30874,1.67823,-1.51424,0.215941,-1.57959,2.45153
1.31191,1.27213,-1.56797,0.0253247,-1.31672,2.1845
1.31293,0.8914,-1.56802,-0.186229,-0.309532,4.14617
1.3137,0.589692,-1.56815,1.38885,0.0777907,3.45914
1.31455,0.234824,-1.56835,-0.484643,-0.52527,2.13764
1.31515,-0.0410269,-1.56859,-0.615625,-0.322959,2.13725
1.31562,-0.299643,-1.56924,-0.811561,-0.0149875,2.13705
1.3156,-0.34998,-1.45498,-0.884367,0.0957038,2.15472
1.31522,-0.348412,-1.17425,-0.871952,0.075832,2.37846
1.3147,-0.347414,-0.966856,-0.860533,0.0589044,2.52301
1.31384,-0.346404,-0.70996,-0.857303,0.0547492,2.76974
1.3129,-0.345747,-0.469707,-0.855704,0.0543526,2.97385
1.31199,-0.345397,-0.263009,-0.85437,0.0543008,3.14748
1.3938,-0.364369,-0.168257,-0.911843,0.0470087,3.2209
1.3925,-0.364352,0.0785288,-0.934252,0.0402982,3.38779
1.39124,-0.364334,0.302539,-0.929605,0.0410979,3.64965
1.38962,-0.364389,0.573283,-0.924776,0.0418959,3.81473
1.38815,-0.364688,0.825073,-0.921108,0.0332315,4.05585
1.38681,-0.365853,1.18386,-0.931818,0.0359437,4.62898
1.3969,-0.254616,1.54425,-0.906997,-0.0106483,5.23789
1.40302,0.205118,1.55851,-0.707883,-0.330498,5.2899
1.40817,0.626264,1.55863,-0.52575,-0.611795,5.28668
1.41234,0.971491,1.55878,-0.271603,-0.950147,5.2906
1.41575,1.25799,1.55899,-0.0058078,-1.29155,5.31222
1.41903,1.54019,1.55938,-0.36415,1.46488,2.12028
1.42106,1.7144,1.30547,-0.526769,1.74305,2.09847
1.4232,1.71889,0.792213,-0.528246,1.74876,1.74029
1.42778,1.72145,0.249709,-0.524545,1.74835,1.27042
1.49653,1.73239,-0.134924,-0.484739,1.79195,0.86425
1.50217,1.7302,-0.773015,-0.501266,1.79839,0.440387
1.51218,1.66205,-1.52715,-0.507974,1.84435,5.99641
1.51609,1.26911,-1.56405,-0.289827,1.72194,5.86222
1.51906,0.820864,-1.56402,0.154749,1.50115,5.82663
1.52133,0.477503,-1.56409,0.39341,1.40649,5.82565
1.52343,0.154257,-1.56421,0.712331,1.24959,5.82563
1.5257,-0.204906,-1.56453,0.987538,1.11378,5.82536
1.52649,-0.346926,-1.54501,1.21151,1.00345,5.82481
1.5263,-0.345276,-1.26692,1.23029,1.0003,5.97582
1.52556,-0.343702,-0.948353,1.24313,0.991838,6.15599
1.52449,-0.342554,-0.639741,1.24185,0.991232,0.281154
1.52362,-0.342026,-0.425187,1.24038,0.990843,0.508059
1.52273,-0.341726,-0.226429,1.2407,0.99025,0.674669
1.59949,-0.359377,-0.159314,1.29521,1.03493,0.72463
1.5978,-0.359364,0.147019,1.30116,1.04311,0.982126
1.59667,-0.359356,0.345114,1.30109,1.03747,1.18064
1.59517,-0.359396,0.596475,1.30717,1.03382,1.40857
1.59388,-0.359668,0.820579,1.3073,1.03254,1.69898
1.59258,-0.360672,1.14763,1.2813,1.03377,2.08285
1.60243,-0.255024,1.53875,1.26842,1.04005,2.64309
1.61079,0.26198,1.55604,0.892967,1.22587,2.70707
1.61798,0.751879,1.55614,0.393781,1.50296,2.67009
1.62398,1.16299,1.55629,0.00418306,1.70428,2.67015
1.62862,1.48529,1.55651,-0.047646,1.77625,2.66983
1.6319,1.70973,1.29506,-0.258679,1.90523,2.53406
1.63362,1.71371,0.849615,-0.243204,1.90828,1.83154
1.6363,1.71582,0.500751,0.753406,1.47442,1.04731
1.63898,1.71677,0.209163,0.756337,1.47618,0.733518
1.70938,1.72946,0.0863488,0.816358,1.51886,0.676009
1.71198,1.72937,-0.183959,0.829909,1.51997,0.305042
1.71482,1.72889,-0.479229,0.841188,1.52736,0.175757
1.71743,1.72692,-0.814898,0.837229,1.52258,5.91204
1.71873,1.72516,-1.04096,0.848567,1.52581,5.59028
1.71981,1.72221,-1.36525,0.858348,1.52705,5.38141
1.74018,1.51808,-1.5679,0.900441,1.44585,5.22136
1.74003,1.33759,-1.57358,0.968278,1.22816,5.01752
1.73949,1.15564,-1.57372,1.03042,1.06093,5.01889
1.73882,0.917803,-1.57347,1.08885,0.891082,5.03495
1.73809,0.629799,-1.57316,1.12225,0.908528,5.0885
1.73738,0.273218,-1.57264,1.23986,0.611303,5.08949
1.73702,-0.265092,-1.56985,1.43484,0.122015,5.09153
1.73699,-0.451539,-1.97747,1.40068,0.0285535,4.93057
1.73336,-0.456027,-2.57629,1.39672,0.0225185,4.15483
1.72853,-0.457468,-3.09666,1.47359,-0.107842,3.62028
1.51743,-0.455918,-3.13529,1.39415,-0.278379,3.17334
1.17507,-0.458268,-3.13466,1.08613,-0.279875,3.17533
0.804072,-0.460837,-3.13465,0.691832,-0.270922,3.12909
0.521885,-0.462788,-3.13465,0.37657,-0.263292,3.11368
0.0434568,-0.466103,-3.13465,-0.0503893,-0.272768,3.10946
-0.483667,-0.46976,-3.13464,-0.508521,-0.231802,3.11343
