-0.508118,-1.63518,3.03836,-0.926589,-1.88461,2.84935
-1.10223,-1.57607,3.04702,-1.40254,-1.74304,2.85801
-1.64934,-1.52619,3.05489,-1.81718,-1.62764,2.86505
-1.86412,-1.50731,2.48144,-1.92208,-1.50267,2.54075
-1.8679,-1.49917,1.51556,-1.92471,-1.49353,1.74305
-1.66381,-1.07056,1.12337,-1.74558,-1.20063,1.07853
-1.42818,-0.577937,1.12619,-1.4845,-0.573383,1.13013
-1.25512,-0.213657,1.12857,-1.31333,-0.246664,1.13214
-1.09364,0.128394,1.13107,-1.12937,0.131289,1.13281
-0.935149,0.466321,1.13367,-0.988589,0.335545,1.11027
-0.79445,0.768323,1.13616,-0.834807,0.71353,1.10257
-0.691237,0.991171,1.13836,-0.710702,0.900354,1.09463
-0.580171,1.2328,1.14207,-0.565218,1.18482,1.09972
-0.463836,1.48857,1.14634,-0.441571,1.42283,1.10242
-0.325119,1.79755,1.15185,-0.289337,1.7045,1.10578
-0.300149,1.85752,0.617312,-0.160547,1.77784,0.772826
-0.293627,1.8591,-0.131811,-0.109929,1.78471,6.0931
-0.025901,1.76761,-0.33789,0.0204291,1.72769,5.9127
0.24825,1.67141,-0.336881,0.342325,1.64743,5.89675
0.598185,1.54911,-0.335419,0.707928,1.52961,5.89818
0.969611,1.41995,-0.333717,0.987086,1.4227,5.89949
1.31996,1.29879,-0.331975,1.30175,1.31091,5.90194
1.68948,1.17176,-0.330016,1.67838,1.13749,5.90386
1.84074,1.12479,-0.427433,1.87483,1.06888,5.90682
1.84539,1.12003,-1.14657,1.8915,1.04863,5.41101
1.81142,0.913101,-1.80397,1.8645,0.99446,4.48945
1.7255,0.555654,-1.80968,1.72349,0.437083,4.36515
1.59428,0.0179804,-1.81063,1.58128,0.0289176,4.40835
1.49717,-0.378545,-1.81122,1.44496,-0.355637,4.40763
1.35381,-0.962293,-1.81193,1.3019,-0.882363,4.40679
1.19512,-1.60675,-1.8124,1.11343,-1.5255,4.40861
1.13596,-1.85947,-2.10654,1.02085,-1.80139,4.40725
1.12951,-1.86381,-2.98672,1.01234,-1.82702,3.48074
1.02002,-1.81149,2.68854,0.928675,-1.77804,2.6586
0.632515,-1.62321,2.69025,0.678851,-1.62355,2.66054
0.0754504,-1.35404,2.69292,0.222837,-1.40544,2.66817
-0.534346,-1.06159,2.69609,-0.464683,-1.12845,2.67153
-1.19944,-0.745418,2.69979,-1.08589,-0.819633,2.67507
-1.76593,-0.478554,2.7031,-1.63491,-0.558516,2.67774
-1.85973,-0.433128,1.61226,-1.76089,-0.329935,1.87749
-1.63182,0.0548789,1.11116,-1.6263,-0.0151018,1.25583
-1.54438,0.259046,1.34449,-1.52132,0.46406,1.28085
-1.49939,0.454304,1.34408,-1.47756,0.629029,1.40592
-1.44698,0.681256,1.34368,-1.40908,0.946316,1.3366
-1.39109,0.922824,1.34331,-1.35963,0.960273,1.31431
-1.33172,1.17901,1.34295,-1.29968,1.21825,1.31382
-1.22987,1.61338,1.65844,-1.17107,1.68062,1.31335
-1.22791,1.6026,2.28462,-1.18213,1.64824,2.19185
-1.22467,1.60055,2.96845,-1.17497,1.64879,2.78748
-1.40984,1.5001,-2.50681,-1.33754,1.5768,3.76637
-1.51715,1.42986,-2.22273,-1.56622,1.42793,3.86102
-1.51588,1.43333,-1.54569,-1.60605,1.37599,4.67676
-1.51625,1.43703,-0.82658,-1.61587,1.37883,5.37393
-1.40493,1.43806,0.0383247,-1.64468,1.35909,0.207708
-1.11758,1.39937,-0.178784,-1.27656,1.37344,0.10121
-0.943609,1.35132,-0.308027,-1.15829,1.35521,6.15393
-0.749201,1.30454,-0.20672,-0.998525,1.34879,6.21547
-0.597159,1.27813,-0.156545,-0.849716,1.35168,0.070448
-0.477637,1.25369,-0.233125,-0.724554,1.34072,6.21939
-0.374766,1.23177,-0.193137,-0.555292,1.33234,6.22151
-0.268082,1.21403,-0.147114,-0.484168,1.32989,6.23691
-0.186627,1.20333,-0.117536,-0.373884,1.29117,6.27719
-0.0908948,1.19325,-0.0955461,-0.432477,1.32308,0.0303691
0.00214107,1.18292,-0.122995,-0.329189,1.3263,0.0202113
0.0849055,1.17156,-0.146107,-0.215192,1.3249,6.26908
0.154457,1.16148,-0.141787,-0.161978,1.32421,6.26859
0.233004,1.15053,-0.136072,0.0248524,1.30342,6.2605
0.324548,1.13967,-0.10523,0.099602,1.30354,0.0146224
0.395454,1.13226,-0.103592,0.177338,1.30644,0.0226627
0.475386,1.12366,-0.110427,0.242504,1.30695,0.0242794
0.54628,1.11548,-0.118176,-0.636319,-1.24476,2.42334
0.607417,1.07325,-1.06417,-0.641466,-1.14611,1.71927
0.617391,0.966507,-1.72423,-0.555763,-1.02018,1.1605
0.595563,0.87513,-1.85614,-0.523152,-0.962688,1.00342
0.575486,0.805728,-1.84906,-0.488858,-0.873047,1.01368
0.552101,0.724605,-1.85393,-0.450146,-0.796819,1.01158
0.529923,0.649397,-1.86,-0.398638,-0.72412,1.00696
0.506091,0.569482,-1.86099,-0.349953,-0.646255,1.00543
0.485691,0.501135,-1.86076,-0.310809,-0.574763,1.00544
0.489741,0.479702,-2.17968,-0.262667,-0.997333,3.04689
0.512894,0.490507,-2.63863,-1.05746,-1.01607,2.39424
0.52238,0.494918,-2.77816,-1.05284,-1.02658,2.2863
0.518903,0.494542,-2.73945,-1.05258,-1.02747,2.28496
0.522936,0.497487,-2.80963,-1.05112,-1.02925,2.26093
0.529904,0.500639,-2.92319,-1.04913,-1.03147,2.16694
0.527011,0.500834,-2.89186,-1.04882,-1.03201,2.17757
0.5263,0.501907,-2.89669,-1.04904,-1.03065,2.18032
0.526358,0.503049,-2.9116,-1.04941,-1.03013,2.1852
0.528447,0.504619,-2.95816,-1.04873,-1.03143,2.13995
0.524969,0.505045,-2.92075,-1.04812,-1.03232,2.14851
0.511731,0.501909,-2.74199,-1.05453,-1.02493,2.33486
0.521239,0.507025,-2.90086,-1.04725,-1.03043,2.2485
0.529699,0.509465,-3.04797,-1.03981,-1.04048,2.14156
0.533332,0.512032,3.12815,-1.03778,-1.04568,1.99394
0.519566,0.525686,3.05852,-1.04023,-1.02838,1.90272
0.457717,0.55795,2.63689,-1.04544,-0.970187,1.57734
0.382315,0.659155,2.03064,-0.964738,-0.88277,0.781831
0.344047,0.747549,1.99697,-0.849354,-0.765755,0.563097
0.284058,0.840575,2.23678,1.22349,0.243839,0.617444
0.2328,0.866849,3.04922,1.20226,0.309816,1.53216
0.170558,0.862629,-2.97061,1.1781,0.375784,1.92979
0.0722588,0.839592,-2.92128,1.12751,0.46698,2.02035
-0.0417447,0.824766,-3.07116,1.09965,0.532274,1.90873
-0.201892,0.822557,3.12918,1.08172,0.739466,1.73347
-0.386335,0.805865,-3.00538,1.01076,0.920001,1.87565
-0.537832,0.786799,-3.02321,0.907646,1.08103,1.89925
-0.572536,0.784075,-2.80634,0.821406,1.1972,2.05969
-0.570171,0.784386,-2.43965,0.197521,0.419842,2.60301
-0.568464,0.786101,-2.00538,-1.53015,-0.282938,4.95851
-0.498856,0.714016,-0.45099,0.282882,-0.799544,3.72221
-0.513307,0.644802,-2.31181,0.203397,-0.759249,2.63615
-0.683297,0.670937,2.6298,0.350384,-0.696459,0.782692
-0.825567,0.715059,2.96294,0.461858,-0.841392,5.63086
-0.868015,0.621671,-1.57951,0.580978,-0.787134,1.15114
-0.840465,0.447826,-1.3459,0.134186,-0.486907,3.00986
-0.923493,0.372798,-2.90398,-0.361963,0.231217,2.35958
-1.00517,0.440566,1.95351,-0.485807,0.230632,2.08459
-0.918185,0.560955,0.538567,-0.380304,0.343756,0.613551
-0.771241,0.645547,0.515574,-0.319805,0.408049,0.435564
-0.59436,0.742934,0.533137,-0.253355,0.413651,0.446221
-0.418615,0.866756,0.650452,-0.0125024,0.609686,0.666684
-0.284996,0.955796,0.56089,0.114615,0.727436,0.602397
-0.1828,1.01627,0.517612,0.208546,0.782582,0.552449
-0.0877948,1.0706,0.521255,0.25794,0.817755,0.55397
0.015024,1.12953,0.519809,0.29029,0.855037,0.552371
0.136318,1.1968,0.498551,0.41145,0.801842,0.407403
0.235805,1.27526,0.765613,0.521934,0.917856,0.722873
0.337104,1.36905,0.725305,0.606235,1.0171,0.720962
0.412428,1.42754,0.611684,0.710587,1.16449,0.65417
0.421046,1.43344,0.786629,0.791194,1.23836,0.681655
0.420046,1.4323,1.05473,0.792919,1.25094,0.952021
0.419344,1.4306,1.38715,0.792307,1.25549,1.19153
0.419244,1.42766,1.85544,0.792445,1.25533,1.68738
0.419567,1.42487,2.2736,0.793098,1.25163,2.12026
0.421133,1.42315,2.67747,0.789228,1.2406,2.30429
0.423519,1.42249,3.11863,0.791464,1.23985,2.72777
0.321184,1.3875,-2.76634,0.760505,1.27702,3.19873
0.140364,1.32033,-2.79488,0.566773,1.24791,3.24548
-0.108726,1.24749,-2.87667,0.331017,1.24701,3.18192
-0.404815,1.17313,-2.90108,-0.0562276,1.22974,3.16367
-0.713594,1.10031,-2.91313,-0.327128,1.19699,3.17862
-0.91003,1.06233,-2.96526,-0.562509,1.1946,3.14325
-1.16668,1.02029,-2.98419,-0.876569,1.19384,3.12548
-1.44652,0.977462,-2.99211,-1.16859,1.19853,3.12115
-1.64318,0.94863,-2.99822,-1.39063,1.18777,3.12188
-1.69044,0.942919,-2.5907,-1.54478,1.16816,3.25814
-1.68823,0.94409,-2.15677,-1.52677,1.16734,3.88667
-1.6873,0.946124,-1.75232,-1.54957,1.16978,4.28051
-1.68705,0.946652,-1.40222,-1.63858,1.17083,4.6927
-1.68716,0.948794,-1.08103,-1.59962,1.1714,5.02345
-1.68786,0.951105,-0.702238,-1.72268,1.10477,5.51421
-1.68898,0.95193,-0.459281,-1.73962,1.10447,5.79302
-1.68894,0.95193,-0.143346,-1.73991,1.105,5.96812
-1.56345,0.955601,0.12169,-1.66323,1.11155,0.147855
-1.43626,0.961628,0.000710942,-1.55654,1.11941,0.10424
-1.24339,0.946737,-0.106175,-1.3859,1.09561,6.18136
-1.00537,0.939361,-0.00780377,-1.1732,1.08522,6.21297
-0.889257,0.944416,0.070316,-0.979187,1.09334,0.0849202
-0.763858,0.947753,0.00217503,-0.84861,1.09339,0.112843
-0.639489,0.940061,-0.0960547,-0.777566,1.08245,6.19215
-0.511599,0.935416,-0.00178913,-0.650756,1.07647,6.22266
-0.398415,0.940342,0.0703806,-0.517875,1.06878,0.0634536
-0.20977,0.949296,0.0371737,-0.346056,1.06258,0.0926899
-0.0177118,0.948853,-0.0179318,-0.186289,1.04456,6.20194
0.133462,0.959762,0.120668,0.0140849,1.05878,0.0856935
0.245265,0.972333,0.105353,0.143607,1.07917,0.0934703
0.369671,0.981839,0.0596561,0.199173,1.07187,0.072955
0.561117,0.992318,0.0523439,0.438529,1.06779,0.0566391
0.615231,0.995868,-0.322861,0.545026,1.05054,6.09819
0.618856,0.994083,-0.743307,0.535451,1.03764,5.73159
0.621324,0.990355,-1.20803,0.536628,1.03525,5.27779
0.621838,0.985564,-1.708,0.457757,1.08063,4.72035
0.619924,0.980191,-2.29853,0.545824,1.00616,4.14784
0.617209,0.978091,-2.64988,0.543073,0.99348,3.73495
0.614596,0.977181,-2.93392,0.540646,0.983844,3.42941
0.606169,0.977382,3.08313,0.537203,0.982583,3.06028
0.466481,0.978604,-3.13161,0.426437,0.984466,3.17864
0.375827,0.979698,3.11512,0.296707,0.99055,3.1452
0.285122,0.982501,3.10893,0.222005,0.986474,3.1331
0.186355,0.985562,3.11232,0.124323,0.985536,3.13591
0.0825209,0.988621,3.11258,0.0435807,0.987346,3.14693
0.00282664,0.991303,3.1048,0.00314645,0.983809,3.13632
-0.0808395,0.994491,3.10328,-0.0948894,0.986909,3.15096
-0.210909,1.00057,3.09097,-0.228302,0.990748,3.12284
-0.416371,1.00852,3.10882,-0.450645,0.980788,3.15364
-0.634125,1.01983,3.08536,-0.687447,0.96771,3.14197
-0.914858,1.04247,3.05766,-0.889385,0.971457,3.10432
-1.06865,1.05505,3.06268,-1.01266,0.968432,3.10538
-1.2476,1.07039,3.05514,-1.21826,1.02725,3.09206
-1.46879,1.0671,-3.07686,-1.42419,1.00328,3.22112
-1.46435,1.06922,-2.19906,-1.49165,0.916562,3.94515
-1.46335,1.0734,-1.44521,-1.52127,0.915143,4.81537
-1.46555,1.07753,-0.617404,-1.40885,0.918386,5.76141
-1.38317,1.06115,-0.143206,-1.58396,0.895218,0.220168
-1.23745,1.02141,-0.329046,-1.27837,0.944414,6.11649
-1.00364,0.964411,-0.205525,-1.06774,0.901299,0.0210866
-0.81349,0.921455,-0.227061,-0.97947,0.797058,0.00526482
-0.610552,0.884605,-0.161158,-0.979904,0.805767,0.0777202
-0.477181,0.861697,-0.173614,-0.796233,0.810533,0.0499599
-0.306033,0.833943,-0.153711,-0.647192,0.811092,0.0491304
-0.0722168,0.803343,-0.119961,-0.444641,0.830426,0.0864816
0.0619529,0.785714,-0.134767,-0.200685,0.843496,0.0716894
0.207931,0.766427,-0.128143,0.00494995,0.856187,0.0722135
0.314991,0.753273,-0.117532,0.0672679,0.858134,0.0809012
0.459281,0.737191,-0.106274,0.221045,0.870252,0.0902566
0.515218,0.73105,-0.460226,0.38093,0.868004,6.22047
0.521042,0.724082,-1.31314,0.399888,0.85814,5.36351
0.520719,0.717151,-1.97305,0.411871,0.845854,4.58041
0.517212,0.712567,-2.50091,0.410606,0.837093,4.10212
0.510354,0.710329,3.11371,0.402685,0.835162,3.44861
0.505041,0.711505,2.82356,0.394486,0.833166,2.89501
0.363029,0.730747,3.06897,0.321964,0.843967,3.04489
0.286525,0.731657,-3.11257,0.21577,0.838996,3.15423
0.195331,0.728113,-3.09766,0.123518,0.832401,3.21215
0.0705667,0.725949,-3.13904,-0.0109858,0.806177,3.23777
-0.0120676,0.728082,3.08821,-0.0616239,0.795336,3.22232
-0.0945275,0.735423,3.02754,-0.164757,0.799198,3.14373
-0.183338,0.745552,3.03019,-0.245632,0.794606,3.13276
-0.312122,0.758834,3.04383,-0.36312,0.803225,3.13798
-0.454065,0.771349,3.05901,-0.506875,0.803674,3.14829
-0.598182,0.782608,3.06609,-0.651238,0.794313,3.16282
-0.766393,0.796962,3.05238,-0.844307,0.800494,3.1468
-0.957499,0.812536,3.06386,-0.794996,0.778712,3.23313
-1.21574,0.855493,2.95321,-1.13297,-1.17228,3.43027
-1.2732,0.997733,1.51121,-0.780569,0.744718,1.99293
-1.33098,1.11527,2.3515,-0.880808,0.824891,2.48158
-1.46187,1.15671,3.04263,-0.135896,0.903349,0.856663
-1.46286,1.08027,-1.23116,-0.201733,0.940271,2.65017
-1.36788,0.981814,-0.630884,-0.516863,0.573792,4.23613
-1.31605,0.838197,-1.5309,-0.431901,0.823138,2.97809
-1.29205,0.646153,-1.39921,-0.425024,0.828656,3.39559
-1.28623,0.534351,-1.59419,-0.677632,0.47948,3.46048
-1.37176,0.358894,-2.20111,-0.662104,0.848439,2.82915
-1.47091,0.133709,-1.90201,-0.820268,0.918225,2.90004
-1.48166,-0.0458753,-1.51622,-1.25459,0.710019,3.53065
-1.50777,-0.167948,-2.00189,-1.353,-0.748133,4.94776
-1.47717,-0.10584,-1.85847,-1.34268,-0.714028,4.74237
-1.43777,-0.0340776,3.04683,-1.07008,0.79281,2.65062
-1.56752,-0.0251908,-3.09017,-1.08985,0.890477,1.90688
-1.64151,-0.124209,-1.87268,-1.2805,0.852701,3.66147
-1.71228,-0.267771,-2.10702,-1.53151,0.744712,3.72111
-1.71142,-0.264973,-1.58126,-1.60243,0.680314,4.13963
-1.71149,-0.262056,-1.14057,-1.60745,0.667119,4.63223
-1.7118,-0.260053,-0.838607,-1.64142,0.655076,4.95696
-1.71404,-0.258185,-0.320635,-1.61941,0.665609,5.22134
-1.71759,-0.25786,0.26403,-1.64557,0.658075,5.95677
-1.54027,-0.138707,0.630493,-1.54427,0.678038,0.179658
-1.29069,-0.000761545,0.468755,-1.22585,0.694517,0.0891202
-0.96453,0.125626,0.349229,-0.905955,0.683466,6.22498
-0.701103,0.23628,0.410014,-0.70848,0.683024,0.0682236
-0.501144,0.31041,0.334025,-0.511113,0.659402,6.20664
-0.360513,0.374227,0.314927,-0.351182,0.675027,0.0829331
-0.354168,0.374341,-0.34249,-0.363646,0.678523,5.71505
-0.350548,0.372386,-0.77049,-0.182427,0.662481,5.1785
-0.34828,0.368867,-1.20512,-0.310667,0.657782,4.75674
-0.347729,0.364505,-1.66,-0.396134,0.637696,4.32966
-0.349175,0.359268,-2.22061,-0.399038,0.644603,3.95478
-0.352867,0.35634,-2.70492,-0.402422,0.643086,3.46158
-0.356524,0.35522,-2.94243,-0.409325,0.642681,3.0899
-0.575868,0.300923,-2.8794,-0.568559,0.625091,3.23562
-0.742324,0.26201,-2.92801,-0.757997,0.624795,3.15466
-0.900058,0.223422,-2.88896,-0.918706,0.625093,3.17184
-1.0419,0.183446,-2.85503,-1.09644,0.611191,3.21603
-1.18771,0.141791,-2.868,-1.07531,0.786593,2.90074
-1.27432,0.0841775,-2.35047,-1.16586,0.742959,3.30423
-1.33575,0.00379619,-2.16295,-1.28986,0.753488,3.66759
-1.42645,-0.126442,-2.19915,-1.41054,0.702019,3.69017
-1.46057,-0.172184,-2.03533,-1.51757,0.605721,3.81884
-1.46006,-0.170911,-1.78721,-1.49373,0.607417,4.12077
-1.4599,-0.169275,-1.512,-1.48458,0.61032,4.27682
-1.45993,-0.167479,-1.23975,-1.55944,0.590425,4.60638
-1.4601,-0.165721,-0.977472,-1.55961,0.591981,4.89608
-1.46083,-0.163994,-0.67541,-1.5361,0.592571,5.24165
-1.46302,-0.162794,-0.231727,-1.53829,0.434822,5.72621
-1.43617,-0.156903,0.22161,-1.54128,0.435048,6.14111
-1.28672,-0.102995,0.396868,-1.40572,0.461684,0.153177
-1.08719,-0.0421836,0.257354,-1.25357,0.451739,0.198842
-0.886764,-0.0173014,0.073005,-1.03087,0.412553,6.09015
-0.640117,0.0503675,0.326439,-0.835238,0.40567,6.10768
-0.432261,0.176904,0.611195,-0.613511,0.500966,0.35518
-0.272776,0.230735,0.172935,-0.440404,0.458081,6.13248
-0.188884,0.250589,-0.0363954,-0.411089,0.443348,6.15598
-0.181515,0.247435,-0.895009,-0.372531,0.434199,5.37393
-0.173846,0.229858,-1.28023,-0.338632,0.410476,4.82042
-0.17372,0.224235,-1.86229,-0.341083,0.406523,4.29179
-0.176583,0.219295,-2.45533,-0.340858,0.38471,3.99423
-0.179633,0.217647,-2.81205,-0.346281,0.383025,3.51815
-0.182231,0.217175,-3.0811,-0.349642,0.381944,3.20679
-0.185426,0.217257,3.11591,-0.353578,0.381118,3.07725
-0.366429,0.217815,-3.12648,-0.488388,0.383953,3.12445
-0.649114,0.205993,-3.09281,-0.719824,0.376593,3.18272
-0.942667,0.199169,-3.12405,-1.10231,0.363566,3.15784
-1.13644,0.198899,3.13545,-1.22138,0.364405,3.14344
-1.31097,0.201151,3.1261,-1.4819,0.361057,3.15424
-1.31893,0.202488,-2.45539,-1.54152,0.269571,3.5459
-1.317,0.205881,-1.71911,-0.32522,-0.928497,5.43312
-1.31827,0.215776,2.57068,-0.322473,-1.38751,5.64806
-1.26655,0.1056,-1.26514,-0.363375,-1.36052,5.66678
-1.28907,0.172745,1.1981,-0.376126,-1.32906,1.54602
-1.30631,0.321378,1.83791,-0.495706,-1.34581,3.38765
-1.19049,0.522336,0.798349,-0.588152,-1.28685,2.40416
-1.03908,0.619858,0.500268,-0.636676,-1.07754,1.86741
-0.893851,0.740142,0.778136,-0.734737,-0.945752,2.11511
-0.764287,0.88891,0.879381,-0.840422,-0.823322,2.22908
-0.611049,1.0675,0.855097,-0.941109,-0.675514,2.20773
-0.405078,1.3052,0.856516,-1.07984,-0.444757,2.20177
-0.308187,1.42289,0.894822,-1.23795,-0.236978,2.23362
-0.187194,1.57691,0.908987,-1.38217,-0.0847913,2.24794
-0.0782737,1.7089,0.866325,-1.38339,0.365179,2.10467
-0.0813024,1.7916,2.28303,1.92329,0.52349,0.678627
-0.0842143,1.79594,1.8769,1.92643,0.525611,0.583861
-0.0845475,1.74379,1.7072,1.93092,0.525462,0.181726
-0.018561,1.6244,-2.78261,1.82946,0.402126,0.934935
0.0530472,1.56477,-0.596883,1.85126,0.419851,4.09288
0.144909,1.42374,-1.17298,1.76656,0.338552,3.7479
0.15826,1.24764,-1.64006,1.58824,0.322235,3.30889
0.136934,1.11993,-1.78198,1.48739,0.349963,2.92904
0.126587,0.989329,-1.57112,1.365,0.358926,3.17125
0.127872,0.853909,-1.5567,1.0946,0.370293,3.36651
0.11447,0.695709,-1.70683,0.983072,0.382735,3.07133
0.107456,0.53188,-1.57182,0.822904,0.36486,3.17934
0.0985784,0.47145,-0.9138,0.762034,0.305022,3.86784
0.101402,0.473395,-0.959919,0.737339,0.316796,3.76505
0.103337,0.474927,-0.969904,0.718524,0.314684,3.51067
0.271955,0.610627,-0.942533,0.689304,0.302792,3.88617
0.300576,0.539479,-1.47779,0.121441,0.489475,4.94742
0.286715,0.700879,-1.73021,0.0967911,0.345935,4.69754
0.0510451,0.587261,-3.01726,-0.0171938,0.44467,3.44404
-0.0994902,0.575754,-3.09049,-0.185603,0.406787,3.37242
-0.250709,0.568025,-3.09083,-0.312497,0.375032,3.3616
-0.381653,0.560615,-3.08185,-0.450549,0.341835,3.3691
-0.542373,0.550709,-3.02322,-0.569779,0.29861,3.37941
-0.54046,0.550238,-2.39681,-0.403307,-0.363233,4.6019
-0.590155,0.58892,1.95746,-0.421414,-0.442675,3.62092
-0.514272,0.70135,0.512169,-0.507847,-0.394313,2.61207
-0.361241,0.725415,-0.0363712,-0.551069,-0.227296,1.5589
-0.231887,0.750602,0.358369,1.04574,1.60633,5.05165
-0.0470054,0.685205,-0.653496,0.955601,1.34573,4.37466
0.0621352,0.47166,-1.21728,0.573954,-0.998929,4.26774
0.0691205,0.476905,-1.31742,0.561543,-1.04491,4.20809
0.0751543,0.479528,-1.30572,0.565677,-1.04251,4.15949
0.0811658,0.489357,-1.39755,0.572809,-1.04223,4.12
0.0861463,0.493177,-1.41593,0.575321,-1.04103,4.11256
0.0921009,0.493677,-1.38405,0.574361,-1.04287,4.16569
0.086502,0.489591,-1.36473,0.579762,-1.0383,4.06264
0.0895771,0.492131,-1.3807,0.57575,-1.04561,4.20452
0.0858202,0.489697,-1.37312,0.578247,-1.04283,4.13631
0.0877938,0.490562,-1.36892,0.576367,-1.04637,4.22045
0.0830135,0.500463,-1.51792,0.573995,-1.05116,4.21172
-0.0511759,0.513902,-1.611,0.579972,-1.04285,4.02685
-0.125544,0.456,-2.92458,0.468172,-0.978348,3.08989
-0.255285,0.483487,2.70971,-0.455168,0.217167,3.61276
-0.369227,0.57721,2.17912,-0.639844,0.241578,3.0434
-0.472094,0.719109,2.23958,-0.764733,0.251101,3.00534
-0.676484,0.907024,2.45122,-1.03745,0.239961,3.17915
-0.858067,1.03914,2.54084,-1.27524,0.225517,3.25472
-1.00136,1.12585,2.64664,-1.45748,0.196838,3.33589
-0.997996,1.1251,-3.08122,-1.47539,0.152033,3.73468
-0.994881,1.12604,-2.53152,-1.40164,0.286,4.21966
-1.08045,1.06298,-2.67976,-1.42362,0.307308,4.25378
-1.21813,1.02252,-2.97522,-1.52905,0.198555,3.88643
-1.21625,1.02286,-2.38435,-1.454,0.221379,4.18643
-1.21525,1.02349,-1.77704,-1.57184,0.173301,4.93966
-1.21503,1.02314,-1.14277,-0.203136,-0.770635,5.8549
-1.21737,1.13745,1.55701,-0.167047,-0.786477,2.72793
-1.18456,1.40075,1.42592,-0.451551,-0.851225,3.37295
-0.98751,1.56649,0.494959,-0.722538,-0.798135,2.70717
-0.670215,1.59988,0.0198101,0.865595,-0.086713,4.80087
-0.603152,1.28685,-1.64823,1.17513,1.28465,3.4581
-0.631504,1.04638,-1.6981,0.790579,1.2051,3.38436
-0.634406,0.744795,-1.56942,0.527564,1.11012,3.51716
-0.619782,0.470584,-1.51988,-0.803433,0.368775,5.3948
-0.733206,0.394968,-3.0692,-0.927088,0.249015,3.91483
-0.890778,0.42646,2.81381,-1.09361,0.237542,3.26939
-1.07032,0.442163,-3.09676,-1.24361,0.199557,3.49451
-1.07807,0.44197,-2.75546,-1.29378,0.191849,3.70722
-1.07603,0.443301,-2.25301,-1.30201,0.233727,4.11924
-1.0858,0.408411,-1.88962,-1.29038,0.195923,4.64283
-1.13557,0.327884,-2.83584,-1.37445,0.136357,3.87114
-1.14345,0.328196,2.72007,-1.35708,0.131471,2.96449
-1.30461,0.326954,-2.96809,-1.44025,0.117007,3.35557
-1.44765,0.272503,-2.75026,-1.55953,0.0195244,3.74507
-1.45288,0.271622,3.06119,-1.58531,0.0245481,3.40433
-1.45805,0.273336,2.55659,-1.55759,0.034064,2.70319
-1.46063,0.275707,2.17158,-1.52694,0.0321608,2.35182
-1.46195,0.278503,1.77003,-1.57509,0.0781769,1.92485
-1.46537,0.398461,1.58569,-1.53959,0.11124,1.65403
-1.48164,0.639571,1.66852,-1.61871,0.364804,1.74219
-1.50347,0.955242,1.65697,-1.61324,0.686011,1.69279
-1.52678,1.17789,1.6935,-1.69518,0.91116,1.74408
-1.53687,1.32669,1.61649,-1.7702,1.1247,1.73906
-1.52369,1.49466,1.43823,-1.77568,1.2759,1.57533
-1.50444,1.60749,1.38042,-1.81693,1.41231,1.53405
-1.46468,1.73542,1.13886,-1.76887,1.53772,1.33881
-1.46339,1.73706,0.792595,-1.68518,1.55245,0.928954
-1.45966,1.73921,0.294256,-1.68443,1.55681,0.506176
-1.37439,1.7345,-0.0962388,-1.57654,1.61746,0.132417
-1.1102,1.68847,-0.194188,-1.31978,1.53169,6.15241
-0.910573,1.67743,-0.00264042,-1.06811,1.53135,0.0857598
-0.716644,1.67618,-0.0089032,-0.844529,1.67457,0.0847062
-0.535572,1.66695,-0.0670759,-0.678708,1.71657,6.21427
-0.379268,1.66508,0.0121725,-0.577771,1.7216,0.0637454
-0.128809,1.6572,-0.0440647,-0.399884,1.72478,6.22301
0.0535674,1.65728,0.0208968,-0.0830796,1.72396,0.0703216
0.265926,1.65206,-0.0409727,0.102459,1.74072,0.0631427
0.418626,1.63922,-0.104391,0.260285,1.73174,6.22031
0.585696,1.62907,-0.039854,0.417772,1.76488,0.064409
0.775234,1.60943,-0.129149,0.589242,1.72699,6.19504
0.958007,1.59823,-0.0303056,0.805248,1.73019,0.111025
1.13758,1.58048,-0.129188,0.930485,1.72762,6.17026
1.34626,1.57449,0.0107781,1.14806,1.75761,0.108014
1.52372,1.5561,-0.162349,1.3422,1.74529,6.18719
1.53328,1.55361,-0.665358,1.40028,1.6948,5.77096
1.53643,1.54877,-1.25555,1.40421,1.722,5.21793
1.53641,1.54295,-1.68293,1.46223,1.71824,4.81872
1.53457,1.5364,-2.17672,1.46133,1.72618,4.39588
1.53198,1.53354,-2.49424,1.45764,1.71622,3.99818
1.5289,1.53179,-2.81285,1.54567,1.72312,3.70803
1.52381,1.53121,3.00345,1.53889,1.72338,3.22322
1.52212,1.53105,2.88451,1.53674,1.72398,2.96935
1.38629,1.54434,3.09934,1.43766,1.72265,3.22343
1.16143,1.56211,3.05356,1.1426,1.73792,3.14431
0.998488,1.57241,3.09178,1.00004,1.73801,3.14614
0.795893,1.57671,3.13045,0.837462,1.73675,3.16782
0.558751,1.5768,-3.13825,0.654282,1.72184,3.19352
0.377899,1.57792,3.13065,0.432475,1.72253,3.17345
0.226512,1.57853,3.13881,0.308562,1.71785,3.17863
0.0690353,1.57859,-3.14133,0.12842,1.71219,3.18
-0.0904295,1.57809,-3.13579,-0.157981,1.70817,3.17519
-0.24069,1.57557,-3.11937,-0.328215,1.69978,3.19349
-0.371898,1.5727,-3.11988,-0.481832,1.69509,3.194
-0.495011,1.56991,-3.11829,-0.576754,1.68982,3.19369
-0.624174,1.56677,-3.11663,-0.705625,1.68453,3.19505
-0.799749,1.56214,-3.11469,-0.840568,1.67728,3.19684
-0.939003,1.55834,-3.11412,-0.974474,1.66903,3.19679
-1.10249,1.55389,-3.1146,-1.09358,1.66241,3.19642
-1.37193,1.54667,-3.11518,-1.30586,1.65171,3.1961
-1.50915,1.54287,-3.04431,-1.529,1.63953,3.19898
-1.5063,1.5438,-2.57154,-1.52465,1.63285,3.55193
-1.50454,1.54437,-1.75529,-1.52169,1.63566,4.3239
-1.50453,1.54378,-1.30869,-1.51853,1.64246,4.90117
-1.50435,1.54438,-0.964714,-1.59214,1.63259,5.24532
-1.50541,1.54569,-0.583816,-1.5935,1.63986,5.64288
-1.50716,1.54653,-0.221141,-1.64987,1.63266,5.97394
-1.43821,1.5479,0.0632638,-1.59681,1.64578,0.0458695
-1.26516,1.55051,-0.010195,-1.43745,1.64587,0.0478027
-1.08534,1.53594,-0.108658,-1.25429,1.62757,6.19567
-0.929354,1.52332,-0.0669138,-1.09911,1.61975,6.2186
-0.732808,1.5134,-0.0443243,-0.913194,1.61389,6.23263
-0.596309,1.50797,-0.0373111,-0.762762,1.60564,6.24272
-0.429613,1.50154,-0.0391661,-0.626193,1.6013,6.252
-0.231773,1.49208,-0.0510389,-0.394884,1.57731,6.24061
-0.0641915,1.48457,-0.042135,-0.233774,1.57408,6.24866
0.0864092,1.47813,-0.0430559,-0.146429,1.57632,6.24882
0.285206,1.46878,-0.0485677,0.118495,1.57092,6.24328
0.437791,1.46088,-0.0532994,0.275729,1.57432,6.23665
0.644525,1.44816,-0.0647227,0.452748,1.5673,6.22617
0.794976,1.43786,-0.0702516,0.746979,1.55442,6.21884
0.958796,1.4249,-0.156908,0.911035,1.53952,6.21313
0.962335,1.42382,-0.500534,0.939174,1.52668,5.9157
0.965519,1.42075,-0.95776,0.946134,1.52698,5.59316
0.966688,1.41393,-1.57447,0.947648,1.52468,4.9193
0.965242,1.40694,-2.08387,0.944748,1.51535,4.32231
0.961929,1.40299,-2.51733,0.930004,1.51386,3.94392
0.957608,1.40102,-2.92944,-0.171249,-1.42815,0.669148
0.959039,1.4011,-2.6306,-0.170624,-1.4275,0.693223
0.96008,1.40183,-2.35673,-0.171424,-1.42876,1.02271
0.960722,1.40255,-2.12586,-0.171816,-1.42998,1.26616
0.960981,1.40269,-1.8803,-0.171809,-1.43035,1.4865
0.96104,1.40202,-1.5619,0.872838,1.50609,4.56406
0.96028,1.39664,-1.90364,-0.172119,-1.42525,1.68684
0.96027,1.39564,-1.60629,0.874721,1.49797,4.68598
0.959857,1.39182,-1.83702,0.87461,1.64849,4.63735
0.958869,1.38907,-2.05889,0.873813,1.64569,4.33841
0.957726,1.3871,-2.24803,0.872954,1.64398,4.19275
0.956287,1.38553,-2.43096,0.871238,1.64243,4.00328
0.954805,1.38441,-2.59173,0.870044,1.64105,3.92149
0.95308,1.38352,-2.76052,0.868283,1.63988,3.69225
0.951085,1.3829,-2.94201,0.866406,1.63921,3.4992
0.948823,1.38265,-3.14054,0.865247,1.63861,3.36442
0.946377,1.38273,2.90196,0.862768,1.63923,3.15757
0.945316,1.38178,2.84512,0.862925,1.63977,3.10718
0.820373,1.40873,2.96984,0.778315,1.63382,3.21904
0.681886,1.43019,2.99776,0.65475,1.63995,3.12591
0.546551,1.44026,3.10732,0.508731,1.6287,3.21275
0.435817,1.44127,-3.13749,0.385173,1.61299,3.26295
0.336829,1.44123,3.13987,0.251329,1.59449,3.25484
0.190377,1.44192,3.13394,0.125012,1.5686,3.24742
0.0398825,1.44368,3.12856,-0.00134657,1.56288,3.23709
-0.141797,1.44473,3.13701,-0.234313,1.54277,3.23808
-0.326432,1.44389,-3.13213,-0.445339,1.51426,3.2511
-0.526331,1.44244,-3.13436,-0.637685,1.49139,3.24778
-0.733299,1.44141,-3.13644,-0.83611,1.4595,3.24687
-0.944544,1.44463,3.1189,-1.0817,1.42972,3.22995
-0.994924,1.44661,3.00381,-1.18851,1.44059,3.14743
-0.993482,1.4461,-3.12257,-1.1739,1.44159,3.19638
-0.992582,1.44623,-3.06045,-1.17232,1.44187,3.30339
-0.995361,1.44639,3.04351,-1.12152,1.45382,3.12524
-1.20555,1.45179,3.13653,-1.25549,1.4424,3.21831
-1.39255,1.45572,-3.14007,-1.45977,1.43104,3.19805
-1.38914,1.45664,-2.54165,-1.49577,1.42439,3.68856
-1.38758,1.45806,-2.01053,-1.41466,1.55683,4.03822
-1.38749,1.4573,-1.59868,-1.41473,1.62028,4.48749
-1.42142,1.29273,-1.92821,-1.4518,1.48238,4.39786
-1.42153,1.29147,-1.48782,-1.46974,1.44777,4.64362
-1.42118,1.2919,-1.03243,-1.47572,1.4259,5.26945
-1.42191,1.29236,-0.612646,-1.58837,1.25095,5.72092
-1.36797,1.28395,-0.083711,-1.69454,1.25078,5.95906
-1.08457,1.34372,0.280562,-1.41564,1.34081,0.26033
-0.783237,1.37258,0.0419672,-1.04197,1.35981,0.105339
-0.517238,1.35613,-0.0933652,-0.856423,1.32358,6.19359
-0.358918,1.34913,-0.0171389,-0.723581,1.30862,3.1472
-0.521973,1.37716,-0.115934,-0.765027,1.32729,6.17603
-0.402003,1.3844,0.0696682,-0.816388,1.35215,0.258267
-0.0262623,1.31841,-0.224412,-0.53195,1.32957,6.18137
0.179561,1.28156,-0.157599,-0.218705,1.33736,0.0760576
0.321473,1.25076,-0.249715,0.0910673,1.32677,6.21337
0.417406,1.2287,-0.204617,0.177161,1.3259,6.21863
0.50931,1.2122,-0.159665,0.275368,1.30764,0.0735931
0.591512,1.19637,-0.213674,0.376935,1.27766,6.22324
0.66211,1.18437,-0.124966,0.449818,1.27688,0.0610163
0.749862,1.17485,-0.0993372,0.514487,1.27864,0.0816617
0.909006,1.16089,-0.0818494,0.665752,1.28761,0.0898253
0.93982,1.15862,-0.370722,0.714379,1.28078,6.11635
0.943273,1.15654,-0.728222,0.721314,1.27353,5.77963
0.945669,1.14888,-1.50566,0.721908,1.27457,5.10375
0.944966,1.14341,-1.90891,0.697238,1.27455,4.72255
0.941546,1.13757,-2.46227,0.704998,1.26945,4.21149
0.935706,1.13504,-3.02402,0.684732,1.27834,3.61246
0.928242,1.13592,2.81335,0.676005,1.27834,2.97741
0.650895,1.16761,3.06399,0.538772,1.3042,3.31888
0.38188,1.21442,2.94538,0.261731,1.2692,3.18665
0.268036,1.23776,2.93716,0.0803341,1.2706,3.15596
0.0538735,1.27791,2.96619,-0.121088,1.27499,3.15642
-0.0895452,1.30031,2.99796,-0.229638,1.28332,3.15125
-0.280837,1.32171,3.04501,-0.451402,1.2698,3.21493
-0.464702,1.34179,3.0289,-0.662029,1.25849,3.19996
-0.624228,1.36047,3.02528,-0.786759,1.28837,3.18704
-0.780786,1.37376,3.07384,-0.902785,1.28954,3.21003
-0.966083,1.38075,3.11786,-1.04163,1.27265,3.25149
-1.1781,1.38638,3.11546,-1.25889,1.24887,3.25873
-1.29832,1.39064,3.1018,-1.38867,1.2472,3.23151
-1.35288,1.39186,-3.01592,-1.45959,1.23215,3.27469
-1.35034,1.39271,-2.55808,-1.46004,1.25068,3.71191
-1.34887,1.39401,-2.11161,-1.48335,1.21108,4.21284
-1.34864,1.39358,-1.73876,-1.4923,1.20899,4.6661
-1.34869,1.39307,-1.31256,-1.43552,1.15331,4.96014
-1.34852,1.39362,-0.975033,-1.49223,1.03245,5.36119
-1.34958,1.39478,-0.498897,-1.49278,1.03277,5.77914
-1.32601,1.39206,-0.0706355,-1.49472,1.03271,6.08621
-1.19454,1.40114,0.139335,-1.38572,1.0672,0.277073
-1.03945,1.39848,-0.0996258,-1.13831,1.24907,0.140206
-0.940058,1.37699,-0.295428,-0.920404,1.22412,6.10807
-0.7839,1.33608,-0.225529,-0.975697,1.25055,6.15385
-0.642002,1.3078,-0.18406,-0.810701,1.23144,6.18872
-0.500498,1.28226,-0.176296,-0.672961,1.21628,6.18811
-0.379597,1.2616,-0.165692,-0.521924,1.20101,6.18967
-0.242578,1.23989,-0.153547,-0.394239,1.18979,6.20233
-0.132269,1.22287,-0.153227,-0.27514,1.17227,6.19538
0.0239576,1.20061,-0.136638,-0.186308,1.16219,6.20125
0.133596,1.18646,-0.123185,-0.123057,1.15683,6.20712
0.269362,1.17059,-0.113045,0.0203339,1.14711,6.21895
0.428182,1.15247,-0.114468,0.147252,1.13836,6.21953
0.536046,1.14007,-0.114848,0.277455,1.13655,6.21847
0.641874,1.12694,-0.129643,0.389898,1.14076,6.21006
0.744586,1.11116,-0.312519,0.528178,1.11855,6.16813
0.748837,1.10871,-0.767141,0.557098,1.1026,5.77851
0.750867,1.10512,-1.21602,0.553542,1.0984,5.34791
0.750975,1.09976,-1.62059,0.55483,1.07665,4.99983
0.750116,1.09444,-2.00295,0.553512,1.05448,4.55663
0.747255,1.09019,-2.43116,0.549599,1.04791,4.20546
0.743165,1.08787,-2.84465,0.546485,1.04536,3.76756
0.736862,1.08769,2.86144,0.53958,1.04595,3.13695
0.623581,1.11801,2.89774,0.459163,1.06225,2.90926
0.461583,1.12971,-3.13686,0.353395,1.04013,3.27822
0.312013,1.13715,3.05896,0.213683,1.02158,3.22483
0.180266,1.15352,2.99688,0.0465941,1.01863,3.14599
-0.00370998,1.17894,3.00976,-0.15546,1.0394,3.13641
-0.185149,1.19831,3.04759,-0.347955,1.04033,3.1675
-0.39131,1.21617,3.0603,-0.502719,1.03088,3.17981
-0.520157,1.22724,3.05466,-0.701421,1.03291,3.17101
-0.788872,1.24808,3.07001,-0.843025,1.02182,3.19125
-1.06873,1.27216,3.05556,-1.05702,0.970099,3.18387
-1.35396,1.32046,2.95728,-1.33701,0.978491,3.08937
-1.4573,1.34029,3.04288,-1.5054,1.00007,3.04585
-1.45461,1.34053,-2.81908,-1.51245,1.01734,3.44625
-1.45243,1.34177,-2.34453,-1.51255,1.01864,3.90207
-1.45166,1.34255,-2.03674,-1.01446,0.902034,2.95882
-1.45156,1.342,-1.7231,-1.4639,1.26497,4.52126
-1.48297,1.20391,-1.87647,-1.482,1.16317,4.49634
-1.54253,1.09599,-2.22187,-1.48466,1.19544,4.38125
-1.54231,1.09599,-1.84921,-1.49143,1.16577,4.49047
-1.54225,1.09545,-1.63506,-1.49167,1.16545,4.755
-1.54233,1.09505,-1.35264,-1.4923,1.16289,4.90739
-1.54207,1.0956,-0.986798,-1.49228,1.16386,5.13559
-1.54289,1.09676,-0.655544,-1.49258,1.16456,5.48439
-1.5447,1.09777,-0.258402,-1.49117,1.18163,5.84308
-1.46181,1.10584,0.109973,-1.48969,1.18147,0.0890123
-1.34426,1.10326,-0.104319,-1.33942,1.16002,6.19288
-1.1908,1.08049,-0.16723,-1.21422,1.14776,6.14948
-1.05317,1.05552,-0.186062,-1.06483,1.12776,6.12939
-0.88612,1.02413,-0.186604,-0.980268,1.11831,6.13127
-0.748787,0.997896,-0.190701,-0.890442,1.10485,6.1255
-0.581861,0.965871,-0.190026,-0.788328,1.06152,6.11696
-0.451131,0.943467,-0.159013,-0.638261,1.04009,6.14309
-0.283216,0.917477,-0.15199,-0.504487,1.02512,6.15217
-0.11927,0.891839,-0.157438,-0.322345,0.997391,6.15063
0.0177961,0.87018,-0.156915,-0.145415,0.972476,6.14969
0.131062,0.852627,-0.152285,-0.0431831,0.956782,6.15291
0.307099,0.826584,-0.14534,0.130945,0.937414,6.16079
0.447227,0.805581,-0.161847,0.27126,0.920337,6.15387
0.45263,0.804633,-0.490214,0.308106,0.897196,5.83584
0.454666,0.803308,-0.706957,0.377677,0.894509,5.67961
0.456363,0.801322,-0.94684,0.379577,0.892879,5.49969
0.457388,0.798914,-1.23475,0.399666,0.894352,5.20515
0.457581,0.794813,-1.53248,0.396803,0.895228,4.94511
0.457158,0.788892,-1.85958,0.401757,0.888961,4.52046
0.456056,0.786139,-2.08365,0.401499,0.886236,4.40021
0.454819,0.784286,-2.2692,0.40034,0.883979,4.19818
0.453226,0.782667,-2.46073,0.437023,0.883554,3.95903
0.450961,0.781186,-2.69141,0.434197,0.882067,3.72605
0.448761,0.780362,-2.89376,0.413494,0.881137,3.61032
0.445966,0.77999,-3.13851,0.410615,0.880675,3.3712
0.44353,0.780252,2.91237,0.417335,0.882844,3.11163
0.372439,0.795524,2.95811,0.353198,0.883904,3.11116
0.290092,0.807495,3.02421,0.249258,0.883098,3.15994
0.214975,0.815142,3.05144,0.175383,0.881521,3.17227
0.135599,0.821472,3.06991,0.107466,0.88503,3.17482
0.0541138,0.826466,3.08922,0.0121537,0.873526,3.20237
-0.0235693,0.830692,3.08542,-0.0672127,0.87327,3.18532
-0.10115,0.834656,3.09514,-0.141048,0.888126,3.1757
-0.221003,0.837852,3.12723,-0.245091,0.882473,3.20725
-0.360326,0.839584,3.12983,-0.371973,0.872715,3.21347
-0.591584,0.84325,3.12549,-0.625941,0.854793,3.20904
-0.702656,0.845117,3.12474,-0.713802,0.848958,3.20873
-0.800599,0.846817,3.12435,-0.821205,0.841223,3.20977
-0.95711,0.849788,3.12264,-0.960894,0.834869,3.20862
-1.15296,0.853056,3.12641,-1.13267,0.820197,3.21298
-1.36504,0.857545,3.11961,-1.30201,0.813575,3.19887
-1.50754,0.859153,-2.80955,-1.51751,0.794849,3.23995
-1.50463,0.861133,-2.01354,-1.43332,0.786225,4.07303
-1.50911,0.838104,-1.81375,-1.50994,0.801395,4.37548
-1.50909,0.837351,-1.27582,-1.48233,0.933021,4.77899
-1.50937,0.838631,-0.764873,-1.54006,0.745441,5.20837
-1.51141,0.839979,-0.278728,-1.41117,0.770347,5.84351
-1.43769,0.846487,0.12116,-1.54052,0.933724,0.118828
-1.25761,0.834615,-0.154927,-1.36274,0.922141,0.0909082
-1.09639,0.775282,-0.446385,-1.20371,0.871483,5.9115
-0.958083,0.725556,-0.285641,-1.08322,0.831068,6.02355
-0.815263,0.693597,-0.186273,-0.881194,0.774628,6.06088
-0.682902,0.676921,-0.0910467,-0.776898,0.773605,6.1553
-0.525821,0.660633,-0.110837,-0.658575,0.764863,6.1545
-0.408059,0.644721,-0.148785,-0.597101,0.748232,6.1253
-0.301618,0.629187,-0.142309,-0.460358,0.723474,6.12273
-0.195216,0.61577,-0.292206,-0.303379,0.692921,6.08318
-0.189938,0.612062,-0.927612,-0.311901,0.689654,5.53038
-0.188762,0.602676,-1.73057,-0.315679,0.683328,4.75994
-0.190523,0.5974,-2.14155,-0.315963,0.676863,4.20065
-0.19745,0.592251,-2.89508,-0.324323,0.672815,3.67217
-0.202599,0.592087,2.9191,-0.33097,0.671953,3.09329
-0.410856,0.621676,3.03315,-0.467501,0.677055,3.09132
-0.623529,0.623026,-3.11293,-0.687814,0.654171,3.22362
-0.819319,0.617696,-3.1151,-0.891259,0.630717,3.25725
-0.993335,0.618505,3.12299,-1.02515,0.630641,3.1941
-1.32813,0.614164,-3.12129,-1.28669,0.617978,3.21448
-1.46489,0.607694,-3.07927,-1.40385,0.597578,3.27328
-1.50633,0.60568,-2.87335,-1.50541,0.576278,3.30853
-1.50496,0.606168,-2.5977,-1.48785,0.579799,3.56601
-1.50393,0.606922,-2.33039,-1.4737,0.622547,3.89132
-1.50354,0.605458,-1.748,-1.48545,0.581256,4.42489
-1.50446,0.598382,-1.18177,-1.49988,0.550693,4.86455
-1.50558,0.600065,-0.548075,-1.50086,0.550864,5.69962
-1.46998,0.597016,-0.05818,-1.53192,0.550737,6.18145
-1.17501,0.591942,-0.00829198,-1.21393,0.645484,0.159874
-0.960451,0.53819,-0.336122,-1.0002,0.829705,5.95965
-0.732079,0.440672,-0.427857,0.698795,-1.50927,0.310768
-0.524583,0.600208,0.949111,0.60917,-1.23933,1.91758
-0.394349,0.811181,1.04686,0.519164,-0.981757,2.01916
-0.306047,0.963182,1.04562,-0.885964,-0.0738081,5.15443
-0.403165,1.08708,2.61941,-0.738261,-0.0649108,5.62215
-0.579272,1.00584,-2.40376,-0.744034,0.128797,1.5966
-0.739674,0.964673,3.12161,-0.685329,0.384248,1.26579
-0.850382,1.04848,2.14502,-0.548511,0.404176,0.321166
-0.904032,1.15115,2.00073,-0.429779,0.413614,0.193228
-0.93593,1.22078,1.88732,-0.294495,0.414792,0.105791
-0.936085,1.22162,1.68114,-0.282074,0.426948,2.05654
-0.935561,1.21785,1.99191,-0.298505,1.08833,1.62042
-0.933564,1.21301,2.50856,-0.53953,1.08649,2.49713
-0.931088,1.21182,2.95184,-0.668978,1.08503,2.99043
-0.928509,1.21178,-2.93501,-0.667423,1.08515,3.33106
-0.926428,1.21258,-2.55101,-0.665695,1.08583,3.58428
-0.925128,1.21369,-2.17302,-0.664136,1.08676,3.90271
-0.924841,1.2136,-1.84185,-0.663573,1.08715,4.36893
-0.903403,1.13768,-1.09335,-0.650028,1.05382,5.14178
-0.82376,1.0224,-0.908788,-1.32655,-1.28545,1.35266
-0.756545,0.886328,-1.22999,-0.512481,0.828465,5.03038
-0.689874,0.763931,-0.968437,-0.479384,0.689689,5.1694
-0.572875,0.657457,-0.633092,-0.386649,0.607425,5.53002
-0.467222,0.57473,-0.889214,-0.277366,0.467922,5.4622
-0.465555,0.571328,-1.24873,-0.28475,0.494558,5.06304
-0.465554,0.56512,-1.70329,-0.329773,0.523729,4.78854
-0.467422,0.558786,-2.18787,-0.331464,0.517924,4.32156
-0.472358,0.554627,-2.73782,-0.337067,0.51376,3.67738
-0.477824,0.5537,3.05074,-0.341863,0.513609,3.06576
-0.68503,0.55309,-3.09818,-0.440701,0.513629,3.04811
-0.945845,0.497192,-2.88585,-0.688826,0.472709,3.26985
-1.206,0.433901,-2.91063,-0.934413,0.447509,3.24937
-1.38768,0.390724,-2.90869,-1.15622,0.447985,3.23109
-1.56979,0.335928,-2.82832,-1.36695,0.446127,3.28696
-1.64889,0.304158,-2.42185,-1.51472,0.315663,3.61676
-1.64781,0.305371,-2.00785,-1.51393,0.318841,4.13187
-1.6477,0.304559,-1.58362,-1.51063,0.336391,4.59675
-1.64756,0.304541,-1.13606,-1.53552,0.323257,5.0774
-1.64822,0.305842,-0.689911,-1.51787,0.336709,5.42534
-1.65019,0.306982,-0.250673,-1.55837,0.33716,5.82492
-1.59447,0.314341,0.152202,-1.54301,0.349753,0.215571
-1.43582,0.303264,-0.17918,-1.37703,0.337956,6.15208
-1.29735,0.277924,-0.183777,-1.21049,0.31699,6.14932
-1.13523,0.247484,-0.187408,-1.06815,0.297799,6.1446
-1.05275,0.231937,-0.481968,-0.934709,0.203878,5.89646
-1.05013,0.229757,-0.808134,-0.921967,0.191978,5.51724
-1.0484,0.226775,-1.18803,-0.936467,0.24367,5.1385
-1.04792,0.221237,-1.55046,-0.988694,0.238929,4.76081
-1.04883,0.215153,-1.96897,-0.991115,0.234177,4.34615
-1.05297,0.209623,-2.53453,-0.997325,0.229455,3.81453
-1.0572,0.207745,-2.93417,-1.00208,0.227343,3.4174
-1.0608,0.207606,3.06541,-1.00807,0.229321,2.97705
-1.24864,0.181505,-2.93925,-1.13157,0.209815,3.24884
-1.44162,0.142336,-2.94413,-1.3133,0.196077,3.22541
-1.56843,0.113788,-2.69132,-1.48956,0.104987,3.34815
-1.56688,0.11489,-2.22415,-1.48823,0.101426,3.92652
-1.56637,0.114995,-1.76274,-1.49219,0.106432,4.31581
-1.56637,0.114458,-1.31193,-1.48941,0.104386,4.7818
-1.56634,0.11533,-0.876693,-1.48997,0.106655,5.27043
-1.56845,0.116992,-0.319135,-1.49921,0.10846,5.87575
-1.56469,0.115518,-0.607898,-1.52903,0.109813,5.90197
-1.5612,0.108607,-1.40014,-1.52711,0.10277,5.07779
-1.56233,0.0995535,-2.02205,-1.53106,0.0925669,4.34272
-1.56725,0.0939981,-2.65992,-1.53792,0.088759,3.73095
-1.57438,0.0927669,2.99933,-1.54711,0.0881548,3.17573
-1.57631,0.0918537,2.84978,-1.55016,0.0863041,2.89989
-1.6136,0.0905022,2.9267,-1.58394,0.0853808,3.15416
-1.61921,0.0934644,2.33704,-1.58919,0.0920075,2.45777
-1.62181,0.0985545,1.68057,-1.59062,0.0958969,1.67174
-1.66926,0.389782,1.74425,-1.62631,0.289224,1.80037
-1.69199,0.602103,1.6622,-1.67037,0.555835,1.73797
-1.70215,0.841079,1.61407,-1.68831,0.758078,1.67641
-1.7195,1.23669,1.64852,-1.72227,1.08479,1.69295
-1.73825,1.70686,1.41338,-1.7389,1.50543,1.67541
-1.73648,1.70979,0.771463,-1.70885,1.56559,0.969798
-1.73333,1.71168,0.345217,-1.70918,1.56683,0.655496
-1.72076,1.71074,-0.136174,-1.72026,1.56761,6.15128
-1.52488,1.7082,0.0372899,-1.58217,1.58501,0.0659183
-1.38926,1.71188,0.0221326,-1.41936,1.59744,0.0618971
-1.23954,1.71384,0.00939035,-1.30072,1.6051,0.0481163
-1.08491,1.71529,0.0100251,-1.13931,1.61444,0.0472618
-0.919229,1.71699,0.0109356,-0.968078,1.62507,0.0483333
-0.771609,1.71843,0.00968224,-0.837927,1.62957,0.0478612
-0.639053,1.71963,0.00921766,-0.690491,1.64109,0.0559724
-0.514435,1.71984,-0.00118254,-0.583201,1.64613,0.0462677
-0.372776,1.71948,-0.00440178,-0.423997,1.65224,0.0436873
-0.265267,1.71893,-0.00577854,-0.350534,1.65721,0.0432285
-0.178856,1.71837,-0.00704596,-0.285466,1.66315,0.0423708
-0.0884227,1.71764,-0.00891707,-0.202149,1.66662,0.044544
-0.00802434,1.71677,-0.0123102,-0.165418,1.66928,0.0422086
0.0663313,1.71578,-0.0140217,-0.0781102,1.67316,0.0402189
0.145697,1.71465,-0.014327,-0.00154474,1.6768,0.0403247
0.229084,1.71343,-0.0149762,0.0990319,1.6797,0.0398259
0.326527,1.712,-0.0145325,0.198019,1.68276,0.040643
0.409906,1.7108,-0.0142025,0.282677,1.68634,0.0406065
0.526437,1.70917,-0.0138996,0.403098,1.69088,0.0409064
0.682148,1.70705,-0.0136212,0.516322,1.69636,0.0415529
0.808736,1.70525,-0.0146348,0.655355,1.70205,0.040195
0.927277,1.70354,-0.0143009,0.783819,1.70722,0.0402851
1.05184,1.70179,-0.0139726,0.878886,1.71061,0.0406681
1.17239,1.70016,-0.013325,1.01674,1.71628,0.0414125
1.3492,1.69782,-0.0133219,1.17209,1.723,0.0415006
1.5009,1.69574,-0.0139992,1.32252,1.72916,0.040806
1.51447,1.69497,-0.384906,1.40004,1.71524,6.0578
1.51796,1.6925,-0.778741,1.38737,1.71512,5.58238
1.51993,1.68916,-1.19623,1.42319,1.71148,5.25126
1.5201,1.68334,-1.64565,1.42375,1.70535,4.79881
1.51889,1.6773,-2.06737,1.42653,1.70066,4.37191
1.5158,1.67337,-2.49293,1.42249,1.69831,3.88726
1.51236,1.67154,-2.83503,1.42078,1.6959,3.56605
1.50807,1.67099,3.05913,1.481,1.69577,3.22059
1.50687,1.67093,3.03532,1.47748,1.69636,2.98025
1.35231,1.65857,-3.02132,1.34339,1.68606,3.23961
1.12836,1.64335,-3.09482,1.1502,1.67196,3.20802
0.873514,1.64227,3.133,0.858051,1.66714,3.15585
0.576631,1.64528,3.13072,0.709984,1.63415,3.19752
0.308014,1.65972,3.08017,0.45742,1.63894,3.14145
0.148771,1.66885,3.08774,0.211251,1.6521,3.14656
-0.0347362,1.67758,3.09823,-0.100689,1.692,3.1341
-0.259495,1.67951,-3.13995,-0.305405,1.7338,3.15564
-0.455608,1.67053,-3.08036,-0.498143,1.72236,3.20804
-0.667031,1.6559,-3.07092,-0.6815,1.71967,3.20748
-0.854921,1.63957,-3.04953,-0.87141,1.71393,3.22081
-1.06843,1.61579,-3.02592,-1.08541,1.70052,3.23385
-1.23525,1.59311,-2.99846,-1.29118,1.67713,3.26488
-1.38437,1.5714,-3.00147,-1.42899,1.65363,3.27304
-1.38755,1.57161,-2.56582,-1.48567,1.63838,3.64375
-1.386,1.573,-2.08755,-1.49297,1.63227,4.05778
-1.3858,1.57244,-1.64357,-1.53487,1.63202,4.52902
-1.38571,1.57224,-1.18495,-1.54848,1.6312,5.07226
-1.38578,1.57283,-0.785052,-1.54463,1.6318,5.45738
-1.3872,1.57397,-0.386443,-1.54134,1.63362,5.85605
-1.3105,1.57073,0.00448161,-1.50477,1.64688,0.163863
-1.09136,1.53885,-0.198098,-1.30871,1.61874,6.1387
-0.860433,1.50724,-0.111163,-1.0953,1.59588,6.20928
-0.591192,1.48633,-0.0688095,-0.830685,1.6113,6.24604
-0.425744,1.47421,-0.0751813,-0.628315,1.58357,6.23893
-0.23731,1.46148,-0.0643296,-0.44061,1.6128,6.25101
-0.00470529,1.44241,-0.0878933,-0.207582,1.59664,6.22616
0.200577,1.42485,-0.0845794,0.11526,1.56748,6.21667
0.441073,1.40909,-0.0590948,0.31151,1.55847,6.23865
0.6658,1.39656,-0.0545406,0.569496,1.53795,6.23536
0.917655,1.38821,-0.025851,0.839624,1.54449,6.21743
0.997431,1.38373,-0.708337,0.949242,1.4888,5.88127
1.00007,1.37671,-1.46088,0.961416,1.48804,4.93685
0.998347,1.36598,-2.12819,0.948754,1.47512,4.32442
0.991398,1.36065,-2.88354,0.921715,1.48008,3.60943
0.987124,1.35998,3.05341,0.852821,1.47873,3.1242
0.704639,1.37284,3.1078,0.660977,1.44462,3.2718
0.43098,1.40763,2.99477,0.414583,1.46403,3.12941
0.13836,1.44076,3.04149,0.163992,1.47208,3.15074
-0.0395655,1.45496,3.07228,-0.149554,1.48925,3.1435
-0.167254,1.45901,3.12906,-0.298017,1.4839,3.19465
-0.340879,1.46019,3.13555,-0.444138,1.47767,3.20841
-0.533778,1.46204,3.1307,-0.638853,1.47403,3.20089
-0.723432,1.46171,-3.13424,-0.823533,1.47015,3.2117
-0.911878,1.45633,-3.10482,-1.01969,1.45441,3.23652
-1.01677,1.45198,-3.1081,-1.16322,1.45287,3.13834
-1.2493,1.43589,-3.05949,-1.32552,1.43131,3.27288
-1.37102,1.43398,-2.81321,-1.48709,1.38175,3.32191
-1.36827,1.43584,-2.12328,-1.47959,1.38056,4.10551
-1.36804,1.43524,-1.57525,-1.51596,1.37821,4.6525
-1.36783,1.43538,-0.950545,-1.51574,1.375,5.20447
-1.36942,1.43688,-0.377657,-1.43314,1.42064,5.7469
-1.37096,1.43728,-0.0819136,-1.43574,1.39771,6.20194
-1.21522,1.4412,0.0385169,-1.37483,1.4184,0.14326
-1.04239,1.42483,-0.148422,-1.20888,1.3868,6.17703
-0.861393,1.4041,-0.0937292,-1.00545,1.36824,6.21112
-0.722304,1.3949,-0.0515642,-0.883025,1.36724,6.22009
-0.564859,1.3905,-0.0176096,-0.751108,1.3696,0.0505912
-0.355893,1.37546,-0.0943274,-0.522699,1.36701,6.21271
-0.133563,1.36004,-0.0602648,-0.256157,1.38457,0.040836
0.123881,1.32371,-0.164234,-0.0596863,1.36517,6.18577
0.388815,1.28989,-0.116908,0.216245,1.35057,6.22296
0.664539,1.25938,-0.108759,0.498227,1.33887,6.21889
0.876843,1.23683,-0.462804,0.684992,1.30139,6.11622
0.88174,1.22708,-1.53583,0.665286,1.28878,5.11509
0.88651,1.17831,-1.8401,0.676516,1.25199,4.86083
0.881162,1.17035,-2.61951,0.671937,1.21471,4.09958
0.872825,1.1691,2.87584,0.660288,1.23477,3.24164
0.872561,1.16792,2.83636,0.65713,1.23538,2.94501
0.61757,1.1863,3.11242,0.479508,1.28176,3.30577
0.271603,1.23002,3.00012,0.162429,1.26426,3.1976
-0.14741,1.29654,2.98906,-0.291517,1.24083,3.17721
-0.361881,1.33067,2.98503,-0.506375,1.24288,3.1646
-0.551536,1.3591,2.99838,-0.721373,1.24508,3.17622
-0.729521,1.38373,3.00875,-0.918163,1.2404,3.17868
-0.92279,1.40821,3.02093,-1.0807,1.23372,3.18828
-1.13031,1.43331,3.02397,-1.30823,1.22486,3.18751
-1.2632,1.4488,-3.03642,-1.47365,1.21032,3.25614
-1.26067,1.44958,-2.59067,-1.46359,1.21116,3.78
-1.25921,1.45077,-2.18305,-1.46866,1.21468,4.16308
-1.25881,1.45052,-1.71653,-1.46878,1.21608,4.64279
-1.25888,1.45005,-1.34368,-1.49513,1.21534,5.01367
-1.25887,1.45094,-0.760668,-1.49571,1.11966,5.66807
-1.10855,1.42172,-0.144737,-1.4877,1.12553,6.15552
-0.768584,1.40189,-0.0392714,-1.1005,1.24948,0.144423
-0.485043,1.33968,-0.26558,-0.840565,1.21586,6.20413
-0.258676,1.27866,-0.264219,-0.545424,1.18058,6.20972
-0.0212924,1.21621,-0.256798,-0.340116,1.15416,6.21618
0.193333,1.16249,-0.242342,-0.205136,1.25844,0.0153354
0.544046,1.0041,-0.466936,0.188986,1.14095,6.09527
0.830378,0.887583,-0.671054,0.538119,1.12499,6.17714
0.832686,0.87269,-1.98397,0.571311,1.08203,5.20566
0.828574,0.867329,-2.54429,0.565853,1.13873,4.29345
0.822197,0.865186,3.13028,0.570803,1.14155,3.69443
0.816197,0.866567,2.60921,0.523094,1.14039,2.9033
0.707296,0.901277,2.90452,0.428226,1.07112,3.14294
0.505064,0.943781,2.94697,0.253349,1.07208,3.18079
0.27409,0.988405,2.95526,0.122368,1.08568,3.18199
0.0485022,1.02844,2.97255,-0.0515015,1.06224,3.15598
-0.216038,1.06695,3.00763,-0.351917,1.07553,3.19455
-0.426346,1.09347,3.02172,-0.666733,1.054,3.21664
