0.858867,-0.415346,-1.3287,0.537029,-0.386518,4.40172
1.03478,-1.10192,-1.31634,1.0877,-1.11191,4.74544
1.17311,-1.62403,-1.30888,1.1089,-1.63248,4.75305
1.23712,-1.85011,-0.528483,1.19833,-1.94036,4.96576
1.33891,-1.84119,-0.0453236,1.19272,-1.94054,6.09697
1.82612,-1.8,0.204036,1.51414,-1.89206,0.206938
1.85133,-1.79733,0.985213,1.77823,-1.73415,0.568133
1.84659,-1.80962,1.64358,1.7752,-1.74578,1.33511
1.84773,-1.61193,1.49347,1.78338,-1.66629,1.60923
1.82863,-1.36793,1.64399,1.76809,-1.44772,1.6069
1.8131,-1.10362,1.6125,1.77452,-1.12525,1.60626
1.80653,-0.86883,1.58296,1.77549,-0.948444,1.574
1.80762,-0.599685,1.54606,1.81627,-0.895764,1.50486
1.82667,-0.292003,1.46374,1.82058,-0.465129,1.46677
1.83724,-0.0483049,1.61964,1.82765,-0.199251,1.54923
1.79829,0.322945,1.66229,1.80176,0.1319,1.66143
1.77479,0.648434,1.62231,1.7768,0.479148,1.63517
1.76482,0.930057,1.58712,1.78189,0.777976,1.59588
1.76604,1.25317,1.53853,1.79468,1.06645,1.54858
1.7927,1.60403,1.44166,1.79919,1.43467,1.45849
1.83535,1.88259,1.62018,1.8192,1.73938,1.38908
1.83661,1.88524,0.734266,1.81621,1.79812,1.18568
1.84056,1.88715,0.203175,1.82299,1.78919,0.45697
1.84482,1.88686,-0.277473,1.82637,1.78876,6.05322
1.85765,1.87492,-1.00259,1.84013,1.77303,5.59286
1.85982,1.86275,-1.71501,1.84181,1.7588,4.7302
1.6164,1.63033,-2.47751,1.67686,1.67038,3.60747
1.25613,1.34337,-2.46062,1.15631,1.30531,3.82078
0.842822,1.00165,-2.44051,0.892228,1.08473,3.83663
0.38555,0.603094,-2.16866,0.482543,0.736931,3.85077
0.362267,0.587087,-2.74213,0.275042,0.616707,3.65571
0.219401,0.619417,2.58172,0.219533,0.645993,2.98311
-0.092352,0.94625,2.29948,-0.0296001,0.888166,2.30488
-0.330041,1.21363,2.29489,-0.253085,1.13986,2.30106
-0.59943,1.51984,2.28945,-0.507708,1.41154,2.30043
-0.918883,1.87813,3.04606,-1.56602,1.02441,2.99579
-1.31147,1.73109,-2.68928,-1.69024,0.880741,4.01859
-1.8642,1.45589,-2.05548,-1.96508,0.370424,4.19906
-1.84008,1.29406,-1.30461,-1.93532,0.278174,5.0791
-1.57279,0.702244,-1.13108,-1.76867,0.0724117,5.46532
-1.3249,0.17538,-1.13002,-1.35485,-0.356268,5.42867
-1.23715,-0.0107758,-1.12964,-1.2013,-0.479116,5.46667
-1.15361,-0.187819,-1.12928,-1.14323,-0.515666,5.46733
-1.05286,-0.40114,-1.12884,-1.00118,-0.698179,5.46756
-0.947713,-0.62349,-1.12838,-0.834418,-0.876293,5.46795
-0.765084,-1.00909,-1.12758,-0.596719,-1.16973,5.43145
-0.659303,-1.21944,-0.326484,-0.243277,-1.22782,5.87326
-0.663018,-1.21873,0.203133,-0.528309,-1.22875,0.263025
-0.674317,-1.22556,0.861726,-0.568733,-1.23536,0.850606
-0.674281,-1.21764,1.20136,-0.663597,-1.25237,1.59421
-0.493878,-0.952491,0.852643,-0.541581,-1.0718,1.05961
-0.398528,-0.7696,1.11548,-0.450993,-0.802553,1.28183
-0.299138,-0.481974,1.14922,-0.314761,-0.694371,1.34464
-0.216224,-0.148583,1.23252,-0.247343,-0.349722,1.40878
-0.209841,0.0827563,1.61367,-0.273921,-0.108958,1.65945
-0.281264,0.284529,2.02336,-0.338138,0.0539678,1.96628
-0.284853,0.291628,1.6395,-0.36042,0.15089,1.81076
-0.285034,0.291257,1.28823,-0.392679,0.182411,1.50873
-0.285193,0.290788,0.958798,-0.362709,0.234013,1.09346
-0.283945,0.292228,0.66355,-0.345269,0.248747,0.78464
-0.282609,0.293019,0.455304,-0.370209,0.250053,0.603442
-0.281005,0.293559,0.242038,-0.354405,0.236567,0.356606
-0.278877,0.293789,0.0366052,-0.352583,0.250719,0.16008
-0.276535,0.293367,-0.230753,-0.361367,0.237055,6.07728
-0.275168,0.292797,-0.395486,-0.364313,0.264443,6.03089
-0.273594,0.292023,-0.559703,-0.363025,0.263526,5.86001
-0.271624,0.29048,-0.775383,-0.361243,0.263071,5.61738
-0.269879,0.288224,-0.997454,-0.359587,0.260866,5.35926
-0.268708,0.28592,-1.14893,-0.359265,0.389116,5.2344
-0.267147,0.281012,-1.32181,-0.358655,0.384055,4.93629
-0.260592,0.216159,-1.52767,-0.354908,0.355814,4.82212
-0.261113,0.101011,-1.59503,-0.353685,0.242744,4.71517
-0.263128,0.0205346,-1.59694,-0.354407,0.111124,4.7015
-0.264683,-0.0663448,-1.58035,-0.318962,-0.0136741,4.73019
-0.266246,-0.147791,-1.59922,-0.355168,-0.076221,4.7072
-0.268356,-0.227387,-1.59362,-0.300817,-0.176265,4.72255
-0.2712,-0.310041,-1.61621,-0.29454,-0.267685,4.72279
-0.27662,-0.392203,-1.65121,-0.365576,-0.330142,4.65179
-0.280982,-0.47758,-1.59456,-0.367944,-0.397263,4.67738
-0.280814,-0.586344,-1.55489,-0.362243,-0.519249,4.71693
-0.277398,-0.706096,-1.52355,-0.366617,-0.637637,4.74325
-0.271482,-0.825917,-1.51171,-0.362588,-0.729413,4.75739
-0.265792,-0.94177,-1.51929,-0.358541,-0.83947,4.75626
-0.262585,-1.02263,-1.53771,-0.356578,-0.932418,4.74007
-0.259716,-1.12843,-1.53933,-0.353183,-1.02028,4.73404
-0.257345,-1.23112,-1.54595,-0.34577,-1.13162,4.75569
-0.25755,-1.3368,-1.58705,-0.274481,-1.22327,4.7561
-0.26235,-1.42501,-1.64956,-0.228034,-1.33163,4.68469
-0.286486,-1.51855,-1.96307,-0.252281,-1.40056,4.44437
-0.320709,-1.58554,-1.92711,-0.30316,-1.48966,4.19087
-0.320956,-1.58732,-1.62309,-0.291251,-1.49524,4.63855
-0.320675,-1.58709,-1.42265,-0.278565,-1.49441,4.82183
-0.320582,-1.58645,-1.26444,-0.27824,-1.49344,5.00189
-0.320815,-1.58542,-1.06162,-0.269721,-1.49309,5.17601
-0.321591,-1.58453,-0.817036,-0.280093,-1.49036,5.41166
-0.323071,-1.58376,-0.499703,-0.28172,-1.48645,5.61446
-0.324916,-1.58308,-0.171532,-0.282105,-1.49103,5.95304
-0.326605,-1.58272,0.066017,-0.269415,-1.50532,2.69763
-0.324369,-1.58283,-0.155609,-0.258831,-1.5434,2.69942
-0.322922,-1.58336,-0.330498,-0.251362,-1.54379,6.06995
-0.323226,-1.58329,-0.174547,-0.249913,-1.54403,6.03774
-0.324807,-1.58299,0.0507398,-0.252328,-1.54407,0.169955
-0.328159,-1.58347,0.425409,-0.256114,-1.54484,0.364926
-0.335543,-1.58783,0.764152,-0.260407,-1.52322,0.803646
-0.341517,-1.59536,1.07665,-1.61007,-0.0473123,5.95745
-0.3458,-1.60554,1.37678,-1.62279,-0.0474517,0.103346
-0.347186,-1.61434,1.71365,-1.63462,-0.0524427,0.453198
-0.346581,-1.62214,2.05458,-0.268466,-1.59136,1.9433
-0.358916,-1.52421,1.61186,-0.272618,-1.56527,1.74113
-0.341295,-1.36747,1.3475,-0.26023,-1.34104,1.48958
-0.300097,-1.20952,1.25779,-0.22415,-1.20896,1.37903
-0.260207,-1.04167,1.3152,-0.195419,-0.974517,1.38801
-0.234457,-0.887977,1.40533,-0.203799,-0.810896,1.48145
-0.212784,-0.703433,1.42327,-0.167438,-0.635482,1.55057
-0.1964,-0.560914,1.44137,-0.176303,-0.507033,1.55515
-0.18327,-0.412228,1.46771,-0.199298,-0.40122,1.58697
-0.170988,-0.278267,1.46092,-0.201678,-0.289597,1.58418
-0.156623,-0.10893,1.45607,-0.209997,-0.201444,1.60038
-0.142622,0.0359489,1.45401,-0.214901,-0.0540032,1.59294
-0.133732,0.15404,1.27384,-0.217504,0.0388533,1.60498
-0.133116,0.154668,0.726473,-0.262814,0.0354808,0.889606
-0.130528,0.156089,0.332527,-0.21198,0.0549845,0.500303
-0.128137,0.156479,0.044072,-0.210046,0.0560362,0.268574
-0.126012,0.156139,-0.181599,-0.207289,0.0563157,0.133491
-0.122781,0.154855,-0.525667,-0.203206,0.0370296,5.93732
-0.119901,0.152482,-0.845342,-0.199668,0.0356033,5.54704
-0.117239,0.147706,-1.18053,-0.194908,0.0183163,5.23358
-0.115486,0.141301,-1.39609,-0.191087,0.014355,5.23478
-0.115148,0.135472,-1.59835,-0.190167,0.00989256,5.13967
-0.115837,0.129789,-1.769,-0.188264,0.00418943,4.95408
-0.142143,0.0603603,-1.98481,-0.189453,-0.0386429,4.69468
-0.217481,-0.149557,-1.86531,-0.197721,-0.178784,4.67563
-0.254619,-0.308013,-1.762,-0.184305,-0.389953,4.78241
-0.287911,-0.470578,-1.76723,-0.175522,-0.563198,4.80526
-0.31624,-0.598392,-1.79743,-0.172337,-0.702385,4.76656
-0.371197,-0.835668,-1.77993,-0.167214,-0.844502,4.73939
-0.406557,-1.01323,-1.75041,-0.176718,-1.05018,4.76533
-0.449838,-1.27391,-1.70808,-0.160777,-1.22679,4.79602
-0.487944,-1.49358,-1.6039,-0.113199,-1.45053,4.80305
-0.488229,-1.49102,-0.946335,-0.020341,-1.50607,5.44182
-0.49193,-1.48886,-0.206278,-0.0880774,-1.51313,6.06522
-0.496257,-1.48868,0.333415,-0.111199,-1.52719,0.446691
-0.506403,-1.49526,0.857625,-0.118499,-1.53561,0.882611
-0.501134,-1.47673,1.16531,-0.151116,-1.56347,1.34882
-0.424732,-1.28621,1.13684,-0.107782,-1.39806,1.28523
-0.349756,-1.08396,1.16754,-0.0497188,-1.16846,1.28676
-0.306991,-0.933506,1.2976,-0.0326204,-1.00138,1.4076
-0.278884,-0.796309,1.36935,-0.0566973,-0.890304,1.57909
-0.244998,-0.666963,1.24762,-0.0512498,-0.733595,1.49014
-0.20437,-0.544841,1.21613,-0.0475161,-0.620898,1.45088
-0.188809,-0.499125,1.12739,-0.0255372,-0.551343,1.4034
-0.18863,-0.49871,0.862436,-0.0156294,-0.551407,1.12413
-0.186719,-0.497165,0.515706,-0.0495517,-0.657602,0.882887
-0.184422,-0.496368,0.207127,-0.0125156,-0.589127,0.530669
-0.183892,-0.496047,-0.0658253,-0.0103408,-0.566833,0.239926
-0.175807,-0.496908,-0.392389,-0.0421729,-0.698354,6.17141
-0.170912,-0.50084,-0.946231,0.0140346,-0.521717,5.65084
-0.168612,-0.505529,-1.21018,0.0159487,-0.526229,5.28778
-0.166946,-0.512489,-1.44066,0.0176448,-0.49949,5.00036
-0.172834,-0.594117,-1.69378,0.0163508,-0.543458,4.69967
-0.184808,-0.736999,-1.62299,0.0191349,-0.685377,4.73708
-0.188858,-0.847254,-1.59288,0.0233999,-0.794901,4.75826
-0.193233,-1.03483,-1.58437,0.0343954,-0.977441,4.7635
-0.197278,-1.24017,-1.58525,0.0434862,-1.16656,4.76369
-0.200519,-1.37748,-1.59785,0.0337368,-1.31972,4.75374
-0.2021,-1.47529,-1.57648,0.0375652,-1.44181,4.76405
-0.203065,-1.48671,-1.15109,0.0410403,-1.45726,5.08134
-0.20474,-1.485,-0.654542,0.016104,-1.45544,5.53132
-0.207831,-1.48382,-0.094788,0.000201049,-1.41744,6.02473
-0.142012,-1.51039,-0.4282,-0.00303711,-0.709542,5.12885
-0.145263,-1.50956,0.0777089,-1.72655,-0.0212598,5.05349
-0.15089,-1.51123,0.561498,0.0457137,-1.60543,0.699588
-0.159739,-1.51918,0.97808,0.0378491,-1.61368,1.22092
-0.140119,-1.48722,1.00086,-1.72849,-0.0178605,5.95369
-0.061433,-1.38189,0.869452,-1.63822,-0.0682677,5.87377
0.0293938,-1.27819,0.823005,-1.46845,-0.140314,5.86643
0.128452,-1.1736,0.788777,0.230113,-1.38131,5.07105
0.114165,-1.21823,1.66528,1.40748,0.506141,2.95295
0.0938602,-1.18899,2.22322,1.4319,0.525391,3.80713
0.0266048,-1.1216,2.38387,1.37098,0.438445,4.07262
-0.0391469,-1.0527,2.27084,1.16722,-0.708815,2.93703
-0.093122,-1.00255,2.47386,1.10835,-0.693318,3.06299
-0.179436,-0.948577,2.63515,1.2413,0.199911,4.38253
-0.298351,-0.8333,2.21612,1.18642,0.135082,4.11506
-0.38608,-0.652115,1.93631,1.01214,0.00756638,3.71696
-0.501203,-0.421401,2.05162,0.910484,-0.149217,3.97548
-0.566249,-0.260967,1.89633,0.671619,-0.357715,3.84487
-0.613969,-0.11379,1.86985,0.600192,-0.444815,3.83359
-0.66514,0.0764207,1.80204,0.485734,-0.518479,3.79553
-0.720096,0.302218,1.96501,0.448076,-0.546577,3.80254
-0.716447,0.294882,2.71305,0.441123,-0.595412,4.46107
-0.712058,0.293009,-2.75564,0.413854,-0.573355,5.11462
-0.711477,0.291305,-1.94829,-1.35935,-0.296157,5.56612
-0.711522,0.28943,-1.43197,0.253739,-0.718156,0.15958
-0.71174,0.278801,-1.74329,0.26289,-0.717595,0.102275
-0.718009,0.262695,-2.17389,0.279032,-0.724096,5.77092
-0.725854,0.253156,-2.51893,0.287232,-0.712306,5.46449
-0.735138,0.247677,-2.97345,0.287595,-0.727747,5.00484
-0.812177,0.25456,2.94379,0.287238,-0.773481,4.64829
-0.972197,0.28735,2.9346,0.260329,-0.91223,4.5265
-1.08879,0.298601,-2.78098,0.296714,-1.04152,4.95312
-1.0878,0.298116,-2.3498,0.306329,-1.03835,5.36655
-1.08829,0.296806,-2.02775,0.281329,-1.05995,5.82615
-1.08857,0.29482,-1.72044,0.275286,-1.07365,6.12686
-1.09962,0.24967,-2.02904,0.302482,-1.06028,5.9499
-1.1121,0.233155,-2.60094,0.314366,-1.07037,5.61099
-1.12173,0.229059,3.05767,0.314028,-1.08676,4.74892
-1.18934,0.224402,3.00124,0.309006,-1.15235,4.67765
-1.19362,0.225569,2.48266,0.307956,-1.15565,4.19797
-1.19776,0.229986,1.74835,0.305267,-1.16883,3.6178
-1.19815,0.229297,1.21015,0.310055,-1.16925,2.98737
-1.20143,0.219295,1.48453,0.369544,-1.16821,3.09892
-1.20184,0.215293,1.65012,0.369329,-1.17826,3.26888
-1.20183,0.209169,1.92789,0.373189,-1.1853,3.50562
-1.20105,0.205365,2.13071,0.377613,-1.179,3.77981
-1.19976,0.203388,2.32672,0.377017,-1.14104,3.97933
-1.19836,0.20145,2.5283,0.353912,-1.12977,4.16412
-1.19695,0.200251,2.74362,0.332361,-1.12736,4.40206
-1.27181,0.223991,2.80671,0.291268,-1.16022,4.55344
-1.33859,0.245453,3.02466,0.288535,-1.2938,4.66384
-1.33633,0.244123,-2.84692,0.286668,-1.29214,5.05439
-1.33575,0.243271,-2.37155,0.285753,-1.28914,5.49078
-1.33657,0.240253,-1.81136,0.289402,-1.29001,5.85482
-1.34583,0.0569244,-1.64637,0.385819,-1.29278,0.173163
-1.39682,-0.0828089,-2.11741,-0.871949,1.30555,3.42378
-1.39932,-0.0892109,-1.73881,-0.780119,-0.167383,4.49125
-1.35501,-0.193471,-0.976937,-0.947021,1.22331,4.30038
-1.2172,-0.253262,-0.154926,-0.888436,1.09425,5.1552
-1.04925,-0.267824,-0.0563444,-0.805134,0.961217,5.29955
-0.894097,-0.281791,-0.103599,-0.735137,0.861813,5.27129
-0.70574,-0.30462,-0.126981,-0.620335,0.668815,5.25387
-0.591335,-0.319698,-0.132919,-0.58064,0.602841,5.24146
-0.360624,-0.349784,-0.127842,-0.463139,0.412171,5.24524
-0.144757,-0.377603,-0.127701,-0.398581,0.268478,5.24018
0.0533301,-0.401262,-0.114788,-0.29192,0.0926328,5.25057
0.15794,-0.413225,-0.112788,-0.19183,-0.0663381,5.24391
0.267555,-0.425311,-0.107283,-0.147582,-0.154271,5.25062
0.418125,-0.44115,-0.103114,-0.0832938,-0.265371,5.25537
0.579719,-0.457828,-0.102182,-0.71901,-0.191855,1.90485
0.620498,-0.529806,-1.77256,-0.669225,-0.104815,1.08165
0.491824,-0.59741,3.11061,-0.568424,-0.168408,5.21395
0.287211,-0.615718,-2.99951,-0.50083,-0.382948,5.22803
0.150147,-0.65657,-2.77295,-0.340908,-0.463001,5.52836
0.0367885,-0.698006,-2.81136,-0.276223,-0.531579,5.53036
-0.224737,-0.774961,-2.87218,-0.0870433,-0.622302,5.57881
-0.458178,-0.808712,-3.04563,0.0388909,-0.762183,5.41584
-0.74698,-0.834874,-3.0589,0.183378,-0.927962,5.40056
-1.04868,-0.860517,-3.06167,0.277409,-1.04488,5.41933
-1.36187,-0.882201,-3.08082,0.484658,-1.26834,5.39357
-1.50677,-0.887572,2.89008,0.583702,-1.29397,5.28315
-1.5117,-0.88566,2.33909,1.03541,-0.78,5.14624
-1.51459,-0.881234,1.66155,0.992836,-0.771546,4.2558
-1.51492,-0.881999,1.12082,1.02909,-0.772388,3.30827
-1.51708,-0.883723,0.838451,0.455681,-1.15428,3.17128
-1.52136,-0.887792,0.778988,0.313008,-1.52555,2.09646
-1.52826,-0.896873,1.12316,0.315806,-1.53077,2.15195
-1.53289,-0.910547,1.55059,0.330162,-1.53675,2.73859
-1.53272,-0.92055,1.97515,0.337016,-1.54046,2.92071
-1.5301,-0.92677,2.55563,0.342622,-1.53516,3.63716
-1.52857,-0.928154,3.09322,0.34307,-1.53249,4.29104
-1.52647,-0.928607,-2.80724,0.343496,-1.53069,4.74597
-1.52532,-0.928652,-2.4201,0.342787,-1.52957,5.19812
-1.52574,-0.930109,-2.0132,0.343975,-1.5311,5.55616
-1.52598,-0.932243,-1.61794,0.348003,-1.53232,5.8748
-1.52281,-0.945266,-1.43157,0.350176,-1.53405,6.05461
-1.51077,-1.06221,-1.47821,0.434575,-1.55742,5.9845
-1.504,-1.13871,-1.59239,0.534379,-1.59473,5.96629
-1.50558,-1.14776,-1.85843,0.547226,-1.5947,5.74369
-1.50807,-1.1545,-2.02581,0.55263,-1.59731,5.55052
-1.51209,-1.16171,-2.23399,0.558196,-1.60366,5.32358
-1.5167,-1.16746,-2.44126,0.55604,-1.60835,5.11086
-1.5224,-1.17202,-2.67159,-0.297693,-1.31978,4.63709
-1.52843,-1.17479,-3.00175,-1.36256,-1.29878,3.41287
-1.53224,-1.17495,2.88822,-1.36712,-1.29767,2.91446
-1.63407,-1.2136,-2.58732,-1.39072,-1.30716,3.4921
-1.71245,-1.32189,-2.00321,-1.46453,-1.43859,4.22413
-1.81653,-1.52067,-2.0464,-1.56622,-1.64847,4.261
-1.82615,-1.53544,-2.4392,-1.62804,-1.73929,4.1112
-1.83777,-1.54297,-3.00385,-1.61059,-1.78802,3.71176
-1.84251,-1.5428,2.72393,-1.68183,-1.7577,2.9543
-1.84671,-1.54086,2.21623,-1.61068,-1.79264,2.57637
-1.84865,-1.53646,1.65807,-1.60396,-1.93066,2.03342
-1.73452,-1.32584,0.965321,-1.58586,-1.82264,1.28397
-1.61979,-1.07551,1.09623,-1.52993,-1.50515,1.27075
-1.58089,-0.914711,1.37278,-1.55269,-1.24909,1.45288
-1.57234,-0.713335,1.54324,-1.58634,-0.99708,1.61217
-1.57527,-0.60079,1.618,-1.63824,-0.858022,1.6147
-1.58727,-0.47988,1.68552,-1.66486,-0.70537,1.69036
-1.60083,-0.362529,1.67485,-1.68643,-0.569656,1.69089
-1.61982,-0.15112,1.66127,-1.67266,-0.286947,1.66803
-1.62001,-0.150412,0.781152,-1.61767,-0.177192,1.01776
-1.61646,-0.148624,0.227107,-1.61819,-0.175351,0.360857
-1.61387,-0.148914,-0.193713,-1.70266,-0.218612,6.20098
-1.60938,-0.151203,-0.689126,-1.61144,-0.177341,5.70737
-1.60336,-0.165086,-1.42669,-1.60972,-0.135707,4.94945
-1.62561,-0.432069,-1.67607,-1.65472,-0.335317,4.43667
-1.58255,-0.756303,-1.35838,-1.64591,-0.479272,4.74113
-1.541,-0.951722,-1.35042,-1.61393,-0.785831,4.76345
-1.49664,-1.17526,-1.37453,-1.60601,-0.94291,4.74123
-1.47209,-1.32529,-1.41715,-1.61755,-1.17087,4.70295
-1.43299,-1.5764,-1.39767,-1.60529,-1.39616,4.71296
-1.42652,-1.62669,-1.07015,0.462637,-1.57517,1.51524
-1.42319,-1.63671,-1.39615,-1.80126,-1.38509,4.64403
-1.42351,-1.6361,-0.93265,-1.83423,-1.37049,4.85315
-1.42703,-1.63417,-0.244734,1.04214,-0.497933,2.06814
-1.42096,-1.63757,-0.845991,1.04021,-0.494553,2.08765
-1.4179,-1.64325,-1.22287,1.03296,-0.487708,1.79217
-1.41617,-1.65537,-1.62646,1.0391,-0.477222,1.38354
-1.41897,-1.66698,-1.94812,-1.68255,-1.45252,4.23497
-1.41945,-1.67038,-1.526,-1.68449,-1.46068,4.45603
-1.41954,-1.66835,-1.04861,-1.68475,-1.45916,4.93193
-1.4217,-1.66673,-0.512013,-1.68615,-1.45635,5.41841
-1.42466,-1.66576,-0.0210853,-1.68886,-1.45447,5.87896
-1.39327,-1.66687,-0.00417812,-1.67311,-1.45904,6.05356
-1.39726,-1.66735,0.438408,-1.663,-1.45607,0.210635
-1.40513,-1.6722,0.795958,-1.66916,-1.45926,0.582803
-1.41019,-1.6786,1.0593,-1.68072,-1.46354,0.86621
-1.41403,-1.68686,1.30233,-1.68832,-1.4703,1.0394
-1.41715,-1.6918,1.56272,-1.68643,-1.47989,1.29469
-1.41787,-1.5441,1.58371,-1.67672,-1.41489,1.40481
-1.42106,-1.393,1.58047,-1.65055,-1.26213,1.39491
-1.42518,-1.2403,1.5907,-1.62141,-1.09608,1.38947
-1.43676,-1.02715,1.61437,-1.61692,-0.932275,1.44405
-1.44216,-0.845132,1.57452,-1.6198,-0.679849,1.46881
-1.42295,-0.632501,1.38969,-1.57622,-0.535087,1.29279
-1.40206,-0.464172,1.39148,-1.5201,-0.327575,1.30785
-1.40046,-0.462964,0.536404,-1.48902,-0.28059,0.641963
-1.39657,-0.46195,0.0371816,-1.49952,-0.357003,5.96046
-1.39323,-0.462782,-0.35502,-1.47489,-0.258928,5.82001
-1.38998,-0.464617,-0.698081,-1.49226,-0.359697,5.47401
-1.38725,-0.46804,-1.04095,-1.46779,-0.24123,5.27108
-1.37646,-0.557881,-1.51505,-1.45565,-0.248366,4.79524
-1.36777,-0.756435,-1.5068,-1.47026,-0.474324,4.58978
-1.34009,-0.908494,-1.326,-1.45645,-0.646094,4.81626
-1.30428,-1.07047,-1.36533,-1.42976,-0.791085,4.83692
-1.28231,-1.22333,-1.44782,-1.41646,-0.955313,4.75717
-1.2624,-1.40993,-1.45431,-1.40951,-1.07611,4.72431
-1.23676,-1.63382,-1.43678,-1.40674,-1.30289,4.7318
-1.22323,-1.7791,-1.31052,-1.40485,-1.56353,4.72166
-1.22369,-1.77748,-0.970579,-1.40412,-1.57103,5.10585
-1.22518,-1.77646,-0.610503,-1.39964,-1.58011,5.49579
-1.22648,-1.77589,-0.358848,-1.40637,-1.64472,5.77626
-1.22856,-1.7753,-0.0214594,-1.40811,-1.68157,6.006
-1.23157,-1.77538,0.345173,-1.41026,-1.6823,0.192456
-1.23676,-1.77785,0.635037,-1.41457,-1.6937,0.521489
-1.24192,-1.78227,0.878361,-1.4188,-1.71827,0.803324
-1.24775,-1.79188,1.21271,-1.42186,-1.72541,1.06723
-1.25023,-1.79889,1.41639,-1.42447,-1.73495,1.32569
-1.24424,-1.74593,1.43774,-1.42368,-1.72514,1.40249
-1.23074,-1.62921,1.44253,-1.41067,-1.62764,1.40969
-1.21926,-1.51438,1.46444,-1.38964,-1.52187,1.40206
-1.20825,-1.35534,1.48061,-1.37006,-1.39164,1.45022
-1.19322,-1.17341,1.44704,-1.34066,-1.20386,1.43726
-1.17191,-0.956215,1.42341,-1.3068,-1.01625,1.42896
-1.14451,-0.710353,1.39871,-1.25028,-0.798776,1.40947
-1.13111,-0.506998,1.49677,-1.24096,-0.497061,1.48884
-1.13633,-0.3595,1.64376,-1.24099,-0.393118,1.59665
-1.18007,-0.113974,1.75362,-1.28268,-0.167691,1.72552
-1.18048,-0.113836,1.17135,-1.24734,-0.112354,1.45395
-1.17935,-0.11259,0.652903,-1.25322,-0.140073,0.80863
-1.17649,-0.111311,0.243922,-1.24139,-0.0231162,0.310912
-1.17126,-0.11196,-0.366694,-1.24176,-0.0394978,6.05073
-1.16594,-0.116268,-0.964079,-1.23545,-0.0313005,5.33005
-1.15321,-0.26643,-1.5311,-1.33255,-0.489913,4.79759
-1.1206,-0.582152,-1.41869,-1.16131,-0.535457,4.80831
-1.09558,-0.892936,-1.46787,-1.21767,-0.591916,4.46279
-1.0061,-1.17109,-1.20593,-1.20691,-0.771991,4.71751
-0.88836,-1.49184,-1.22074,-1.1034,-1.31825,4.84192
-0.87836,-1.65131,-1.31432,-1.09872,-1.58595,4.65195
-0.880246,-1.64827,-0.630012,-1.06441,-1.39956,5.37441
-0.884628,-1.64695,0.0855958,-1.10624,-1.39866,6.10218
-0.837792,-1.67398,-0.554163,-1.20001,-1.42436,5.50896
-0.840247,-1.6731,-0.11906,-1.19811,-1.42761,5.95367
-0.843262,-1.67285,0.268282,-1.20013,-1.43074,0.14731
-0.849139,-1.67555,0.6387,-1.20681,-1.42987,0.392282
-0.856451,-1.68282,0.993098,1.87339,0.873595,3.48045
-0.854579,-1.68138,0.539819,1.87689,0.87431,3.35245
-0.848825,-1.68062,-0.174359,1.87363,0.875661,2.73543
-0.84154,-1.68606,-1.01331,1.87263,0.88165,1.9051
-0.781028,-1.70398,-0.0457244,0.123567,-1.46002,5.84022
-0.82205,-1.68722,2.22022,0.108261,-1.44494,2.36336
-0.933758,-1.54286,2.19086,1.48542,-1.44695,4.03186
-0.933328,-1.39024,1.15769,1.33894,-1.37161,2.63577
-0.84363,-1.2252,0.998337,1.21499,-1.14221,2.22544
-0.794009,-1.10803,1.22771,-0.703552,-1.19425,1.44826
-0.76561,-0.958411,1.42541,-0.70778,-1.18378,1.45226
-0.782821,-0.757874,1.71639,-0.715012,-1.00656,1.71493
-0.859308,-0.496814,1.87635,-0.793254,-0.805913,1.8948
-0.941306,-0.238158,1.86242,-0.918529,-0.466745,1.90165
-1.01202,-0.00328863,1.85108,-0.988837,-0.246089,1.88357
-1.05167,0.103972,1.96132,-1.05397,-0.098119,1.94609
-1.05397,0.109309,1.62148,-1.06257,-0.0268728,1.7833
-1.05424,0.10859,1.25369,-1.07362,-0.067935,1.47572
-1.0541,0.108696,0.859025,-1.0551,-0.035858,0.9407
-1.05189,0.110366,0.466862,-1.05905,-0.0173817,0.592254
-1.04765,0.111071,-0.0673648,-1.05373,-0.0159786,0.186799
-1.04201,0.108628,-0.675595,-1.05174,-0.0170957,5.98016
-1.03778,0.102196,-1.19044,-1.04935,-0.0141675,5.26617
-1.03687,0.0414625,-1.64088,-1.04295,-0.0261165,4.82501
-1.05939,-0.162375,-1.67845,-1.06485,-0.195087,4.57936
-1.05831,-0.313621,-1.497,-1.06369,-0.371032,4.73022
-1.03377,-0.511989,-1.41224,-1.04468,-0.503563,4.81748
-0.999966,-0.760464,-1.42014,-0.995533,-0.793806,4.84983
-0.983592,-0.956964,-1.49732,-0.986869,-0.957718,4.76712
-0.973922,-1.15768,-1.5099,-0.957662,-1.19139,4.75558
-0.976156,-1.3113,-1.61851,-0.986419,-1.33881,4.67427
-0.982255,-1.41538,-1.38032,-1.00985,-1.50769,4.6274
-0.982594,-1.41356,-0.989986,-1.00714,-1.49722,5.1575
-0.984562,-1.41201,-0.553405,-1.02232,-1.49574,5.6072
-0.987243,-1.41111,-0.0859664,-1.00343,-1.49455,6.13098
-0.989629,-1.41152,0.397531,-1.02921,-1.49539,0.424586
-0.996181,-1.41509,0.713565,-1.00656,-1.5519,0.70836
-1.00375,-1.42444,1.10812,-1.03986,-1.50509,0.95096
-1.00467,-1.40925,1.39076,-1.01502,-1.57155,1.44586
-0.97539,-1.26277,1.32426,-0.937831,-1.42922,1.43271
-0.933447,-1.09905,1.27221,-0.913669,-1.27203,1.37288
-0.910641,-1.00519,1.34358,-0.895012,-1.1532,1.39366
-0.886824,-0.864201,1.39643,-0.877019,-1.05218,1.4645
-0.863125,-0.701192,1.39386,-0.85888,-0.87737,1.46481
-0.846797,-0.576393,1.43636,-0.850017,-0.754696,1.51105
-0.830173,-0.41744,1.44215,-0.841479,-0.590778,1.52881
-0.810742,-0.213188,1.43684,-0.862891,-0.317112,1.54124
-0.797756,-0.0616945,1.47864,-0.863696,-0.233117,1.58242
-0.797263,-0.0539859,0.951589,-0.837961,-0.173944,1.18569
-0.793773,-0.0518171,0.271915,-0.830935,-0.159563,0.506143
-0.792889,-0.0517477,-0.0187756,-0.827109,-0.18122,0.143153
-0.78861,-0.0520254,-0.316483,-0.825932,-0.181172,6.20346
-0.784622,-0.0543345,-0.741737,-0.825671,-0.16943,5.79588
-0.781877,-0.0582237,-1.09142,-0.824633,-0.172541,5.42048
-0.779245,-0.0664719,-1.3891,-0.820756,-0.178362,5.05831
-0.781029,-0.119806,-1.66771,-0.821759,-0.114768,4.80569
-0.797002,-0.243581,-1.7069,-0.830853,-0.257998,4.61422
-0.803992,-0.375425,-1.56848,-0.828426,-0.380882,4.71108
-0.79787,-0.543253,-1.50037,-0.809972,-0.592944,4.82281
-0.791201,-0.679367,-1.52823,-0.798647,-0.725407,4.80156
-0.788629,-0.863722,-1.55122,-0.926432,-0.904895,4.58799
-0.715474,-1.12133,-1.21791,-0.844833,-1.2344,5.0175
-0.66914,-1.30522,-1.37292,-0.823396,-1.39654,4.84748
-0.660578,-1.35196,-0.843981,-0.763243,-1.52825,5.08654
-0.665233,-1.34997,-0.0179417,-0.737111,-1.55228,6.08718
-0.668671,-1.35017,0.364267,-0.67593,-1.60258,0.311871
-0.673866,-1.35273,0.653565,-0.679027,-1.60429,0.664751
-0.680571,-1.35925,0.968494,-0.751608,-1.56102,0.973923
-0.685218,-1.36794,1.25082,-0.764929,-1.54589,1.26903
-0.66822,-1.30603,1.28097,-0.751773,-1.55496,1.45623
-0.623719,-1.16303,1.21401,-0.745445,-1.40177,1.36179
-0.569713,-1.00421,1.20276,-0.691554,-1.23018,1.32191
-0.525455,-0.849054,1.27857,-0.676023,-1.07158,1.36991
-0.49072,-0.697144,1.33627,-0.59647,-0.981133,1.38519
-0.475383,-0.582647,1.46937,-0.590667,-0.788332,1.50737
-0.466587,-0.403436,1.50533,-0.593941,-0.627512,1.57101
-0.459325,-0.234714,1.50185,-0.598389,-0.439581,1.5542
-0.457099,-0.076652,1.56236,-0.582695,-0.31018,1.5935
-0.467803,0.0748876,1.66416,-0.591116,-0.132514,1.67251
-0.503497,0.266005,1.77434,-0.641929,0.0341493,1.80143
-0.505354,0.274013,1.4332,-0.650492,0.117016,1.65637
-0.50543,0.273567,0.874699,-0.652032,0.112667,1.03758
-0.503142,0.275373,0.470803,-0.650018,0.117108,0.636055
-0.500062,0.276148,0.0794786,-0.646189,0.117107,0.164928
-0.497128,0.275604,-0.27301,-0.628411,0.146456,6.03643
-0.492792,0.273209,-0.733079,-0.618622,0.117274,5.61556
-0.488407,0.265382,-1.26175,-0.613445,0.111888,5.23303
-0.488803,0.217082,-1.67455,-0.611966,0.10194,4.81709
-0.512073,0.0611381,-1.72429,-0.610363,-7.93071e-05,4.69567
-0.531301,-0.107425,-1.6549,-0.606416,-0.163658,4.75041
-0.541343,-0.232251,-1.64344,-0.599146,-0.324727,4.76725
-0.550248,-0.339808,-1.65447,-0.593612,-0.436697,4.7641
-0.559478,-0.439068,-1.66691,-0.605667,-0.52744,4.72748
-0.568692,-0.552368,-1.63729,-0.581165,-0.63497,4.76737
-0.581432,-0.700757,-1.65838,-0.579322,-0.770867,4.74449
-0.595676,-0.854204,-1.65654,-0.602726,-0.906189,4.69989
-0.601984,-0.995735,-1.58783,-0.632036,-1.02595,4.76348
-0.601538,-1.09951,-1.54949,-0.627974,-1.08216,4.80923
-0.599101,-1.18738,-1.53154,-0.62312,-1.16884,4.82371
-0.595597,-1.26811,-1.52153,-0.612809,-1.24369,4.83506
-0.592538,-1.33748,-1.52925,-0.561689,-1.30137,4.83441
-0.592609,-1.40219,-1.6212,-0.512575,-1.41299,4.78122
-0.599463,-1.45004,-1.72059,-0.523188,-1.45816,4.60063
-0.599258,-1.4504,-1.52016,-0.522254,-1.44181,4.78763
-0.599114,-1.44976,-1.33081,-0.522377,-1.43236,4.92812
-0.599394,-1.44829,-1.02811,-0.52118,-1.42937,5.25743
-0.600639,-1.44722,-0.690757,-0.523973,-1.43834,5.55861
-0.602568,-1.44633,-0.320138,-0.525285,-1.43873,5.84107
-0.604581,-1.44578,-0.00532567,-0.527035,-1.43918,6.11878
-0.607434,-1.44588,0.341547,-0.529822,-1.43851,0.348299
-0.611161,-1.44751,0.57738,-0.532883,-1.4413,0.622705
-0.616411,-1.45131,0.810719,-0.536153,-1.44409,0.788205
-0.621559,-1.45823,1.08397,-0.54013,-1.45097,1.09007
-0.617724,-1.44191,1.216,-0.541405,-1.45968,1.4226
-0.542293,-1.27607,1.11027,-0.51139,-1.38555,1.1782
-0.499709,-1.13576,1.30387,-0.475021,-1.22875,1.37726
-0.46196,-0.948516,1.34066,-0.451135,-1.05657,1.4499
-0.421762,-0.753398,1.31735,-0.430896,-0.92169,1.4378
-0.384427,-0.573396,1.33134,-0.422952,-0.841237,1.44141
-0.359943,-0.435887,1.3903,-0.401148,-0.66336,1.47675
-0.345389,-0.312238,1.45788,-0.393273,-0.519964,1.52996
-0.335856,-0.161781,1.50183,-0.392658,-0.334626,1.57886
-0.330924,0.0438487,1.53012,-0.395256,-0.117489,1.60631
-0.340585,0.229742,1.6341,-0.413154,0.0167279,1.69812
-0.34108,0.22858,0.975792,-0.364592,0.035219,1.36567
-0.337989,0.230952,0.374129,-0.327897,0.0401434,0.869841
-0.33422,0.231376,-0.0796971,-0.325484,0.0407917,0.254093
-0.326671,0.237661,0.303886,-0.319394,0.0425553,0.722828
-0.322851,0.237794,-0.144151,-0.321387,0.0479327,0.226494
-0.318347,0.235729,-0.640006,-0.343037,0.0567446,6.0247
-0.314591,0.23095,-1.10707,-0.36869,0.0585787,5.62891
-0.311986,0.221095,-1.45618,-0.362282,0.0520572,5.2322
-0.352826,0.0856258,-1.9187,-0.359338,0.0306547,4.69433
-0.438931,-0.205525,-1.81419,-0.388035,-0.302066,4.61283
-0.473802,-0.47919,-1.64103,-0.386842,-0.6278,4.76122
-0.490097,-0.715401,-1.62202,-0.385406,-0.922819,4.7656
-0.502332,-0.925899,-1.61768,-0.417522,-1.08445,4.75205
-0.50294,-1.08863,-1.55145,-0.401787,-1.26266,4.8268
-0.497824,-1.27609,-1.26946,-0.387823,-1.415,4.84437
-0.500506,-1.27329,-0.464813,-0.332561,-1.42061,5.796
-0.474348,-1.28252,-0.531966,-0.412198,-1.33592,5.81634
-0.475817,-1.2818,-0.306298,-0.318215,-1.36351,5.88769
-0.477383,-1.28138,-0.0531924,1.39945,-1.25077,1.63331
-0.438597,-1.27636,0.20054,1.39393,-1.24275,1.79243
-0.374188,-1.24486,0.633133,-0.103139,-1.39814,0.680965
-0.345075,-1.2016,1.23507,-0.103758,-1.36478,1.25545
-0.33661,-1.10808,1.57587,0.512064,-1.68172,2.32105
-0.311594,-0.968829,1.22327,0.779099,-1.42143,1.84914
-0.272677,-0.829235,1.29796,0.746942,-1.31006,1.85243
-0.253514,-0.716362,1.44072,0.29155,-0.598691,2.99264
-0.0714509,-0.515781,0.610892,0.785759,-0.872853,1.2448
-0.0217071,-0.419944,1.34046,0.69617,-0.758949,1.99952
-0.0170814,-0.221241,1.5834,0.516121,-0.633801,2.46465
0.0102695,-0.0240906,1.18082,0.427879,-0.440732,2.18366
0.0170738,0.00873217,0.450079,0.457647,-0.38928,1.32168
0.0144727,0.0131795,0.441108,0.445951,-0.389682,1.33284
0.00844031,0.0211698,0.395652,0.44371,-0.400467,1.31146
0.00245465,0.0310938,0.359731,0.442667,-0.398102,1.40258
-0.000992899,0.0383303,0.34549,0.410475,-0.365393,1.28409
-0.00701735,0.0482013,0.295137,0.408761,-0.367784,1.19679
-0.0332488,0.0294622,0.471307,0.40332,-0.319988,1.36679
-0.0073852,0.0475431,0.634704,0.394583,-0.191158,1.68761
-0.0101407,0.0512295,0.635071,0.367537,-0.201985,1.90443
-0.0112958,0.0577111,0.587694,0.36626,-0.207292,1.88676
-0.014336,0.0623947,0.586234,0.270798,1.15701,1.89033
-0.019532,0.0656599,0.624028,0.272522,1.15263,1.94402
-0.0242348,0.0649677,0.683576,0.27307,1.15127,1.95869
-0.0313084,0.0603072,0.824759,0.278399,1.14274,2.12742
-0.0861264,0.139411,1.7528,0.275922,1.1408,2.81972
-0.183255,0.261542,2.65495,0.234244,-0.344282,3.92187
-0.241149,0.344787,1.9706,0.194844,-0.383631,3.6192
-0.208407,0.455696,0.901369,0.0333014,-0.312749,2.67371
-0.0550005,0.525862,0.191785,0.000876954,-0.298281,1.91084
0.137242,0.558722,0.188176,-0.046857,-0.122358,1.84425
0.302604,0.615119,0.374777,-0.153674,0.00999174,2.04171
0.388635,0.643945,0.0451819,-0.198795,0.148773,2.00909
0.392896,0.644152,-0.328941,-0.191493,0.150257,1.40651
0.395471,0.643596,-0.634007,-0.191009,0.169385,1.16064
0.399082,0.641956,-1.01753,-0.221199,0.175143,0.957727
0.399567,0.640827,-1.39608,-0.219915,0.175843,0.561292
0.399977,0.643103,-1.7629,-0.229747,0.117279,0.318585
0.402446,0.647629,-1.96703,-0.233256,0.11767,0.139305
0.407447,0.65524,-2.18252,-0.240554,0.118818,6.06686
0.414678,0.663426,-2.36165,-0.249129,0.120302,5.96773
0.423809,0.670589,-2.55037,-0.261833,0.123762,5.81945
0.434531,0.676774,-2.68819,-0.272854,0.13337,5.63255
0.449039,0.68253,-2.835,-0.305076,0.204306,5.44496
0.464002,0.686536,-3.00827,-0.317718,0.220872,5.2208
0.47157,0.687199,3.13943,-0.320677,0.230802,5.05212
0.442444,0.687406,-3.06373,-0.306451,0.234787,4.97644
0.289794,0.668915,-2.91953,-0.264499,0.130044,5.17276
0.16286,0.649753,-2.95503,-0.19768,-0.00323882,5.07765
0.0258317,0.629614,-2.93124,-0.175463,-0.105523,5.05328
-0.0613698,0.614866,-2.96998,-0.134778,-0.207207,5.08005
-0.195032,0.602076,-3.02391,-0.105382,-0.343721,4.97635
-0.322124,0.593809,-3.05836,-0.0708124,-0.476096,4.96136
-0.459146,0.59274,3.14067,-0.0490661,-0.585437,4.89112
-0.656516,0.609253,3.07607,-0.0459589,-0.769165,4.80654
-0.800712,0.628928,2.99521,-0.0538985,-0.853257,4.73143
-0.935716,0.654351,2.95545,-0.0642902,-0.979169,4.67036
-1.0801,0.683797,2.95854,-0.0796361,-1.06432,4.65134
-1.19685,0.706503,2.96609,-0.105478,-1.1494,4.65869
-1.38856,0.735743,3.04166,-0.115616,-1.30012,4.70964
-1.51789,0.751894,3.01657,-0.118096,-1.41981,4.71106
-1.52642,0.753812,-2.89925,-1.71234,0.186189,3.21586
-1.51645,0.758076,-2.40759,-1.79281,0.205301,3.72672
-1.51298,0.760777,-1.67292,-1.78599,0.215211,4.58454
-1.51094,0.76063,-0.844072,-1.79478,0.212652,5.4484
-1.49899,0.755232,-0.445414,-1.78832,0.212398,5.79415
-1.48228,0.751416,-0.230316,-1.78287,0.218971,5.97769
-1.34179,0.683149,-0.572757,-1.69067,0.17716,5.87866
-1.22513,0.547066,-0.995186,-1.54026,0.058918,5.53047
-1.16327,0.438152,-1.08773,-1.45389,0.00122713,5.50271
-1.1025,0.305112,-1.17114,-1.36105,-0.132685,5.37918
-1.03973,0.170276,-1.11805,-1.39496,0.227371,5.15981
-0.968505,0.0562342,-0.952856,-1.30248,0.0836255,5.30122
-0.87671,-0.0648807,-0.908058,-1.18419,-0.0648351,5.35479
-0.816722,-0.143168,-0.923906,-1.12084,-0.141119,5.34098
-0.734776,-0.252815,-0.931608,-1.07622,-0.209699,5.32188
-0.639224,-0.378699,-0.916762,-0.980056,-0.347022,5.33449
-0.563932,-0.474321,-0.912108,-0.899718,-0.457459,5.33976
-0.441659,-0.632911,-0.914294,-0.811746,-0.588969,5.33839
-0.340745,-0.763518,-0.912047,-0.703748,-0.736101,5.3418
-0.266421,-0.859991,-0.916227,-0.574224,-0.913898,5.34373
-0.167221,-0.990643,-0.923601,-0.488069,-1.03307,5.3357
-0.0877267,-1.09582,-0.923709,-0.406895,-1.14623,5.33568
0.0105548,-1.2259,-0.923671,-0.305121,-1.28635,5.33469
0.104967,-1.35133,-0.926551,-0.23412,-1.37628,5.3321
0.183375,-1.46091,-1.05683,-0.140854,-1.51927,5.31186
0.187771,-1.46575,-0.775841,-0.122002,-1.53813,5.38139
0.198139,-1.46994,-0.486224,-0.113708,-1.541,5.72807
0.206845,-1.47229,-0.197004,-0.102219,-1.54308,6.02101
0.215228,-1.47245,-0.012018,-0.0858661,-1.57852,6.16645
0.23066,-1.47039,0.168981,-0.0498961,-1.58052,6.17531
0.251188,-1.46509,0.310073,-0.0226345,-1.57898,0.242417
0.269407,-1.45827,0.418056,0.0218986,-1.6165,0.355263
0.281898,-1.45181,0.525584,0.0487106,-1.63476,0.408869
0.290013,-1.44671,0.595339,0.0999073,-1.65932,0.511788
0.300968,-1.43814,0.714816,0.0831669,-1.62118,0.60851
0.309601,-1.42981,0.849243,0.0911615,-1.61471,0.737526
0.316163,-1.42196,0.999717,0.11556,-1.6357,0.850472
0.320145,-1.4158,1.12773,0.111479,-1.53129,1.07796
0.322505,-1.41133,1.27208,0.0521614,-1.50744,1.25208
0.325898,-1.39561,1.53641,0.101537,-0.806999,2.41159
0.329547,-1.33433,1.43727,0.14353,-1.57083,1.45353
0.33819,-1.2408,1.57355,0.155254,-1.45686,1.45811
0.329802,-1.1625,1.78713,0.150032,-1.37393,1.62156
0.305465,-1.08073,1.92729,0.139236,-1.26747,1.86788
0.274969,-0.998213,1.91496,1.1663,-0.653798,2.80581
0.238095,-0.90903,2.00104,0.102282,-1.10169,1.91307
0.211043,-0.843864,1.9263,1.11928,-0.587186,2.82851
0.178887,-0.768986,2.02228,1.04958,-0.567553,2.86503
0.142903,-0.702671,2.10375,0.943264,-0.542362,2.95136
0.100873,-0.63341,2.12432,0.864936,-0.529945,2.98538
0.0626847,-0.571026,2.11668,0.787296,-0.520538,2.98763
0.0169977,-0.494378,2.10233,0.713757,-0.508847,2.97935
-0.0491675,-0.379786,2.09115,0.614227,-0.492877,2.96862
-0.147821,-0.206443,2.08811,0.473004,-0.464331,2.9528
-0.230272,-0.0655697,2.10684,0.197935,-0.423067,2.97656
-0.26681,0.000725705,1.8998,0.0826308,-0.393416,2.94543
-0.267338,0.00431291,1.56406,0.077944,-0.394306,2.64966
-0.266368,0.00848023,1.16738,0.161833,-0.420784,2.19243
-0.262559,0.0126174,0.713166,0.148645,-0.40085,1.70666
-0.248185,0.0177159,0.0805003,0.128073,-0.379166,1.24569
-0.239132,0.0169207,-0.746566,0.135163,-0.384659,0.509147
-0.236862,0.0142245,-1.61374,0.15306,-0.396074,6.05418
-0.2319,0.0261005,-2.10241,0.16234,-0.389745,5.24549
-0.242683,0.00820571,-2.12435,0.148663,-0.380147,5.03896
-0.350918,-0.128837,-2.21582,0.191559,-0.526487,5.02314
-0.477844,-0.252198,-2.31718,0.230006,-0.683805,4.88723
-0.588176,-0.352894,-2.36457,0.190237,-0.828671,4.79777
-0.698373,-0.453693,-2.3359,0.183698,-0.95744,4.81591
-0.803375,-0.551504,-2.35771,0.184571,-1.09222,4.77841
-0.899632,-0.635687,-2.39641,0.159526,-1.20652,4.73517
-0.990076,-0.710956,-2.42595,0.158573,-1.28458,4.69648
-1.07941,-0.781167,-2.45102,0.149667,-1.39175,4.66003
-1.1325,-0.81818,-2.50401,0.119478,-1.49128,4.51264
-1.12819,-0.815861,-2.20329,0.100572,-1.47392,4.83464
-1.12567,-0.813457,-1.82324,0.12452,-1.44625,5.22558
-1.12478,-0.812148,-1.38072,0.137941,-1.40077,5.72183
-1.12435,-0.815009,-1.00223,0.438907,-1.36433,0.385348
-1.11652,-0.82003,-0.589552,0.444989,-1.3714,0.660268
-1.10328,-0.823136,-0.214223,0.450437,-1.30379,0.94203
-1.0236,-0.793419,0.628437,0.454912,-1.28785,1.43465
-0.919696,-0.66165,1.10013,0.622562,-1.2984,2.20771
-0.825475,-0.431667,1.21197,0.449893,-1.16169,2.50988
-0.733569,-0.278096,0.947964,0.280967,-1.05306,2.42716
-0.645824,-0.207561,0.159742,0.224731,-0.751453,1.77626
-0.636985,-0.207388,-0.568712,0.273082,-0.734766,1.02528
-0.634042,-0.209194,-1.09751,0.280114,-0.732793,0.245385
-0.632086,-0.211045,-1.49156,0.28812,-0.699014,6.00452
-0.631331,-0.206703,-1.80276,0.282471,-0.698096,5.74209
-0.629027,-0.20163,-2.01173,0.281931,-0.667165,5.51058
-0.623657,-0.193685,-2.21682,0.280112,-0.661541,5.43261
-0.625786,-0.195824,-2.3696,0.26932,-0.614203,5.08374
-0.785905,-0.352093,-2.23651,0.355529,-0.784931,5.29297
-0.968785,-0.466557,-2.57311,0.381784,-0.967554,4.9788
-0.967459,-0.466271,-1.98214,0.409719,-0.994531,5.32135
-0.966085,-0.464602,-1.39826,0.338152,-1.01111,5.82194
-0.961171,-0.472706,-1.32364,0.387755,-1.03759,0.275601
-0.95935,-0.466257,-1.93129,0.593292,-1.02053,5.81291
-0.943883,-0.447,-2.40882,0.586361,-1.01649,5.31992
-0.934074,-0.439795,-2.60596,0.649078,-1.04283,5.0407
-1.00571,-0.470846,-2.87094,0.669067,-1.09788,4.90799
-0.986818,-0.467884,3.11406,0.668364,-1.10264,4.59668
-0.976193,-0.469533,2.67693,0.672673,-1.09199,4.14453
-0.967094,-0.473436,2.35783,0.678586,-1.08493,3.92556
-0.96401,-0.474764,2.09692,0.684723,-1.08209,3.56032
-0.963792,-0.472539,1.81386,0.680706,-1.06629,3.34038
-0.9634,-0.467686,1.53444,0.679611,-1.0686,3.04869
-0.977985,-0.397734,1.9891,-0.708274,-0.626353,1.86722
-0.93874,-0.35864,0.421397,-0.672573,-0.584302,1.68862
-0.900686,-0.452971,-1.75991,-0.682589,-0.669405,4.68244
-0.882194,-0.596724,-1.21506,-0.660749,-0.8067,4.73455
-0.786481,-0.696405,-0.52719,-0.537131,-0.864339,5.33384
-0.637929,-0.7352,-0.139239,-0.350268,-0.547402,5.93645
-0.506752,-0.788195,-0.548038,0.960367,-0.720518,1.065
-0.436665,-0.808241,0.520579,-0.300358,-1.08199,5.74599
-0.339945,-0.721278,0.788229,-0.246123,-0.996912,1.09276
-0.240195,-0.72351,-0.500544,-0.106989,-0.96334,0.447934
-0.201492,-0.859734,-1.6887,-0.0635965,-1.08357,4.77509
-0.190929,-0.969283,-1.22679,-0.0527451,-1.1628,4.92222
-0.0621292,-1.07836,-0.517763,0.0639125,-1.18277,5.9521
-0.0574999,-1.08073,-1.00161,0.139032,-1.23478,5.80105
-0.0570585,-1.08181,-1.39557,0.110134,-1.23558,5.31441
-0.0567156,-1.0805,-1.80788,0.110141,-1.22047,4.78701
-0.0553697,-1.12148,-1.17856,0.141862,-1.23955,4.98149
-0.0505429,-1.12445,-0.681502,0.142785,-1.24554,5.67779
-0.0322714,-1.13102,-0.303377,0.163959,-1.23743,6.04214
0.208767,-1.20278,-0.338397,0.347651,-1.23736,6.11069
0.376157,-1.31258,-0.95765,0.572943,-1.35721,5.83523
0.376876,-1.31377,-1.67574,0.559063,-1.41518,4.86765
0.380173,-1.30609,-1.99569,0.535559,-1.41756,4.43787
0.389694,-1.29261,-2.32438,0.530102,-1.4287,4.06301
0.404594,-1.28039,-2.57815,0.551394,-1.44309,3.72713
0.419465,-1.27294,-2.76402,0.551169,-1.43548,3.61046
0.440566,-1.2663,-2.97307,0.547193,-1.43236,3.37597
0.452705,-1.26495,-2.99498,0.567007,-1.43167,3.23343
0.465106,-1.26257,-2.92439,0.57546,-1.42738,3.34155
0.479067,-1.25941,-2.83499,0.579036,-1.42507,3.34198
0.49369,-1.25471,-2.82663,0.589428,-1.42171,3.35627
0.509765,-1.2497,-2.93197,0.602493,-1.41833,3.35673
0.522102,-1.24769,-3.07574,0.617039,-1.41065,3.27406
0.534131,-1.24767,-3.1363,0.635462,-1.42081,3.06375
0.432712,-1.28796,-2.518,0.593185,-1.41794,3.70264
0.352842,-1.34683,-2.46658,0.498944,-1.47168,3.7994
0.311147,-1.37549,-2.53562,0.420379,-1.52209,3.68218
0.315597,-1.373,-2.19837,0.400474,-1.52036,3.97834
0.318391,-1.37033,-1.6815,0.409169,-1.51309,4.38998
0.318644,-1.37057,-1.17549,0.38037,-1.51208,4.91679
0.324449,-1.37331,-0.668017,0.300964,-1.51237,5.31742
0.338003,-1.37818,-0.328587,0.227843,-1.51851,5.91882
0.457856,-1.38112,-0.0179003,0.417374,-1.50928,0.169215
0.569378,-1.41942,-0.986715,0.676784,-1.60548,5.74884
0.570278,-1.42093,-1.57215,0.709982,-1.61456,4.83466
0.573001,-1.41334,-1.96653,0.71832,-1.58379,4.40422
0.579958,-1.40229,-2.24308,0.779939,-1.54636,4.06065
0.595055,-1.38882,-2.55698,0.794471,-1.53189,3.80506
0.613733,-1.37938,-2.77694,0.813131,-1.52636,3.59149
0.633395,-1.37329,-2.98993,0.835477,-1.5211,3.35346
0.651401,-1.37167,-2.97068,0.851162,-1.51821,3.29747
0.675047,-1.3677,-3.0288,0.870913,-1.51311,3.35189
0.690523,-1.36689,-3.07618,0.888375,-1.51285,3.1915
0.711956,-1.36448,-3.0677,0.903783,-1.51336,3.29539
0.724351,-1.36434,-3.03134,0.907245,-1.51552,3.23714
0.741272,-1.36084,-2.78945,0.927584,-1.50799,3.46095
0.764247,-1.35347,-2.89625,0.949741,-1.49995,3.38896
0.780084,-1.35018,-2.84945,0.969878,-1.49282,3.35548
0.803457,-1.34281,-2.85283,0.989051,-1.48236,3.47432
0.828215,-1.33668,-2.81489,1.01526,-1.47851,3.42888
0.846686,-1.33121,-2.80567,1.03217,-1.47601,3.41067
0.869873,-1.32384,-2.79928,1.0557,-1.46955,3.40651
0.901499,-1.31195,-2.55173,1.0851,-1.45603,3.59357
0.942142,-1.29159,-2.48248,1.12191,-1.42388,3.84926
0.961698,-1.28,-2.72387,1.14015,-1.4058,3.69775
0.981793,-1.27312,-2.9311,1.17715,-1.38301,3.52923
0.999198,-1.27101,3.08836,1.19063,-1.38195,3.22073
1.00774,-1.27156,2.98327,1.19793,-1.38469,2.98929
0.91916,-1.28389,-2.8283,1.17511,-1.38575,3.25995
0.809938,-1.33944,-2.5135,1.05678,-1.44725,3.5899
0.698308,-1.41649,-2.46446,0.942517,-1.55372,3.78616
0.59233,-1.4756,-2.63515,0.850034,-1.61767,3.71717
0.495158,-1.51462,-2.75161,0.807226,-1.67559,3.68561
0.402849,-1.5438,-2.8365,0.737476,-1.71266,3.62738
0.300672,-1.56394,-2.95474,0.555579,-1.71133,3.3987
0.19862,-1.58196,-2.9263,0.459003,-1.72866,3.39357
0.120327,-1.59864,-2.90588,0.381825,-1.76098,3.4739
0.0423627,-1.61335,-2.95826,0.291916,-1.7795,3.40861
-0.0175899,-1.62241,-3.00443,0.216392,-1.80129,3.37177
-0.0737587,-1.62807,-3.05425,0.1461,-1.81486,3.30445
-0.146484,-1.63336,-3.06208,0.0777596,-1.81942,3.26243
-0.206222,-1.63834,-3.04633,-0.0139696,-1.82797,3.26601
-0.279106,-1.64506,-3.02723,-0.0901658,-1.83364,3.25241
-0.352677,-1.65382,-3.00433,-0.183013,-1.84457,3.27303
-0.427783,-1.66459,-2.97655,-0.282529,-1.85599,3.28898
-0.533571,-1.68276,-2.92198,-0.387789,-1.86988,3.30914
-0.650596,-1.70857,-2.86748,-0.511442,-1.89549,3.35742
-0.734712,-1.72829,-2.90044,-0.631961,-1.9114,3.34791
-0.816124,-1.74468,-2.94163,-0.735391,-1.91726,3.29211
-0.930473,-1.762,-2.96498,-0.838159,-1.91305,3.22544
-1.04035,-1.78044,-2.92883,-0.922947,-1.91956,3.23181
-1.17796,-1.80897,-2.86537,-1.0765,-1.93238,3.27296
-1.29386,-1.83498,-2.90283,-1.18451,-1.95071,3.26332
-1.40448,-1.84746,-3.05726,-1.31351,-1.94351,3.13808
-1.53325,-1.84208,3.04764,-1.44715,-1.92076,2.96549
-1.67064,-1.80802,2.68689,-1.58758,-1.86716,2.72908
-1.66248,-1.81158,2.42525,-1.60972,-1.85569,2.38694
-1.65781,-1.81385,2.10566,-1.61526,-1.86524,2.03245
-1.66574,-1.78814,1.92332,-1.60879,-1.86553,1.85088
-1.70641,-1.68248,1.94511,-1.65154,-1.76847,1.96255
-1.73711,-1.5197,1.66563,-1.66416,-1.58822,1.728
-1.74133,-1.35098,1.56888,-1.66147,-1.44421,1.59995
-1.74521,-1.16115,1.60568,-1.67371,-1.26953,1.63164
-1.75441,-0.918954,1.61131,-1.69021,-1.0544,1.63248
-1.76577,-0.637585,1.61285,-1.70169,-0.83462,1.63374
-1.77631,-0.390428,1.6151,-1.72749,-0.55226,1.63621
-1.78084,-0.182431,1.28756,-1.74049,-0.360409,1.61598
-1.77814,-0.178267,0.86835,-1.72638,-0.270935,1.10679
-1.76924,-0.173482,0.340223,-1.72194,-0.263578,0.541718
-1.75764,-0.17135,-0.235144,-1.70925,-0.264618,6.12558
-1.75302,-0.172555,-0.743669,-1.70159,-0.266099,5.73781
-1.75037,-0.174173,-1.23488,-1.69713,-0.264209,5.19177
-1.74273,-0.230964,-1.38974,-1.70104,-0.269094,4.85955
-1.70218,-0.443676,-1.38695,-1.64921,-0.479119,5.0028
-1.69357,-0.579188,-1.5631,-1.63735,-0.617882,4.83761
-1.70114,-0.726071,-1.65768,-1.6381,-0.767455,4.71398
-1.72063,-0.94887,-1.65775,-1.65512,-0.960156,4.65929
-1.72676,-1.13103,-1.58032,-1.67489,-1.10725,4.69433
-1.70854,-1.33273,-1.41878,-1.71835,-1.23669,4.80279
-1.66386,-1.51264,-1.2853,-1.71635,-1.38562,4.9481
-1.63851,-1.58857,-1.1592,-1.69299,-1.54833,4.95458
-1.63553,-1.59049,-0.741445,-1.6742,-1.52351,5.43715
-1.62381,-1.59559,-0.427918,-1.70037,-1.52793,5.78284
-1.60958,-1.59763,-0.0502512,-1.51871,-1.61629,6.0908
-1.58369,-1.59338,0.255957,-1.66583,-1.52548,0.233958
-1.55241,-1.58218,0.460275,-1.59256,-1.51081,0.439575
-1.53487,-1.57183,0.601258,-1.583,-1.50445,0.50899
-1.51716,-1.55661,0.827809,-1.61408,-1.48819,0.708424
-1.50629,-1.54187,1.12729,-1.60379,-1.46634,1.05192
-1.50147,-1.46803,1.62235,-1.59303,-1.45994,1.43624
-1.53271,-1.21958,1.71788,-1.61536,-1.19681,1.68886
-1.5357,-0.995411,1.53644,-1.62402,-0.932857,1.5556
-1.50599,-0.74285,1.42932,-1.53754,-0.767186,1.38745
-1.50304,-0.395895,1.60593,-1.51157,-0.391566,1.55423
-1.50306,-0.346981,1.02581,-1.40412,-0.199579,1.15253
-1.49403,-0.341276,0.385081,-1.45279,-0.254334,0.581763
-1.47681,-0.339369,-0.539511,-1.44874,-0.212098,5.84493
-1.4732,-0.342003,-1.43824,-1.40883,-0.216312,4.9239
-1.42866,-0.53037,-1.33561,-1.36535,-0.205552,4.80571
-1.38182,-0.813359,-1.42853,-1.38451,-0.492652,4.70951
-1.3497,-1.07637,-1.45338,-1.38025,-0.785191,4.67402
-1.33259,-1.23044,-1.46287,-1.38556,-0.972319,4.6789
-1.31821,-1.38036,-1.48086,-1.39356,-1.09133,4.66391
-1.30108,-1.57221,-1.47994,-1.40766,-1.27593,4.66066
-1.28492,-1.74204,-1.53862,-1.4168,-1.46976,4.67377
-1.28324,-1.74581,-1.13256,-1.40636,-1.55443,4.80079
-1.27783,-1.74979,-0.635736,-1.40552,-1.52006,5.41962
-1.26361,-1.75454,-0.256562,-1.31488,-1.56081,5.8676
-1.24016,-1.75325,0.155182,-1.29622,-1.56139,0.244479
-1.20791,-1.74391,0.373197,-0.995898,-1.76103,0.439121
-1.17706,-1.72726,0.618367,-0.973167,-1.73527,0.58464
-1.15865,-1.71108,0.863984,-1.20974,-1.51039,0.768933
-1.14666,-1.69317,1.25028,-1.19699,-1.48884,1.12624
-1.17666,-1.47653,1.82486,-1.22421,-1.3273,1.8254
-1.20013,-1.35904,1.72,-1.23644,-1.24269,1.73287
-1.21616,-1.1736,1.63185,-1.23529,-1.07289,1.59101
-1.23623,-0.977073,1.68917,-1.24751,-0.871021,1.62805
-1.2563,-0.827954,1.71282,-1.26156,-0.711643,1.65042
-1.27603,-0.689765,1.71309,-1.27036,-0.606896,1.65568
-1.3019,-0.502687,1.70688,-1.28132,-0.442732,1.64909
-1.33055,-0.297836,1.71179,-1.28615,-0.314542,1.64062
-1.35871,-0.12221,1.50794,-1.3112,-0.108383,1.67024
-1.35519,-0.115836,0.870269,-1.28582,-0.0982267,1.01407
-1.34113,-0.10975,0.157178,-1.26577,-0.269304,0.348346
-1.23487,-0.0229815,0.648455,-1.20857,-0.0801252,0.868399
-1.21644,-0.0179731,-0.346338,-1.14358,-0.00788837,6.012
-1.20966,-0.0213768,-1.41768,-1.1427,-0.024156,5.07251
-1.17946,-0.217237,-1.39745,-1.13922,-0.135268,4.9312
-1.15269,-0.535767,-1.46786,-1.11406,-0.415222,4.76372
-1.13542,-0.78037,-1.47728,-1.07341,-0.740136,4.7669
-1.12607,-0.976707,-1.50803,-1.04996,-0.929346,4.74781
-1.13795,-1.27536,-1.65112,-1.06115,-1.16156,4.6532
-1.21846,-1.57579,-1.71778,-1.23439,-1.46096,4.38402
-1.21637,-1.57654,-0.786191,-1.2874,-1.50795,5.19566
-1.20597,-1.58228,-0.499692,-1.30063,-1.51488,5.56996
-1.19543,-1.58476,-0.162165,-1.30115,-1.52169,5.95837
-1.17149,-1.58421,0.105174,-1.28365,-1.56269,0.153692
-1.14884,-1.57903,0.268915,-1.266,-1.57347,0.246052
-1.12098,-1.56871,0.445832,-1.23545,-1.56748,0.383649
-1.09873,-1.55506,0.634881,-1.21508,-1.55453,0.574552
-1.08386,-1.54171,0.842671,-1.22146,-1.47924,0.786725
-1.07443,-1.52966,1.06315,-1.22346,-1.46948,0.918856
-1.06831,-1.51719,1.47098,-1.21873,-1.52196,1.20063
-1.10528,-1.33231,1.8518,-1.24057,-1.44413,1.76065
-1.13545,-1.09451,1.63794,-1.23208,-1.21343,1.58171
-1.12661,-0.737974,1.52806,-1.19053,-0.879234,1.45502
-1.12118,-0.436003,1.55973,-1.2418,-0.472809,1.49414
-1.07577,-0.128848,1.38621,-1.16353,-0.158043,1.35898
-1.06647,-0.100466,0.746403,-1.09421,-0.0589139,0.952339
-1.05001,-0.0948443,-0.00285564,-1.09967,-0.0634673,0.263655
-1.04285,-0.0955419,-0.625161,-1.09368,-0.0786896,5.83404
-1.04054,-0.102198,-1.56547,-1.0911,-0.0857784,4.89661
-0.982452,-0.506932,-1.41703,-1.04171,-0.354227,4.77672
-0.93203,-0.88991,-1.44055,-1.00079,-0.845773,4.76603
-0.908091,-1.143,-1.4857,-1.02028,-0.996364,4.71344
-0.881605,-1.38516,-1.45323,-0.994227,-1.2171,4.74662
-0.859312,-1.60955,-1.45717,-0.982982,-1.51286,4.74495
-0.858162,-1.6079,-1.03767,-1.00589,-1.49156,4.88917
-0.850437,-1.61316,-0.585061,-1.00467,-1.41347,5.50943
-0.838243,-1.61656,-0.253789,-1.00022,-1.41972,5.88369
-0.815924,-1.61914,-0.0100777,-0.925048,-1.42383,6.01293
-0.78272,-1.6124,0.312088,-0.905195,-1.53046,0.204182
