-0.198425,1.67169,-0.259692,1.18876,-1.20172,4.74486
0.319521,1.53379,-0.260632,1.26147,-1.49656,3.1917
0.953473,1.36434,-0.261641,-0.66215,0.887492,2.01972
1.47842,1.22354,-0.26234,-0.840908,1.25935,2.01879
1.84273,1.12923,-0.493944,-0.919521,1.41921,2.0276
1.84756,1.12054,-1.63052,-0.642485,-1.52327,2.22308
1.68037,0.585741,-1.89,-0.54922,1.49768,6.04639
1.55912,0.219611,-1.89119,0.02601,1.38708,6.05381
1.43585,-0.151156,-1.89223,0.368734,1.30553,6.05173
1.30986,-0.52893,-1.89308,0.832615,0.997425,5.95515
1.18195,-0.911351,-1.89396,1.14613,0.888252,5.95397
1.1127,-1.11795,-1.89438,1.3296,0.828068,5.95328
1.02502,-1.37914,-1.8949,1.52045,0.762248,5.95311
0.945192,-1.61654,-1.89536,1.67442,0.70093,5.95247
0.875551,-1.83293,-2.02146,1.90966,0.629655,5.96383
0.870968,-1.83738,-2.73083,1.89221,0.623221,5.31741
0.695087,-1.82648,3.04722,1.88584,0.533318,4.50112
0.380959,-1.79686,3.04791,1.81236,0.249659,4.40076
0.0742829,-1.76814,3.0486,1.71978,-0.0630634,4.44593
-0.264833,-1.73663,3.04942,1.6541,-0.38209,4.46192
-0.603983,-1.70541,3.05034,1.58021,-0.739081,4.46307
-0.95813,-1.67317,3.05138,1.51244,-1.17628,4.46425
-1.38465,-1.63483,3.05266,1.42537,-1.48277,4.46587
-1.63909,-1.61223,3.05346,1.38843,-1.70638,4.46619
-1.8305,-1.59688,3.04081,1.33737,-1.87775,4.4801
-1.8373,-1.59265,2.08271,1.3351,-1.8956,3.42911
-1.82123,-1.48546,1.3197,1.26845,-1.89214,2.77151
-1.68476,-1.00842,1.29035,0.93012,-1.72487,2.74269
-1.5487,-0.538417,1.28768,0.487171,-1.48885,2.7275
-1.38997,0.00341544,1.28401,-1.13144,1.05811,0.619069
-1.18302,0.698467,1.27905,-0.66846,1.39994,0.613133
-1.06405,1.09243,1.27621,-0.377988,1.60676,0.609782
-0.941001,1.49565,1.27326,-0.0197314,1.84,0.606966
-0.84264,1.82491,1.05571,0.146032,1.96468,0.604188
-0.838804,1.82807,0.321473,0.164638,1.97163,0.185609
-0.498251,1.83607,-0.0927692,0.284203,1.89769,5.85012
0.212582,1.67468,-0.231371,0.777972,1.49982,5.59998
0.931758,1.50554,-0.230265,1.17996,1.21861,5.5968
1.5903,1.35184,-0.227997,1.81879,0.69026,5.63098
1.8665,1.28863,-0.883019,1.90642,0.646088,5.31612
1.78291,1.11544,-2.09576,1.97663,0.682546,4.27227
1.58851,0.779369,-2.09449,1.629,0.324549,4.02769
1.49086,0.61015,-2.09379,1.4931,0.204946,4.0609
1.38707,0.43001,-2.09301,1.55269,0.129058,4.0617
1.27095,0.228069,-2.09214,1.44625,0.0487555,4.06278
1.12263,-0.0304798,-2.09097,1.27457,-0.182605,4.06374
0.866603,-0.478471,-2.08886,1.05092,-0.479523,4.06556
0.772505,-0.6182,-2.44885,0.807274,-0.665267,3.86091
0.76717,-0.620325,-3.0473,0.783191,-0.711268,3.35596
0.76073,-0.619977,3.04428,0.774385,-0.689404,3.0066
0.520545,-0.613064,-3.14025,0.620563,-0.74386,3.14824
0.243896,-0.584086,2.89338,0.278033,-0.693432,3.00499
0.238277,-0.580732,2.19979,0.258527,-0.681561,2.38274
0.236721,-0.57208,1.2855,0.255144,-0.677315,1.52996
0.241905,-0.565777,0.407868,0.198099,-0.674676,0.560623
0.275299,-0.56471,0.000141361,0.203699,-0.67558,5.90956
0.475236,-0.485596,0.52028,0.417564,-0.590639,0.465967
0.613139,-0.448233,0.0912926,0.612654,-0.565441,0.148063
0.622741,-0.44767,0.324154,0.648103,-0.550619,0.33146
0.620789,-0.447859,0.616946,0.654968,-0.547052,0.591556
0.619132,-0.448653,0.916588,0.668288,-0.538322,0.882163
0.618515,-0.449537,1.10492,0.676095,-0.533504,1.06799
0.617999,-0.450796,1.3478,0.675819,-0.534898,1.30264
0.617848,-0.451936,1.5485,0.675799,-0.541771,1.43219
0.617844,-0.453658,1.81109,0.638591,-0.542061,1.77071
0.617901,-0.454748,1.97692,0.63914,-0.542934,1.9476
0.618019,-0.455809,2.14025,0.639566,-0.539099,2.09891
0.618383,-0.457166,2.36572,0.678631,-0.545254,2.33074
0.619266,-0.457975,2.57677,0.680225,-0.54581,2.54384
0.620038,-0.458427,2.73809,0.681354,-0.545782,2.72075
0.621075,-0.458801,2.93661,0.682464,-0.54604,2.93231
0.546642,-0.447295,3.01633,0.63039,-0.540538,2.97532
0.420004,-0.434263,3.05147,0.481826,-0.509911,2.99018
0.328115,-0.428483,3.09978,0.446199,-0.528301,3.0886
0.250562,-0.421099,3.00281,0.34347,-0.520928,3.02293
0.237824,-0.419542,2.82197,0.240486,-0.505759,2.85449
0.23585,-0.419011,2.61651,0.282826,-0.507298,2.71162
0.234252,-0.417842,2.4163,0.281643,-0.504624,2.50519
0.233016,-0.416501,2.23073,1.3459,1.13687,4.63712
0.231825,-0.414451,1.98713,0.279211,-0.500936,2.14135
0.231151,-0.412041,1.73073,0.278167,-0.498244,1.82304
0.231123,-0.409126,1.42939,1.34121,1.13021,3.71361
0.231047,-0.410739,1.70194,1.34093,1.13003,3.73506
0.231091,-0.412309,1.94182,0.257481,-0.493326,1.90613
0.230591,-0.410792,1.77949,0.236447,-0.494876,1.9168
0.230439,-0.408008,1.49327,0.277758,-0.489648,1.61962
0.230675,-0.405768,1.26052,-0.321853,0.690478,5.33315
0.230351,-0.406824,1.47774,-0.321618,0.690157,5.35186
0.230308,-0.40816,1.68841,-0.322493,0.690962,5.53103
0.230357,-0.409829,1.94336,0.321656,1.47236,4.8161
0.230667,-0.41202,2.28507,0.320588,1.47425,5.23991
0.231225,-0.41286,2.45873,0.31953,1.4756,5.44695
0.232119,-0.413513,2.65731,0.318724,1.47648,5.47198
0.232965,-0.413917,2.82612,1.25547,-1.8465,1.89164
0.230952,-0.413417,2.62177,1.25534,-1.84603,1.87915
0.22881,-0.411743,2.34639,1.2551,-1.84401,1.67033
0.22704,-0.40919,2.02759,1.25587,-1.84092,1.31969
0.226261,-0.406764,1.76613,1.2572,-1.83836,1.07503
0.226151,-0.40384,1.46474,0.850448,0.703722,3.71236
0.226101,-0.404981,1.65558,0.849794,0.703332,3.6743
0.22611,-0.406048,1.81898,0.850887,0.704234,3.8567
0.226221,-0.407687,2.06889,0.726267,0.70527,4.05393
0.226443,-0.408993,2.27453,-0.216675,-0.850429,6.03965
0.123036,-0.36346,2.89431,0.87869,0.626112,5.10796
-0.0455279,-0.267217,2.48539,0.907166,0.41857,4.94919
-0.138002,-0.149782,2.10663,0.894656,0.322238,4.55423
-0.224186,-0.00473938,2.10801,0.0770516,-0.328721,2.80949
-0.198568,-0.0280731,0.13786,0.0507259,-0.307954,1.24428
-0.102888,-0.140351,-1.2442,0.167846,-0.360269,5.84609
-0.0200163,-0.291604,-0.960238,0.311567,-0.418886,5.97331
0.0908882,-0.386937,-0.578841,0.430328,-0.399621,0.396335
0.206497,-0.500961,-0.805725,-0.433551,-0.417401,4.97807
0.204755,-0.499557,-0.406023,-0.479527,-0.34019,3.15607
0.208142,-0.501741,-0.811147,-0.479293,-0.33973,3.05186
0.210419,-0.505867,-1.29838,-0.486511,-0.337148,2.56006
0.21068,-0.509729,-1.69778,-0.488543,-0.333837,2.33856
0.210071,-0.513273,-2.06576,-0.468728,-0.333754,3.50807
0.207577,-0.516239,-2.46429,0.637236,-0.532499,4.69429
0.203485,-0.518116,-2.9319,0.961188,0.837875,5.42934
0.204586,-0.518244,-2.57972,0.628931,-0.537991,3.79887
0.1993,-0.519722,3.13762,0.625785,-0.539237,3.55998
0.194671,-0.519099,2.65713,0.621096,-0.539131,3.16979
0.192025,-0.517087,2.31925,0.617782,-0.538261,2.76711
0.190538,-0.514929,2.05062,0.615762,-0.53642,2.41981
0.189678,-0.512404,1.77668,0.613963,-0.53618,2.31825
0.189569,-0.509095,1.43511,0.612991,-0.532634,1.92854
0.218909,-0.448101,1.03148,0.611905,-0.502083,1.54624
0.296208,-0.338296,0.919822,0.644393,-0.355451,1.33863
0.34798,-0.267628,0.969075,0.648131,-0.274226,1.39625
0.397815,-0.191332,1.00732,0.637941,-0.145659,1.55212
0.455052,-0.142353,1.341,0.626861,-0.0937339,1.74808
0.469425,-0.107473,1.78308,0.618192,-0.0814336,2.13426
0.473479,-0.0900959,2.09224,0.602565,-0.0677334,2.48866
0.472968,-0.090459,2.08335,0.600964,-0.067627,2.4653
0.472896,-0.0905023,2.08307,0.599761,-0.066311,2.43752
0.472527,-0.0906117,2.08353,0.599798,-0.0656015,2.47732
0.471601,-0.0912718,2.07834,0.600954,-0.066527,2.45652
0.575545,-0.232899,2.08057,0.6012,-0.0669461,2.42804
0.650484,-0.00247343,1.00872,0.667625,0.163013,1.27581
0.804758,0.233716,1.01188,0.715146,0.333498,1.29928
0.925968,0.464385,1.19387,0.787782,0.572218,1.35809
0.925417,0.460877,1.76226,0.779556,0.614478,1.91603
0.927224,0.45693,2.43027,0.781955,0.580045,2.41413
0.891594,0.46896,2.63748,0.790983,0.558421,2.99382
0.816343,0.569809,1.76366,0.703528,0.685166,2.10412
0.818888,0.607196,1.44702,0.721864,0.720835,1.54872
0.821027,0.611897,0.870531,0.732,0.735414,1.03245
0.824044,0.614215,0.476758,0.747679,0.695749,0.568887
0.827424,0.615604,0.117212,0.758199,0.695489,0.28812
0.827053,0.615688,0.250393,0.758865,0.695086,0.268997
0.825062,0.614819,0.629496,0.753637,0.695861,0.505556
0.823552,0.613912,0.915208,0.75715,0.691797,0.839706
0.822115,0.612765,1.1958,0.757046,0.691095,1.09596
0.822591,0.622753,1.51672,0.755675,0.69106,1.42627
0.823095,0.737561,1.59096,0.75861,0.800008,1.60141
0.827476,0.845665,1.28692,0.774159,0.916934,1.4194
0.829995,0.849684,0.76726,0.769468,0.917544,0.954399
0.833739,0.851963,0.32277,0.770383,0.926469,0.428219
0.840629,0.853542,0.136444,0.774972,0.926965,0.178371
0.843314,0.853652,-0.13926,0.782173,0.926476,6.126
0.846487,0.8526,-0.480378,0.784519,0.925741,5.91403
0.849064,0.850633,-0.797663,0.78981,0.923319,5.58979
0.851291,0.847175,-1.18423,0.791042,0.939978,5.36507
0.852541,0.842661,-1.62106,0.79049,0.913652,4.85526
0.829266,0.670099,-1.72243,0.794006,0.781251,4.61966
0.822492,0.539066,-1.57174,0.801974,0.692862,4.74589
0.82411,0.450781,-1.54044,0.828372,0.564149,4.81309
0.823407,0.233021,-1.59035,0.818157,0.384526,4.76311
0.822682,0.0198179,-1.5707,0.841542,0.201581,4.78491
0.821229,-0.177322,-1.58417,0.87297,0.000402271,4.77273
0.815542,-0.346306,-1.61638,0.856442,-0.227024,4.735
0.819021,-0.505103,-1.45503,0.867527,-0.396609,4.82278
0.817833,-0.501991,-0.834424,0.884542,-0.411063,5.23851
0.816518,-0.500019,-0.437997,0.86619,-0.40922,5.79632
0.815223,-0.49906,-0.163275,0.841718,-0.41061,5.98225
0.842112,-0.504179,-0.159766,0.864961,-0.412349,6.04653
0.839896,-0.504154,0.221254,0.864423,-0.411581,0.272085
0.838334,-0.504756,0.516091,0.854436,-0.415015,0.580766
0.837237,-0.505365,0.729629,0.849412,-0.422181,0.776363
0.836013,-0.506145,0.958218,0.847501,-0.422286,0.957278
0.834741,-0.507215,1.21396,0.844714,-0.424266,1.2594
0.84003,-0.481634,1.37565,0.844542,-0.426743,1.46403
0.853501,-0.408756,1.39451,0.849905,-0.379088,1.51306
0.876616,-0.290391,1.36788,0.859009,-0.351564,1.50823
0.915512,-0.113861,1.34815,0.896763,-0.159182,1.46997
0.96087,0.113215,1.38245,0.941256,0.032111,1.4038
0.981116,0.3396,1.51276,0.955165,0.321331,1.52169
0.989636,0.496876,1.51889,0.960106,0.439547,1.53372
1.00013,0.682274,1.51278,0.980088,0.606505,1.51521
1.0076,0.892649,1.54432,0.992965,0.797078,1.53553
1.0092,1.21651,1.55011,0.993145,1.02814,1.56304
1.01191,1.22268,0.786335,1.02627,1.11435,1.0128
1.02752,1.22659,0.147403,0.973298,1.1139,3.39565
1.02828,1.22616,0.732888,0.949175,-1.14735,3.90122
1.026,1.22453,1.17009,0.94754,-1.14401,4.31118
1.04094,1.11699,2.20507,0.908367,-1.14112,5.83131
0.923618,1.02817,-2.28591,0.977417,1.10188,4.04111
0.893019,0.86898,-1.54857,0.988393,1.05628,4.71943
0.904516,0.698845,-1.48661,1.01783,0.873456,4.85585
0.922533,0.578263,-1.44153,1.02843,0.761217,4.88298
0.934111,0.366434,-1.54874,1.012,0.55866,4.75748
0.942767,0.176718,-1.51667,1.02783,0.315454,4.7747
0.953976,0.0112237,-1.49767,1.04424,0.155668,4.79055
0.962147,-0.0991603,-1.49677,1.05,0.0384885,4.78936
0.971001,-0.210443,-1.48875,1.06178,-0.132885,4.79419
0.9883,-0.401779,-1.47821,1.07792,-0.291845,4.80515
0.996684,-0.492001,-0.895184,1.1429,-0.411975,5.17038
0.994464,-0.488988,-0.266075,1.14142,-0.398437,5.8996
0.991086,-0.488915,0.325364,1.16622,-0.397189,0.291647
0.987773,-0.490758,0.963379,1.13671,-0.399442,0.782721
0.985952,-0.493884,1.56258,1.13053,-0.400617,1.58551
0.984352,-0.322312,1.56637,1.11532,-0.302387,1.72031
0.994011,-0.218277,1.41171,1.10333,-0.196444,1.6619
1.01261,-0.131501,1.31122,1.12303,-0.139951,1.46488
1.04159,-0.007513,1.35922,1.134,0.00576778,1.50075
1.05826,0.0739721,1.37631,1.13796,0.102213,1.51876
1.07559,0.16259,1.37856,1.14649,0.186918,1.51563
1.08972,0.23647,1.38476,1.14773,0.257636,1.52935
1.11008,0.342957,1.37945,1.15338,0.35858,1.52542
1.13779,0.48479,1.37735,1.17351,0.454617,1.52272
1.16299,0.619839,1.39144,1.18673,0.563242,1.53462
1.19354,0.79777,1.40517,1.17564,0.835678,1.56156
1.22973,0.981155,1.36359,1.19116,1.03423,1.5251
1.2791,1.22399,1.37322,1.20643,1.2564,1.53048
1.29289,1.29443,1.02368,1.24326,1.42955,1.27679
1.29513,1.29688,0.670691,1.24967,1.43537,0.918336
1.29853,1.29871,0.28366,1.2601,1.43829,0.493101
1.3039,1.29942,-0.12276,1.27254,1.46624,0.167524
1.30759,1.29815,-0.521771,1.27776,1.47339,5.89881
1.31079,1.29518,-0.945224,1.29499,1.46201,5.52104
1.31289,1.29072,-1.40057,1.44214,1.43235,4.97462
1.30771,1.18166,-1.69248,1.50516,-0.339553,3.60761
1.32168,1.07018,-1.24554,1.42257,-0.408229,3.91882
1.32013,1.07311,-0.625885,1.42125,-0.442714,4.38833
1.31786,1.07505,-0.110879,1.42231,-0.43986,5.00163
1.31533,1.07487,0.324745,1.41808,-0.439341,5.40064
1.31407,1.07427,0.572656,1.41676,-0.43816,5.69204
1.3124,1.07329,0.890643,1.40424,-0.438482,5.88422
1.31088,1.07254,1.27713,1.41442,-0.451419,0.81286
1.31055,1.06996,1.68676,1.4069,-0.434722,0.488689
1.31135,1.06737,2.1111,1.37823,-0.438885,0.949515
1.27351,1.08748,2.64166,1.36426,-0.421608,1.46235
1.11146,1.16326,2.72647,1.39962,-0.289778,1.54975
1.00014,1.21161,2.73512,1.41208,-0.0979572,1.56536
0.840658,1.28021,2.73565,1.41234,0.0204026,1.56598
0.612952,1.37815,2.73581,1.41298,0.288926,1.56382
0.393398,1.47221,2.73791,1.4143,0.501926,1.56958
0.102804,1.5983,2.73009,1.4158,0.733828,1.56284
-0.203563,1.73172,2.73095,1.46636,0.922555,1.55163
-0.510393,1.83285,2.84355,-0.241885,1.71757,2.48769
-0.434598,1.90788,0.577848,-0.132531,1.82215,0.763095
-0.253953,1.91089,0.00496365,0.037474,1.79482,6.12381
0.026645,1.90426,-0.032689,0.23448,1.73422,5.99532
0.193541,1.90405,0.0282023,0.459016,1.70529,6.06828
0.37894,1.90995,0.0391685,0.624839,1.67713,6.1146
0.551655,1.91101,0.000187375,0.786438,1.65397,6.06684
0.754284,1.91105,0.0010205,1.01312,1.61702,6.09207
0.949318,1.90798,-0.0252069,1.13822,1.63391,6.11989
1.11656,1.88288,-0.165047,1.27363,1.61356,5.97493
1.18836,1.86935,-0.610058,1.35357,1.54866,5.72581
1.19155,1.86564,-1.07948,1.35343,1.55081,5.2384
1.19572,1.83475,-1.47441,1.40207,1.55126,4.83335
1.20282,1.68545,-1.54634,1.30108,1.44566,4.57405
1.22966,1.53472,-1.32017,1.30933,1.31243,4.72052
1.26373,1.43148,-1.21678,1.34854,1.18396,4.91905
1.29597,1.32829,-1.30606,1.3545,1.08275,4.72313
1.33819,1.20003,-1.22456,1.38413,0.96702,4.86815
1.38842,1.03811,-1.29082,1.4049,0.795396,4.78191
1.41937,0.934066,-1.27657,1.41264,0.676267,4.76647
1.45051,0.837592,-1.24728,1.40407,0.638592,4.85517
1.48296,0.732498,-1.28677,1.41724,0.536538,4.82364
1.51245,0.627772,-1.30242,1.42716,0.426493,4.80372
1.54389,0.514352,-1.29927,1.43656,0.31735,4.80361
1.59293,0.341095,-1.29435,1.45001,0.154665,4.80394
1.64497,0.162451,-1.28589,1.47433,-0.113153,4.80967
1.69316,0.00262941,-1.27483,1.49146,-0.269513,4.82006
1.72712,-0.106906,-1.1413,1.51424,-0.409227,4.82963
1.72561,-0.104215,-0.585068,1.51803,-0.394385,5.47426
1.72271,-0.10243,0.0214194,1.52826,-0.373625,6.04868
1.75633,-0.111204,0.026026,1.56392,-0.383775,6.06692
1.75376,-0.111841,0.491578,1.55034,-0.389973,0.392355
1.75106,-0.113478,1.00816,1.60923,-0.183067,0.933148
1.75467,-0.0131163,1.57428,1.60621,-0.184609,1.42393
1.71501,0.334957,1.7047,1.58144,0.176994,1.64
1.69982,0.555548,1.61335,1.56836,0.407836,1.58274
1.70022,0.760627,1.5516,1.59405,0.600572,1.49738
1.69796,0.969981,1.59235,1.63704,0.820562,1.51218
1.69115,1.08572,1.6504,1.64184,0.934102,1.55634
1.68002,1.20237,1.67515,1.64782,1.05313,1.56738
1.65544,1.39924,1.70253,1.66699,1.12468,1.58379
1.61505,1.63822,1.74915,1.64972,1.34258,1.62943
1.5822,1.83116,1.40756,1.6904,1.64413,1.52191
1.5837,1.83478,0.971083,1.69219,1.69795,0.971452
1.58728,1.83782,0.479812,1.66409,1.78012,0.514009
1.59264,1.83937,-0.0827948,1.67177,1.78783,5.84046
1.59977,1.83528,-0.922443,1.6656,1.78374,5.3687
1.60733,1.77276,-1.51664,1.66736,1.81939,4.87071
1.5878,1.48853,-1.67156,1.6108,1.54311,4.63922
1.58145,1.27821,-1.57751,1.621,1.3347,4.71431
1.58523,1.07324,-1.54449,1.62705,1.18217,4.73802
1.59153,0.88223,-1.5362,1.68614,1.04872,4.75982
1.59372,0.647534,-1.57095,1.63873,0.736289,4.68724
1.6034,0.442029,-1.50837,1.62433,0.337795,4.66372
1.62881,0.259666,-1.40554,1.60664,0.103727,4.69896
1.66829,0.0878638,-1.32214,1.64328,-0.106699,4.80665
1.73549,-0.22124,-1.36791,1.76741,-0.363553,4.81216
1.76095,-0.449938,-1.49522,1.8193,-0.517287,4.76432
1.7593,-0.630743,-1.62026,1.85418,-0.612009,4.68359
1.74063,-0.810989,-1.69896,1.84707,-0.79012,4.6015
1.71599,-0.9965,-1.70561,1.84077,-0.951797,4.6234
1.68599,-1.17648,-1.75,1.82458,-1.02181,4.57178
1.6549,-1.36294,-1.73084,1.78797,-1.29433,4.56983
1.62621,-1.57207,-1.69785,1.75773,-1.52072,4.60255
1.62203,-1.60037,-2.11054,1.71,-1.62136,4.30839
1.61837,-1.60389,-2.61239,1.71057,-1.60916,3.72899
1.61424,-1.60563,-3.05329,1.67225,-1.62486,3.32071
1.61216,-1.60627,3.03044,1.66942,-1.64794,2.99472
1.50646,-1.60481,-3.08335,1.56476,-1.66144,3.16197
1.35465,-1.62277,-2.99641,1.44535,-1.68792,3.26071
1.21186,-1.64045,-3.03116,1.27271,-1.70031,3.23014
1.04117,-1.65928,-3.03229,1.1228,-1.7011,3.18058
0.90491,-1.683,-3.02123,0.905552,-1.73798,3.29075
0.900744,-1.6829,2.80341,0.83476,-1.75363,2.97915
0.896547,-1.67975,2.22283,0.835952,-1.76144,2.26342
0.894801,-1.67639,1.81961,0.829474,-1.75101,1.89451
0.89473,-1.66835,1.16808,0.810442,-1.7376,1.38262
0.89801,-1.66443,0.617692,0.775195,-1.71653,0.674517
0.994598,-1.65655,0.0365313,0.793532,-1.71855,5.98691
1.1404,-1.61612,0.391811,0.943686,-1.65361,0.29344
1.28608,-1.57649,0.174378,1.10455,-1.63497,0.153649
1.43025,-1.56741,0.00364219,1.24637,-1.64002,6.1512
1.56798,-1.55468,0.140247,1.38014,-1.63581,0.144853
1.61674,-1.55018,0.53523,1.46924,-1.61853,0.339222
1.61464,-1.55143,0.935076,1.53313,-1.6013,0.858701
1.61297,-1.55316,1.31491,1.46269,-1.63811,1.14673
1.61276,-1.55595,1.75427,1.4632,-1.65499,1.71397
1.6135,-1.55807,2.10417,1.46333,-1.69551,1.83932
1.61553,-1.56128,2.66032,1.46542,-1.69714,2.4541
1.59374,-1.56231,-3.13165,1.469,-1.697,2.99724
1.44271,-1.55464,3.05727,1.46294,-1.60473,3.09035
1.27886,-1.53472,3.00166,1.33508,-1.59081,3.02163
1.16449,-1.51959,3.01567,1.20417,-1.57498,3.0264
1.05689,-1.50686,3.02946,1.11217,-1.56506,3.03789
0.932145,-1.49358,2.98148,0.950138,-1.55049,3.04674
0.929274,-1.49257,2.64595,0.926373,-1.53825,2.77372
0.926561,-1.49026,2.25533,0.925019,-1.53608,2.34774
0.924984,-1.48748,1.9145,0.929105,-1.53424,1.96196
0.923886,-1.48435,1.56684,0.929515,-1.53181,1.49172
0.924177,-1.48212,1.31014,0.920145,-1.52764,1.4407
0.924901,-1.4803,1.09324,0.921126,-1.52388,1.16836
0.926766,-1.47789,0.765656,0.92286,-1.5213,0.797569
0.929133,-1.47626,0.472005,0.925765,-1.52234,0.535794
1.00442,-1.46998,0.0625809,0.93955,-1.52239,0.126156
1.16278,-1.45929,0.0699104,1.11823,-1.52392,6.0214
1.39419,-1.35079,0.551482,1.27441,-1.41253,0.539367
1.5564,-1.31428,0.212143,1.55477,-1.37736,0.258101
1.55392,-1.3154,0.690775,1.55235,-1.38505,0.656165
1.55144,-1.31714,1.16509,1.49028,-1.41469,1.01854
1.55078,-1.32098,1.79307,1.35355,-1.42704,1.64549
1.55242,-1.32451,2.39401,1.50055,-1.40613,2.2578
1.55424,-1.32689,2.81531,1.56127,-1.33443,2.73094
1.46402,-1.32653,-3.09559,1.61357,-1.33344,3.07132
1.1967,-1.35244,-3.03329,1.33343,-1.36666,3.22825
0.942284,-1.34975,3.0922,1.08893,-1.3747,3.11404
0.630167,-1.31036,2.95964,0.787977,-1.3446,3.02011
0.624534,-1.30675,2.21099,1.02993,-1.30244,2.39929
0.621262,-1.29734,1.80429,0.363394,0.760792,4.57451
0.460819,-1.05155,2.1921,0.4102,0.513405,4.90023
0.282465,-0.769153,2.11878,0.574558,0.0586535,4.94961
0.179438,-0.488294,1.87406,0.387479,-0.119633,2.77663
0.0418772,-0.521593,-2.53926,0.377018,-0.298761,4.5962
-0.152389,-0.767099,-2.17849,0.449085,-0.532461,4.98445
-0.277047,-0.937308,-2.2247,0.597543,-0.653754,5.17071
-0.415211,-1.03217,-2.69304,0.289829,-0.77715,4.34884
-0.491647,-1.15561,-1.85735,-0.199257,-1.09412,4.43834
-0.4272,-1.22252,-0.363144,-0.224239,-1.18993,5.74485
-0.243449,-1.21302,0.193466,-0.102206,-1.20232,0.16621
-0.0486066,-1.17885,0.126702,0.0588272,-1.16702,0.149014
0.26548,-1.18915,-0.0861129,0.300985,-1.1988,6.17035
0.570945,-1.18754,0.0233021,0.591655,-1.19199,1.00878
0.708221,-1.28284,-0.891973,0.659593,-1.31426,5.48279
0.863944,-1.3496,-0.1784,0.786119,-1.34454,6.02641
1.0255,-1.329,0.242296,0.943597,-1.31299,0.28293
1.22721,-1.29557,0.122008,1.12921,-1.28789,0.214008
1.40724,-1.28349,0.0404905,1.34202,-1.25886,0.138637
1.49753,-1.27894,0.202729,1.50489,-1.24493,0.137066
1.49537,-1.27985,0.616719,1.41001,-1.30601,0.503454
1.49221,-1.28211,1.23009,1.40813,-1.33843,0.999874
1.52373,-1.17447,1.15285,1.42884,-1.3072,1.15168
1.52299,-1.17816,1.76615,1.42681,-1.23425,1.40797
1.5242,-1.18104,2.26059,1.4259,-1.24684,2.16671
1.52558,-1.18316,2.62328,1.42861,-1.23762,2.49225
1.52728,-1.18453,2.94799,1.43005,-1.24729,2.7663
1.46339,-1.18651,-3.09126,1.41635,-1.24722,3.00964
1.32605,-1.19392,-3.08737,1.22647,-1.25359,3.16303
1.15251,-1.18075,3.00864,1.08121,-1.23428,2.97983
0.937687,-1.15065,3.00091,0.872685,-1.18844,2.91917
0.673111,-1.12981,3.08161,0.667407,-1.18501,3.02433
0.561686,-1.11468,2.68736,0.598575,-1.12468,2.76763
0.558538,-1.11197,2.17468,0.620928,-1.11243,2.22155
0.55662,-1.10808,1.71169,0.619303,-1.09085,1.70017
0.508549,-1.06448,2.65936,0.45474,-1.06208,2.57939
0.50505,-1.06112,2.12621,0.528519,-1.04044,2.22493
0.503069,-1.05629,1.57586,0.401404,-1.03242,1.63056
0.504148,-1.05205,1.07974,0.529238,-1.02661,1.14262
0.506721,-1.0491,0.661839,0.407558,-1.01771,0.73322
0.510523,-1.04714,0.234592,0.552525,-1.02759,0.293072
0.647547,-1.03915,0.0120456,0.501807,-1.02272,0.293299
0.83197,-1.07438,-0.270948,0.674116,-1.07438,6.00725
0.993618,-1.08433,0.0410824,0.817085,-1.07774,6.08286
1.19129,-1.03311,0.33177,1.02766,-1.08002,0.201522
1.38315,-0.976515,0.262321,1.25397,-1.05116,0.199082
1.54882,-0.942216,0.173984,1.40751,-0.997842,0.16051
1.57099,-0.939276,0.539531,1.51866,-0.984512,0.222323
1.56866,-0.940681,0.981583,1.52222,-0.951713,0.777845
1.56706,-0.942932,1.43335,1.52747,-0.953902,1.14785
1.56705,-0.945212,1.78337,1.48834,-0.954549,1.56909
1.56766,-0.946957,2.0712,1.53013,-0.956133,1.89532
1.56921,-0.949565,2.52335,1.59883,-0.947694,2.36354
1.57115,-0.951479,2.9199,1.69673,-0.933754,2.81716
1.50017,-0.950514,-3.10444,1.68593,-0.933296,3.17718
1.27503,-0.952696,3.13476,1.5083,-0.945687,3.2303
1.11542,-0.937116,3.00415,1.25575,-0.936829,3.11092
0.950401,-0.912985,2.99321,1.07917,-0.909497,3.05507
0.710262,-0.88942,3.06252,0.852345,-0.899386,3.16688
0.480219,-0.866621,3.03641,0.729702,-0.958161,3.14291
0.340024,-0.837221,2.87317,0.580124,-0.936037,2.99426
0.323265,-0.832021,2.51195,0.52137,-0.877933,2.69677
0.320864,-0.829323,2.11874,0.526621,-0.912189,2.30962
0.319297,-0.825829,1.7155,0.537396,-0.913525,1.91208
0.319034,-0.822935,1.39128,0.53714,-0.922979,1.53123
0.319866,-0.820531,1.10711,0.537665,-0.934872,1.33447
0.321622,-0.818162,0.789598,0.539189,-0.930424,0.994532
0.32478,-0.816071,0.403008,0.541759,-0.93108,0.721061
0.32847,-0.814823,0.0185935,0.545903,-0.927779,0.308999
0.429039,-0.831221,-0.183467,0.579025,-0.930008,0.112365
0.644822,-0.868834,-0.167865,0.729635,-0.934348,3.0842
0.555723,-0.8979,-2.7221,0.630631,-1.02323,4.21002
0.580734,-0.974697,-0.861372,0.654018,-1.09355,4.9262
0.772674,-0.895036,0.655485,0.806517,-1.02477,0.727134
1.04586,-0.780016,0.323682,0.88807,-0.808073,0.57234
1.17803,-0.774861,-0.139873,0.7623,1.37903,1.48274
1.14206,-0.825185,-2.34635,0.786022,1.3802,5.73244
1.02717,-0.873725,-2.92238,0.784598,1.29385,4.63706
0.903467,-0.931579,-2.57705,0.965071,1.3206,5.83292
0.762531,-0.947287,3.00211,1.03247,1.20981,5.21758
0.606722,-0.894511,2.74758,1.06579,1.04544,4.90777
0.443768,-0.8373,2.83221,1.08091,0.919305,4.8824
0.255222,-0.797857,2.97145,1.14982,0.725522,5.04528
0.107033,-0.770026,2.94759,1.18723,0.591855,5.04738
-0.0335645,-0.740154,2.92452,1.26632,0.517091,5.04674
-0.224936,-0.688847,2.8613,1.28468,0.351147,4.97169
-0.384918,-0.646983,2.89733,1.3883,0.207692,5.0565
-0.541382,-0.597785,2.80318,1.43696,0.0371869,4.97106
-0.705147,-0.536647,2.77536,1.44228,-0.164968,4.90343
-0.883567,-0.481598,2.8732,-1.0811,-0.225934,2.77843
-0.820123,-0.495653,0.806461,-1.06548,-0.23696,1.55325
-0.694846,-0.564064,-0.877805,1.06959,0.23571,1.91674
-0.7208,-0.517722,-2.67767,1.08015,0.277633,0.78325
-0.78215,-0.444288,1.83017,1.08749,0.230791,4.77763
-0.82962,-0.323057,2.028,1.04232,0.128243,4.41001
-0.97458,-0.23521,2.81485,1.21097,0.0308782,5.53782
-1.16253,-0.114448,2.47695,1.3488,-0.157472,5.33374
-1.29162,0.0172948,2.28776,1.37732,-0.284187,5.11171
-1.39306,0.126083,2.34335,-1.4778,0.386504,2.1471
-1.35027,0.167692,0.360856,-1.40407,0.450932,0.686558
-1.24327,0.14224,-0.546305,-1.3427,0.4165,5.8796
-1.16157,0.0903729,-0.563067,-1.24524,0.311057,5.45246
-1.0712,0.0568283,-0.208767,-1.16481,0.285998,5.83016
-0.942633,0.0372649,-0.123785,-1.06738,0.207442,5.9637
-0.804162,0.0171704,-0.157286,-0.929211,0.157802,5.95351
-0.645579,-0.0107157,-0.182968,-0.820745,0.133817,5.93599
-0.532978,-0.0325026,-0.196405,-0.511806,0.02038,5.96433
-0.431668,-0.0550605,-0.234935,0.0904372,1.39654,0.394113
-0.384807,-0.0869449,-0.98839,0.172837,1.39516,3.18703
-0.369587,-0.105208,-0.234073,-0.397165,0.278544,3.01578
-0.401424,-0.113013,0.510183,-0.38875,0.284056,3.20195
-0.428926,-0.147144,1.53842,-0.364251,0.32345,4.124
-0.447104,-0.134808,2.70477,-0.375354,0.318,5.11939
-0.504278,-0.12743,-3.07969,-0.320895,0.31344,6.05003
-0.594392,-0.136064,-3.12897,-0.267307,0.306422,6.10796
-0.715889,-0.118517,2.88896,-0.172539,0.258653,5.8705
-0.845655,-0.0758937,2.78815,-0.029727,0.181889,5.73919
-0.979627,-0.0274474,2.7993,0.493145,-0.630508,4.73459
-1.07223,-0.0703934,-2.31955,0.559648,-0.688695,5.47449
-1.1067,-0.172093,-1.67877,0.634937,-0.681907,2.44025
-1.11583,-0.182381,-2.88744,0.68638,-0.864202,5.83353
-1.22451,-0.222815,-2.64272,0.709716,-0.898268,5.03011
-1.25162,-0.327429,-1.44951,-0.108674,-0.177763,2.49054
-1.28988,-0.305535,2.77975,-0.153838,-0.273957,1.61021
-1.27786,-0.168691,1.0899,-0.225919,-0.268419,4.78449
-1.30437,-0.0306136,2.03341,-0.136118,-0.297108,5.8223
-1.42652,0.13499,2.25369,0.0467286,-0.286525,0.384059
-1.48318,0.327127,1.69636,0.182179,-1.25476,3.82633
-1.50644,0.268715,-2.27491,0.199471,-1.28319,5.38517
-1.50204,0.158788,-1.21277,0.238829,-1.24104,0.55569
-1.4616,0.015637,-1.36612,0.441896,-1.21557,0.619274
-1.45382,-0.159462,-1.60649,0.56229,-1.11329,0.345204
-1.46981,-0.361575,-1.66694,0.866841,-1.06198,0.152744
-1.45888,-0.588369,-1.4773,1.11222,-0.982466,0.31555
-1.43056,-0.826932,-1.44637,1.30956,-0.906539,0.377667
-1.41678,-0.966705,-1.25353,1.45313,-0.870686,0.411103
-1.41771,-0.964769,-0.852966,1.45126,-0.87256,0.834188
-1.41947,-0.962157,-0.305793,1.43537,-0.846834,1.40513
-1.37679,-0.991183,-0.534079,1.45334,-0.79431,1.20906
-1.3792,-0.98964,-0.0287791,1.45217,-0.795932,1.73909
-1.3817,-0.990063,0.409406,1.44901,-0.797337,2.0796
-1.38412,-0.991411,0.876095,-1.47211,-0.684806,0.48068
-1.38636,-0.994537,1.51412,-1.47341,-0.688131,1.26012
-1.38492,-0.999453,2.31365,-1.47096,-0.692821,1.988
-1.38165,-1.00272,3.0082,-1.46699,-0.694266,2.77054
-1.31402,-1.01881,2.04484,-1.4186,-0.713018,2.7184
-1.21546,-1.0828,-0.732173,-1.41487,-0.709577,5.7339
-1.10435,-1.14886,-0.399603,-1.30277,-0.810104,5.60627
-0.80575,-1.09156,0.305333,-1.07772,-0.779526,0.174792
-0.530626,-1.02349,0.215597,-0.715569,-0.754588,0.0866259
-0.350507,-0.989944,0.169463,-0.506818,-0.73318,0.0868442
-0.264655,-0.977495,0.124138,-0.426991,-0.731129,3.13264
-0.323436,-0.978928,-0.0380934,-0.4021,-0.733393,6.1964
-0.27319,-0.983054,-0.0424319,-0.397227,-0.748728,6.02492
-0.20487,-0.977701,0.178999,-0.326692,-0.750842,6.17153
-0.120783,-0.955123,0.31938,-0.238635,-0.735402,0.162122
0.0339531,-0.913573,0.224252,-0.136106,-0.709727,0.129486
0.160688,-0.893801,0.116933,-0.047132,-0.711024,0.0432682
0.305762,-0.878627,0.0972983,0.103625,-0.730902,6.20795
0.513692,-0.839232,0.226374,0.196142,-0.726586,0.0641095
0.716417,-0.792795,0.224013,0.46257,-0.709734,0.0827069
0.839771,-0.765891,0.385081,0.53363,-0.765508,0.0654961
0.837287,-0.767267,0.866712,0.652988,-0.663039,0.505798
0.835126,-0.769669,1.38807,0.655063,-0.65675,1.10176
0.835766,-0.774125,2.10037,0.655339,-0.6776,1.78057
0.838674,-0.778292,2.83977,0.551409,-0.69289,2.5465
0.859857,-0.777546,-3.12655,0.709627,-0.692443,3.00638
0.706092,-0.780273,-3.08449,0.714214,-0.691366,3.03977
0.579773,-0.796607,-2.97779,0.515048,-0.708036,3.23405
0.418078,-0.806763,3.05297,0.384326,-0.703588,3.11781
0.413705,-0.805129,2.53498,0.356007,-0.691545,2.57154
0.411172,-0.802372,2.12683,0.373269,-0.693228,2.28649
0.409935,-0.799784,1.82368,0.390178,-0.692454,1.86974
0.381657,-0.754498,2.25491,0.440973,-0.656534,2.25305
0.379327,-0.749798,1.69749,0.441113,-0.643183,1.93296
0.379175,-0.746802,1.36086,0.443527,-0.641675,1.52889
0.380305,-0.74404,1.02916,0.443177,-0.640288,1.18099
0.383275,-0.741052,0.583398,0.445625,-0.643864,0.803467
0.387519,-0.739163,0.123423,0.451168,-0.646323,0.27195
0.517053,-0.734233,0.0322316,0.527298,-0.638708,0.167886
0.516342,-0.73434,0.467686,0.562289,-0.62261,0.350838
0.514673,-0.735265,0.790443,0.497347,-0.639094,0.731124
0.512499,-0.736916,1.21257,0.495947,-0.640883,1.11802
0.537511,-0.684546,0.901604,0.507201,-0.610245,1.12335
0.648332,-0.629865,0.232513,0.650768,-0.567796,0.308294
0.646755,-0.630522,0.53484,0.640454,-0.58541,0.534088
0.644911,-0.631593,0.887555,0.734142,-0.527336,1.1029
0.643308,-0.632863,1.20049,0.733773,-0.529068,1.33868
0.642711,-0.635201,1.59014,0.602507,-0.597321,1.70139
0.643104,-0.637547,1.95492,0.603046,-0.599936,2.03533
0.644029,-0.639339,2.26791,0.603213,-0.59985,2.2232
0.645185,-0.641153,2.57824,0.605416,-0.601363,2.57012
0.646816,-0.642717,2.90536,0.60649,-0.603949,2.89296
0.541585,-0.622605,2.93017,0.53256,-0.5797,2.90348
0.413297,-0.592776,2.90263,0.424655,-0.542566,2.70691
0.336056,-0.581674,2.95535,0.32723,-0.535397,2.93654
0.333274,-0.580626,2.62747,0.33313,-0.534596,2.59344
0.330878,-0.578605,2.28441,0.330562,-0.532228,2.28452
0.329604,-0.576622,2.03141,0.329625,-0.530315,2.15399
0.328449,-0.573925,1.72335,0.328602,-0.52733,1.79555
0.320319,-0.546689,1.63324,0.323651,-0.500409,1.72092
0.32066,-0.543223,1.23529,0.321031,-0.496026,1.39364
0.322578,-0.54007,0.830555,0.323676,-0.488964,0.928156
0.324795,-0.538329,0.537016,0.325283,-0.491898,0.671403
0.32849,-0.536729,0.13722,0.332907,-0.493873,0.231296
0.470493,-0.51972,0.141551,0.460252,-0.490449,0.173491
0.611178,-0.481808,0.487449,0.602767,-0.421619,0.372885
0.60857,-0.483371,0.98609,0.590806,-0.4119,1.05486
0.607184,-0.484824,1.30132,0.577991,-0.41432,1.35382
0.6333,-0.36091,1.37114,0.598837,-0.317423,1.36929
0.662255,-0.200154,1.40356,0.659475,-0.205254,1.50487
0.694344,-0.0475684,1.34222,0.681436,-0.0769215,1.44787
0.740382,0.15087,1.34389,0.687683,0.129294,1.42879
0.77528,0.298386,1.33594,0.720165,0.298633,1.40224
0.813593,0.476716,1.37002,0.755027,0.524277,1.43889
0.82618,0.538689,1.74075,0.784135,0.513871,1.51798
0.828211,0.534294,2.48317,0.797561,0.510481,2.1666
0.832384,0.53198,-3.03191,0.802459,0.509578,2.94085
0.688002,0.594655,2.50997,0.695979,0.572655,2.60871
0.685022,0.598346,2.1039,0.670035,0.627162,2.23078
0.683317,0.602321,1.6488,0.677883,0.611386,1.84608
0.679023,0.691804,1.59175,0.673044,0.696736,1.65406
0.679408,0.694655,1.26519,0.676527,0.7138,1.38549
0.68105,0.697622,0.893173,0.678666,0.71624,1.06464
0.683673,0.699819,0.53719,0.683225,0.717171,0.664265
0.686684,0.701189,0.21034,0.687004,0.71451,0.344077
0.687431,0.701611,0.204823,0.689332,0.713593,0.168412
0.686085,0.701179,0.452302,0.687929,0.712826,0.428962
0.684142,0.700096,0.827194,0.68619,0.712569,0.825086
0.682223,0.698626,1.1997,0.685331,0.710184,1.17381
0.689857,0.7459,1.39426,0.684313,0.712313,1.48544
0.749342,0.935111,1.21128,0.727936,0.890869,1.27567
0.752977,0.942584,0.866691,0.76616,0.931596,0.953947
0.75541,0.944576,0.54073,0.767575,0.933663,0.667587
0.759244,0.946229,0.128487,0.769452,0.942717,0.248899
0.76264,0.946196,-0.222384,0.775364,0.934968,6.13688
0.766045,0.944669,-0.598985,0.777109,0.931882,5.85655
0.769061,0.941381,-1.02786,0.767027,0.97053,5.45867
0.77067,0.937703,-1.39704,0.765296,0.979114,5.09999
0.767029,0.892116,-1.67507,0.765557,0.951088,4.76781
0.751115,0.722935,-1.65648,0.792701,0.764881,4.77854
0.737604,0.555434,-1.64898,0.7635,0.655471,4.72045
0.734371,0.43751,-1.56779,0.774218,0.528377,4.78643
0.739084,0.258714,-1.53647,0.778187,0.348835,4.83352
0.744666,0.0957912,-1.53736,0.799,0.128204,4.82194
0.751403,-0.0457583,-1.51691,0.81317,0.0151873,4.84027
0.756008,-0.128118,-1.51359,0.838112,-0.0460157,4.87096
0.758624,-0.205901,-1.55899,0.846546,-0.170356,4.82935
0.759501,-0.326696,-1.56577,0.850789,-0.290615,4.80018
0.763352,-0.42293,-1.49245,0.859421,-0.38199,4.84374
0.763062,-0.42112,-1.17115,0.856615,-0.393823,5.04751
0.762636,-0.420286,-0.985215,0.847643,-0.378625,5.27321
0.762137,-0.419314,-0.774002,0.839316,-0.375243,5.47627
0.76158,-0.418431,-0.597661,0.837022,-0.364096,5.67335
0.760807,-0.41742,-0.391855,0.836615,-0.371082,5.88254
0.75999,-0.416768,-0.194898,0.833779,-0.370586,6.03879
0.824448,-0.457439,-0.770564,0.868721,-0.388708,5.66611
0.823722,-0.456323,-0.545798,0.889241,-0.405836,5.78527
0.82295,-0.455357,-0.347214,0.884014,-0.392388,5.99737
0.821792,-0.454783,-0.122116,0.88381,-0.403221,6.05869
0.820736,-0.454705,0.0584997,0.882487,-0.404821,0.18826
0.819522,-0.45486,0.266419,0.899183,-0.455548,0.227052
0.818487,-0.455272,0.464654,0.913462,-0.456012,0.430287
0.817512,-0.455794,0.655705,0.930173,-0.383594,0.723469
0.816582,-0.456338,0.832118,0.917278,-0.457421,0.835699
0.815299,-0.457247,1.0756,0.93886,-0.412584,1.14273
0.819229,-0.440345,1.3275,0.955315,-0.461146,1.52579
0.870684,-0.212181,1.35404,0.92622,-0.360508,1.4057
0.888324,-0.103486,1.44801,0.941324,-0.164776,1.48079
0.897381,-0.00993353,1.49377,0.946089,-0.0695372,1.52984
0.908457,0.141149,1.49927,0.95282,0.0529151,1.5334
0.92002,0.305308,1.5016,0.969149,0.231528,1.53518
0.933767,0.526601,1.51214,0.990149,0.394886,1.5344
0.942478,0.765064,1.54185,0.99872,0.661893,1.57279
0.950917,1.04494,1.54121,1.00937,0.961434,1.54295
0.949304,1.20893,1.14267,1.06507,1.14292,1.3314
0.953275,1.21313,0.524306,1.07469,1.14451,0.657024
0.957714,1.21491,0.0518144,1.08198,1.14262,0.203318
0.962938,1.21367,-0.502315,1.08605,1.14258,5.76918
0.966763,1.20989,-1.02424,1.09018,1.13593,5.26317
0.970051,1.18752,-1.45879,1.09061,1.13037,4.83214
0.973903,0.993569,-1.58641,1.08054,0.997566,4.59013
0.98236,0.854939,-1.46907,1.08259,0.835846,4.70599
0.999507,0.707167,-1.45025,1.08055,0.719227,4.72835
1.01453,0.583288,-1.45095,1.05865,0.645066,4.68251
1.04308,0.406984,-1.39281,1.11325,0.518691,4.83475
1.05596,0.296644,-1.50021,1.12542,0.365117,4.73297
1.06135,0.16558,-1.54708,1.12689,0.263695,4.68871
1.06448,0.00255692,-1.55468,1.14516,0.120886,4.68865
1.06187,-0.201796,-1.59675,1.14723,-0.0379434,4.66038
1.04492,-0.52346,-1.63312,1.11792,-0.396221,4.62877
1.04462,-0.528942,-1.26021,1.13641,-0.46013,4.91172
1.0429,-0.525715,-0.583702,1.11516,-0.483841,5.52473
1.04035,-0.523924,-0.0341645,1.11147,-0.501711,5.97408
1.03759,-0.524448,0.453604,1.11194,-0.436573,0.312503
1.03456,-0.526285,1.03469,1.10605,-0.454125,0.908829
1.03318,-0.528577,1.47407,1.09149,-0.483139,1.4331
1.03771,-0.359013,1.56546,1.08896,-0.377223,1.64086
1.07463,-0.049308,1.42719,1.13229,-0.0737781,1.45195
1.08935,0.0929412,1.49061,1.15154,0.0855122,1.50406
1.09857,0.238975,1.51683,1.16021,0.237167,1.53811
1.10654,0.378268,1.51227,1.1685,0.342776,1.52794
1.11274,0.493449,1.52027,1.15704,0.432643,1.53273
1.12363,0.683873,1.51137,1.16687,0.600316,1.52476
1.13827,0.932312,1.51309,1.18465,0.839831,1.52499
1.1526,1.22593,1.52569,1.19892,1.0576,1.54276
1.1629,1.4816,1.53329,1.21821,1.35175,1.55173
1.16509,1.4941,0.860432,1.25742,1.43026,1.02049
1.16959,1.49707,0.308177,1.27068,1.43917,0.511235
1.17554,1.49747,-0.311132,1.28341,1.46786,5.96729
1.18137,1.49245,-1.07441,1.31186,1.47775,5.30134
1.18206,1.40827,-1.63554,1.31857,1.43022,4.75218
1.16551,1.23695,-1.68153,1.32226,1.28607,4.64041
1.15326,1.03557,-1.61393,1.31039,1.07884,4.69102
1.14698,0.797235,-1.59301,1.29052,0.849698,4.70105
1.14617,0.567952,-1.5713,1.29883,0.743427,4.71708
1.14658,0.389254,-1.56833,1.33137,0.517772,4.72833
1.1451,0.288412,-1.59869,1.329,0.359004,4.69706
1.14111,0.154764,-1.60183,1.32989,0.226833,4.69096
1.13797,0.049293,-1.60188,1.32527,0.0961082,4.6894
1.1348,-0.0693938,-1.59629,1.32313,-0.00443666,4.69388
1.13078,-0.239467,-1.59494,1.31836,-0.217564,4.69497
1.12787,-0.407808,-1.54617,1.315,-0.437251,4.69822
1.12749,-0.405489,-1.12301,1.31286,-0.44899,5.05184
1.12659,-0.403787,-0.750679,1.30988,-0.440442,5.44658
1.12527,-0.40194,-0.378582,1.2923,-0.426493,5.85625
1.12492,-0.401379,-0.00871319,1.29003,-0.426472,5.89197
1.12275,-0.40171,0.369963,1.28468,-0.427418,0.414333
1.12093,-0.402648,0.722236,1.25967,-0.484151,0.800608
1.11904,-0.403925,1.07988,1.25861,-0.485898,1.0999
1.12284,-0.378144,1.42071,1.28703,-0.48953,1.52245
1.14568,-0.239444,1.40162,1.28256,-0.340615,1.4597
1.17465,-0.0390857,1.43787,1.28946,-0.170063,1.43865
1.19037,0.123322,1.49125,1.30399,0.00761252,1.49675
1.20306,0.280368,1.48996,1.31385,0.117543,1.47991
1.215,0.450432,1.50608,1.32207,0.308715,1.50818
1.23038,0.64866,1.48881,1.34399,0.566976,1.49433
1.24807,0.858673,1.48685,1.36295,0.761693,1.49684
1.26357,1.04167,1.48674,1.37543,0.988254,1.4971
1.28795,1.30757,1.47783,1.38936,1.24064,1.48941
1.29799,1.39845,1.04904,1.45229,1.47574,1.27156
1.30215,1.4022,0.45763,1.40836,1.50212,0.569292
1.30624,1.40369,0.0278053,1.41403,1.49442,0.215
1.31141,1.40232,-0.523819,1.53564,1.29841,5.79372
1.31487,1.39894,-0.992801,1.34871,1.17255,5.42502
1.31689,1.39422,-1.4655,1.34968,1.16819,4.82561
1.32939,1.20317,-1.50766,1.34044,1.06535,4.59552
1.36371,1.02967,-1.3142,1.36004,0.851907,4.82924
1.40879,0.856296,-1.31848,1.37755,0.722222,4.81361
1.45859,0.668668,-1.30976,1.39949,0.533666,4.82179
1.49819,0.520949,-1.30912,1.4183,0.373455,4.82354
1.5374,0.374147,-1.31089,1.44044,0.191119,4.8203
1.57932,0.216623,-1.31154,1.45276,0.0675063,4.81994
1.62632,0.0406848,-1.31014,1.47571,-0.106156,4.82215
1.66007,-0.0878322,-1.3169,1.49729,-0.286709,4.81701
1.68516,-0.183324,-1.24248,1.51357,-0.402078,4.80969
1.68434,-0.181683,-0.896662,1.52043,-0.400598,5.15053
1.68323,-0.179888,-0.535132,1.52757,-0.383892,5.52139
1.68066,-0.178331,-0.00295898,1.55372,-0.345818,5.99472
1.7303,-0.196495,-0.550328,1.56732,-0.377184,5.63666
1.72736,-0.194842,0.0602719,1.56286,-0.398967,5.9492
1.72456,-0.195704,0.575511,1.54532,-0.399957,0.446732
1.722,-0.197331,1.06238,1.56717,-0.407871,0.760834
1.72073,-0.200545,1.63075,1.55059,-0.411234,1.42136
1.69177,-0.00798947,1.74689,1.62589,-0.220852,1.7116
1.67592,0.189495,1.61054,1.61557,-0.0187879,1.55757
1.66764,0.384883,1.61426,1.58561,0.173673,1.55192
1.66068,0.580425,1.60355,1.57302,0.371767,1.55214
1.65754,0.796232,1.57951,1.59858,0.607445,1.52782
1.65268,1.04986,1.59342,1.60918,0.798366,1.53493
1.64297,1.3465,1.60627,1.65015,1.11241,1.54158
1.62096,1.60488,1.6696,1.6557,1.39665,1.59814
1.60286,1.74283,1.50126,1.65308,1.62166,1.62366
1.60553,1.74851,0.797491,1.61531,1.70033,0.974685
1.61065,1.75145,0.19973,1.6045,1.7077,0.398484
1.61714,1.75073,-0.482416,1.62559,1.7012,5.84649
1.62172,1.74577,-1.1382,1.62841,1.81721,5.20642
1.62367,1.60948,-1.60884,1.61636,1.82583,4.72912
1.61594,1.33383,-1.59808,1.60637,1.48816,4.65809
1.62502,1.06413,-1.52013,1.64721,1.04984,4.76107
1.63374,0.81757,-1.54178,1.65892,0.821292,4.73003
1.64442,0.524005,-1.53497,1.68778,0.72037,4.79216
1.62691,-0.0522083,-1.61576,1.67638,0.259647,4.71008
1.61922,-0.430399,-1.59208,1.68305,-0.331857,4.72833
1.6177,-0.605227,-1.57604,1.6984,-0.470931,4.74609
1.61531,-0.814473,-1.5889,1.69442,-0.853052,4.73005
1.61554,-1.02159,-1.5641,1.70923,-1.05722,4.75202
1.61652,-1.17553,-1.56536,1.67961,-1.24918,4.73187
1.62528,-1.30305,-1.46752,1.81156,-1.58019,4.87575
1.6267,-1.31694,-1.81559,1.81312,-1.61187,4.65154
1.62486,-1.32065,-2.22607,1.81306,-1.61332,4.19388
1.62172,-1.3233,-2.62969,1.87262,-1.5214,3.81717
1.61859,-1.32467,-2.96502,1.86936,-1.52252,3.42315
1.61573,-1.3252,3.01474,1.86616,-1.50483,3.11578
1.48576,-1.32136,-3.10761,1.78282,-1.50817,3.16112
1.37566,-1.33899,-2.91327,1.65975,-1.55307,3.40319
1.28564,-1.35928,-2.93602,1.57652,-1.58239,3.40388
1.1823,-1.37715,-2.99359,1.48576,-1.6027,3.34975
1.1047,-1.38831,-3.0025,1.41616,-1.62069,3.33377
1.0301,-1.39874,-3.00273,1.3363,-1.63435,3.33
0.947657,-1.4106,-2.99626,1.2501,-1.64808,3.3353
0.874247,-1.42172,-2.98836,1.17643,-1.66789,3.34679
0.774804,-1.43641,-3.00048,1.02667,-1.69246,3.33642
0.732861,-1.44299,-3.09167,0.923742,-1.70834,3.3121
0.730639,-1.44303,2.91043,0.921094,-1.70806,3.04793
0.72785,-1.44186,2.57385,0.920703,-1.70703,2.71746
0.725653,-1.43982,2.24615,0.91836,-1.70489,2.31565
0.724313,-1.43751,1.96092,0.915873,-1.7029,2.11906
0.723237,-1.4348,1.65605,0.914816,-1.7005,1.82225
0.72324,-1.43207,1.34686,0.91558,-1.69493,1.47812
0.724807,-1.42874,0.940167,0.916578,-1.69198,1.1682
0.727557,-1.42628,0.554262,0.919356,-1.68984,0.712261
0.731302,-1.42462,0.149475,0.923296,-1.68866,0.376895
0.797389,-1.43143,-0.140485,0.926025,-1.68887,6.06679
0.94857,-1.42551,0.130567,1.07346,-1.6788,0.165352
1.12515,-1.41115,0.0503142,1.24704,-1.65734,0.147705
1.27141,-1.41383,-0.0555849,1.37555,-1.65304,0.116244
1.33213,-1.41835,0.143218,1.45421,-1.64893,0.106757
1.3301,-1.41901,0.517103,1.43381,-1.6499,0.37993
1.32831,-1.42004,0.859827,1.42073,-1.68015,0.759943
1.32631,-1.42179,1.27444,1.44064,-1.65369,1.12218
1.3295,-1.40327,1.35879,1.44279,-1.67466,1.45313
1.32942,-1.40612,1.80307,1.44273,-1.67646,1.61684
1.33131,-1.40998,2.46134,1.44567,-1.67755,2.35575
1.29352,-1.4087,3.0605,1.45513,-1.63634,2.95396
1.06519,-1.39622,3.09645,1.24122,-1.63681,3.11894
0.839321,-1.34826,2.87121,0.933823,-1.53955,2.82476
0.825613,-1.34367,2.44448,0.869698,-1.50434,2.54305
0.82278,-1.33952,1.90087,0.867276,-1.50137,2.01403
0.821835,-1.33512,1.40878,0.867512,-1.49524,1.43605
0.823336,-1.33151,0.972344,0.864497,-1.49176,1.06457
0.827174,-1.32832,0.450876,0.864,-1.48792,0.672695
0.843758,-1.32834,-0.0711281,0.877933,-1.48968,0.076625
1.04354,-1.34583,-0.0860991,1.04336,-1.52011,6.13104
1.17734,-1.33205,0.202186,1.18751,-1.50887,0.143007
1.37341,-1.28522,0.246327,1.29399,-1.4954,0.189381
1.51228,-1.24894,0.435037,1.51521,-1.4405,0.216551
1.50994,-1.25026,0.882004,1.51726,-1.41773,0.67226
1.50789,-1.25255,1.37846,1.51547,-1.44542,1.19979
1.50784,-1.25528,1.80289,1.57052,-1.52383,1.69658
1.50881,-1.2576,2.19516,1.57231,-1.52673,2.12842
1.51054,-1.26028,2.65681,1.57434,-1.52831,2.50073
1.50157,-1.2609,3.12485,1.57706,-1.52875,3.01072
1.27072,-1.24415,3.04928,1.37948,-1.51053,3.05214
1.02911,-1.20039,2.92727,1.12102,-1.44016,2.92576
0.814203,-1.15397,2.93019,0.925873,-1.363,2.87563
0.670241,-1.14015,3.04894,0.801754,-1.35152,3.03888
0.665723,-1.13839,2.51074,0.775667,-1.34563,2.62984
0.6627,-1.13447,1.9722,0.775197,-1.34945,2.11891
0.652092,-1.10053,1.96128,0.770152,-1.31514,1.83702
0.650999,-1.09531,1.32117,0.773377,-1.30108,1.52583
0.653701,-1.09088,0.746386,0.77569,-1.31922,1.05593
0.659864,-1.08787,0.0528753,0.780163,-1.31644,0.299151
0.952163,-1.12518,-0.141593,0.929335,-1.32994,6.08032
1.17207,-1.09254,0.239944,1.17109,-1.31141,0.164
1.43411,-1.01857,0.308919,1.33876,-1.26915,0.228061
1.43002,-1.021,1.13423,1.387,-1.16479,0.862925
1.45333,-0.969465,0.87396,1.3234,-1.14787,1.08482
1.45111,-0.972282,1.48624,1.34016,-1.13493,1.0303
1.45234,-0.977032,2.25585,1.34151,-1.13991,1.8397
1.45431,-0.979873,2.74948,1.34223,-1.15128,2.51665
1.45639,-0.980716,3.10181,1.3405,-1.18971,2.90698
1.32333,-0.99129,-3.02699,1.25648,-1.14929,3.08736
1.11911,-1.01653,-3.01663,1.05946,-1.15852,3.14195
0.936309,-1.02989,-3.09106,0.878233,-1.14711,3.08425
0.754569,-1.03704,-3.10753,0.657698,-1.13034,3.0635
0.660317,-1.04091,2.87839,0.546013,-1.10563,2.93345
0.6556,-1.03772,2.24528,0.55935,-1.10513,2.36543
0.651354,-1.02441,1.81302,0.558048,-1.09582,1.7097
0.651662,-1.01789,1.08492,0.565176,-1.08825,1.21107
0.655953,-1.01386,0.46114,0.569082,-1.08741,0.575959
0.732114,-1.01246,-0.0267847,0.57451,-1.08561,0.227173
0.967123,-1.04471,-0.173351,0.807385,-1.13965,5.99121
1.13866,-1.02031,0.272605,1.0484,-1.12739,0.2468
1.2763,-0.985571,0.232715,1.17959,-1.11706,0.228066
1.4489,-0.943195,0.244801,1.37948,-1.09295,0.229898
1.51081,-0.923736,0.6676,1.51298,-1.04423,0.513387
1.50898,-0.924866,1.01546,1.51017,-1.03974,0.83616
1.5076,-0.926777,1.39772,1.50914,-1.05389,1.17227
1.50772,-0.929935,1.88913,1.5095,-0.955598,1.60341
1.50913,-0.932732,2.37105,1.51297,-0.979763,2.27592
1.51216,-0.935653,3.00097,1.51627,-0.960525,2.7713
1.34122,-0.963267,-2.9462,1.44013,-0.96588,3.18349
1.08133,-0.993864,-3.04988,1.1813,-1.21471,3.24686
0.745322,-0.882104,2.73202,0.855041,-0.89295,2.79341
0.458075,-0.839937,3.00524,0.502968,-0.898309,3.13089
0.450784,-0.833992,1.93589,0.521231,-0.903881,2.15517
0.450371,-0.825506,1.15116,0.541141,-0.897239,1.41198
0.456402,-0.820271,0.301614,0.544781,-0.919427,0.571703
0.528305,-0.828438,-0.150464,0.554233,-0.918874,5.43031
0.72283,-0.705944,0.768084,0.667508,-0.763872,0.813822
1.00639,-0.636094,0.0754048,1.00947,-0.705382,0.211306
1.4254,-0.749817,-0.285341,1.40779,-0.821684,5.9396
1.4217,-0.74977,0.370533,1.51686,-0.820676,0.274538
1.41943,-0.750989,0.812261,1.4271,-0.769486,0.688933
1.4172,-0.752866,1.26677,1.49773,-0.774808,1.21123
1.41684,-0.755459,1.68129,1.49787,-0.779022,1.64929
1.418,-0.758741,2.22495,1.56065,-0.74791,2.10694
1.42031,-0.762015,2.79796,1.50223,-0.817078,2.6386
1.35737,-0.760888,3.13231,1.46306,-0.816863,3.18271
1.18772,-0.732155,2.89918,1.31404,-0.809144,2.9905
1.01357,-0.678852,2.82081,1.13775,-0.780622,2.89324
0.857734,-0.626475,2.83501,0.936832,-0.719565,2.87699
0.634912,-0.599656,3.07725,0.811953,-0.666222,3.04862
0.38868,-0.609509,-3.07177,0.518807,-0.713465,3.23888
0.219942,-0.601357,2.46297,0.302911,-0.616363,2.71381
0.216765,-0.596598,1.84429,0.272448,-0.606609,2.16747
0.216903,-0.590112,1.10337,0.24943,-0.600288,1.36706
0.220407,-0.58641,0.560054,0.251236,-0.648042,0.713462
0.25857,-0.585643,-0.031692,0.256083,-0.64827,0.232366
0.601531,-0.632691,-0.164204,0.456854,-0.68084,6.04768
0.596642,-0.633852,0.73009,0.603208,-0.606147,0.41501
0.593501,-0.61792,1.61577,0.570235,-0.611303,1.82756
0.595163,-0.622407,2.36134,0.611471,-0.567786,2.13171
0.597632,-0.625237,2.90497,0.540557,-0.570116,2.7531
0.410127,-0.615243,2.86818,0.452538,-0.592992,3.22311
0.40717,-0.613748,2.50274,0.372356,-0.533831,2.60712
0.404491,-0.610467,2.04192,0.365372,-0.512078,2.35521
0.402921,-0.605285,1.45683,0.442349,-0.513307,1.77305
0.352697,-0.503249,2.24375,0.347963,-0.47763,2.33688
0.35011,-0.497538,1.57918,0.451169,-0.434869,1.94572
0.352408,-0.491531,0.850623,0.453815,-0.429295,1.11101
