0.867811,1.57341,-1.14945
0.867812,1.57338,-1.15147
0.867906,1.57318,-1.16746
0.868694,1.57124,-1.25804
0.868806,1.57052,-1.40025
0.868825,1.57022,-1.53335
0.868725,1.56926,-1.85649
0.869172,1.57004,-2.54
0.86987,1.57049,-2.83376
0.868558,1.5711,2.74558
0.866717,1.57263,2.48203
0.861072,1.5789,1.97727
0.857531,1.58831,1.52955
0.860858,1.60232,1.03892
0.871744,1.61584,0.740585
0.88146,1.62433,0.676134
0.8933,1.63413,0.725692
0.898949,1.63965,0.844709
0.902893,1.64567,1.15799
0.903435,1.64732,1.26516
0.905853,1.65718,1.54754
0.90564,1.66197,1.6678
0.904537,1.6679,1.8493
0.901923,1.67436,2.12009
0.898532,1.67911,2.38708
0.891104,1.68544,2.87196
0.885164,1.68759,-3.0912
0.882353,1.68781,-2.96269
0.867803,1.68421,-2.39209
0.860052,1.67924,-2.08703
0.852767,1.67002,-1.68694
0.850766,1.66395,-1.47157
0.850238,1.65755,-1.27187
0.854478,1.64223,-0.882189
0.854478,1.64223,-0.882189
0.858819,1.63474,-0.751625
0.864375,1.62723,-0.664555
0.870865,1.62025,-0.614284
0.873523,1.61803,-0.603479
0.881391,1.61272,-0.569352
0.883261,1.61212,-0.527794
0.875846,1.61698,-0.485612
0.870216,1.62034,-0.46856
0.861049,1.62517,-0.452156
0.849948,1.63059,-0.445748
0.825185,1.6429,-0.491495
0.812246,1.65014,-0.536612
0.8003,1.65695,-0.585593
0.794241,1.66064,-0.611994
0.786922,1.66556,-0.663814
0.778576,1.67204,-0.759327
0.769593,1.68037,-0.915025
0.76203,1.6891,-1.11176
0.754627,1.70248,-1.48574
0.753131,1.71333,-1.844
0.756194,1.72617,-2.29442
0.758561,1.7314,-2.52254
0.763089,1.73823,-2.97894
0.765752,1.74005,2.77787
0.766709,1.73953,2.38735
0.766821,1.73933,2.2276
0.766847,1.73916,2.0886
0.766848,1.73914,2.08496
0.76689,1.73904,2.08452
0.767022,1.73868,2.10566
0.767885,1.73704,2.27753
0.768544,1.73617,2.38293
0.769671,1.73501,2.54168
0.774345,1.73282,-3.02508
0.77515,1.73205,-2.45772
0.770827,1.72521,-1.81031
0.769192,1.72172,-1.64353
0.768743,1.71214,-1.20412
0.771066,1.70488,-0.919084
0.779674,1.69435,-0.52338
0.787937,1.6894,-0.353593
0.803421,1.68402,-0.302711
0.814772,1.68068,-0.402296
0.814247,1.68131,-0.476377
0.813094,1.6816,-0.691486
0.814148,1.68019,-1.00154
0.815347,1.6779,-1.25078
0.815837,1.67593,-1.46872
0.815875,1.67495,-1.60931
0.815791,1.67425,-1.75889
0.815619,1.67376,-1.97365
0.815271,1.67328,-2.26577
0.81266,1.67189,-2.8758
0.805709,1.67183,2.8579
0.799413,1.6745,2.52431
0.790309,1.68234,2.09884
0.786493,1.68827,1.91056
0.782506,1.69981,1.66205
0.782104,1.70488,1.58876
0.782174,1.70995,1.53794
0.782581,1.71618,1.50811
0.783094,1.72356,1.52218
0.783224,1.72834,1.56048
0.783725,1.73546,1.69605
0.784048,1.73651,1.7717
0.78342,1.73793,1.85013
0.779079,1.7464,2.05529
0.776913,1.75018,2.17457
0.773761,1.75429,2.34477
0.773761,1.75429,2.34477
0.767488,1.76,2.56101
0.75622,1.76541,2.97265
0.749885,1.76598,-3.03793
0.742407,1.76411,-2.67361
0.737152,1.7619,-2.41395
0.727165,1.7544,-1.79212
0.723314,1.7479,-1.44895
0.721857,1.73934,-1.02503
0.724708,1.7279,-0.490629
0.733557,1.72015,0.119138
0.739295,1.71974,0.398196
0.745946,1.72133,0.682116
0.754605,1.72611,0.960838
0.760223,1.73297,1.15719
0.760223,1.73297,1.15719
0.760772,1.73607,1.37859
0.760281,1.73476,1.46549
0.759877,1.73093,1.57336
0.760459,1.72319,1.70356
0.764207,1.70714,1.93649
0.767785,1.69824,2.09865
0.768603,1.69652,2.13389
0.77681,1.6835,2.45278
0.784337,1.6752,2.73356
0.789202,1.6712,2.93221
0.794329,1.66798,-3.09472
0.799009,1.66414,-2.34019
0.797044,1.66038,-2.09385
0.794584,1.65587,-1.90226
0.79279,1.65072,-1.7212
0.792921,1.63784,-1.37457
0.796129,1.62575,-1.17341
0.802276,1.61196,-1.085
0.806313,1.60433,-1.09085
0.808821,1.59917,-1.10137
0.811888,1.59244,-1.13768
0.812317,1.59139,-1.16569
0.812308,1.59135,-1.20703
0.811262,1.59443,-1.38213
0.811368,1.59505,-1.49485
0.811488,1.59372,-1.56556
0.811082,1.58944,-1.75061
0.810558,1.58729,-1.8698
0.808813,1.58342,-2.1723
0.807218,1.5815,-2.40154
0.804943,1.57989,-2.71337
0.803194,1.57922,-2.9468
0.800982,1.57894,3.09168
0.794207,1.58186,2.51679
0.787917,1.58722,2.13079
0.783844,1.5924,1.87993
0.780857,1.5984,1.64063
0.779683,1.61397,1.14337
0.782944,1.62411,0.868542
0.786629,1.63047,0.715146
0.798623,1.64377,0.453244
0.807857,1.6513,0.343456
0.812485,1.65396,0.30584
0.81987,1.65654,0.26448
0.826001,1.65788,0.222495
0.828274,1.65815,0.195439
0.82898,1.65806,0.168786
0.825758,1.6572,0.116602
0.814759,1.65587,0.0594923
0.803095,1.65522,0.0223971
0.79339,1.65508,-0.00176576
0.782145,1.65526,-0.0255067
0.769357,1.65584,-0.0488631
0.755028,1.6569,-0.0720146
0.73496,1.65885,-0.101628
0.697025,1.66441,-0.218995
0.688721,1.66625,-0.254844
0.65559,1.67632,-0.421252
0.637711,1.68351,-0.534445
0.630078,1.68702,-0.591274
0.619283,1.69215,-0.686564
0.609527,1.69695,-0.800206
0.601715,1.70055,-0.933074
0.599633,1.70132,-0.988138
0.599484,1.70113,-1.02697
0.599679,1.70084,-1.06461
0.59975,1.70072,-1.07963
0.599911,1.70041,-1.11728
0.60008,1.70003,-1.16238
0.60016,1.69983,-1.18496
0.600257,1.69957,-1.21502
0.600347,1.69931,-1.24512
0.600532,1.69864,-1.32034
0.600655,1.69802,-1.38802
0.600696,1.69775,-1.41808
0.600734,1.69747,-1.44814
0.600755,1.69719,-1.47824
0.600778,1.69684,-1.51583
0.600784,1.69663,-1.53837
0.600785,1.69635,-1.56845
0.600752,1.69566,-1.64361
0.600739,1.69546,-1.66615
0.60071,1.69504,-1.71121
0.600653,1.69441,-1.77878
0.600539,1.69386,-1.83887
0.60046,1.69359,-1.86893
0.600371,1.69332,-1.89897
0.600247,1.69299,-1.93652
0.600082,1.6926,-1.98164
0.599835,1.69209,-2.04172
0.599484,1.69148,-2.11691
0.598653,1.69035,-2.26722
0.598324,1.68998,-2.31985
0.597823,1.6895,-2.395
0.597559,1.68927,-2.43263
0.597397,1.68914,-2.45519
0.59672,1.68865,-2.54541
0.596426,1.68846,-2.58299
0.595693,1.68806,-2.67325
0.595313,1.68789,-2.71837
0.594796,1.68768,-2.77854
0.594401,1.68755,-2.82365
0.593864,1.6874,-2.8838
0.593591,1.68734,-2.91391
0.592905,1.68722,-2.98912
0.592557,1.68718,-3.02669
0.592279,1.68716,-3.05676
0.591579,1.68714,-3.13196
0.591233,1.68715,3.11362
0.590811,1.68714,3.0637
0.590585,1.68714,3.022
0.589428,1.68745,2.93547
0.58642,1.68865,2.84609
0.574998,1.69407,2.68668
0.570904,1.69614,2.65572
0.56323,1.70032,2.62312
0.557174,1.7037,2.63795
0.55002,1.70745,2.69453
0.54462,1.70991,2.75177
0.530126,1.71507,2.85845
0.507385,1.72067,2.9716
0.49599,1.72256,3.01852
0.479861,1.72432,3.07755
0.461644,1.72509,3.13568
0.445574,1.7248,-3.10251
0.409935,1.72191,-3.02907
0.386979,1.71899,-3.00746
0.354629,1.71446,-3.00954
0.335802,1.71209,-3.03246
0.296062,1.70886,-3.09677
0.221344,1.70807,3.13758
0.181371,1.7083,-3.13744
0.151513,1.70792,-3.11681
0.106699,1.7063,-3.09603
0.0617811,1.70409,-3.09101
0.0567968,1.70384,-3.09181
0.0367653,1.70288,-3.09797
0.0167183,1.70205,-3.10347
-0.0283583,1.70052,-3.11039
-0.0533796,1.69976,-3.11123
-0.0733797,1.69916,-3.11011
-0.0983777,1.69837,-3.10858
-0.128379,1.69738,-3.10767
-0.148382,1.6967,-3.10742
-0.168387,1.69602,-3.10745
-0.193394,1.69517,-3.1076
-0.243407,1.69348,-3.10773
-0.243407,1.69348,-3.10773
-0.263413,1.6928,-3.1078
-0.288419,1.69196,-3.10778
-0.343433,1.6901,-3.10769
-0.37344,1.68908,-3.10766
-0.413449,1.68773,-3.10766
-0.463462,1.68603,-3.10765
-0.488469,1.68518,-3.10769
-0.528478,1.68383,-3.10769
-0.553484,1.68298,-3.10766
-0.573489,1.68231,-3.10768
-0.593494,1.68163,-3.10767
-0.673514,1.67892,-3.10764
-0.693519,1.67824,-3.10763
-0.748532,1.67637,-3.10764
-0.803546,1.67451,-3.10764
-0.833553,1.67349,-3.10765
-0.873563,1.67214,-3.10763
-0.90357,1.67112,-3.10763
-0.923575,1.67044,-3.10762
-0.973587,1.66874,-3.10758
-0.998593,1.66789,-3.10759
-1.0336,1.66671,-3.1076
-1.05861,1.66586,-3.10758
-1.08361,1.66501,-3.10756
-1.10862,1.66416,-3.10757
-1.12362,1.66365,-3.10758
-1.14363,1.66297,-3.10757
-1.16363,1.66229,-3.10755
-1.21864,1.66042,-3.10754
-1.24365,1.65957,-3.10752
-1.26866,1.65872,-3.1075
-1.28366,1.65821,-3.1075
-1.29366,1.65787,-3.10752
-1.33367,1.6565,-3.1075
-1.35368,1.65582,-3.10748
-1.37868,1.65497,-3.10745
-1.40369,1.65412,-3.10746
-1.43369,1.6531,-3.10741
-1.4537,1.65241,-3.10742
-1.4737,1.65173,-3.10738
-1.49371,1.65105,-3.10734
-1.51371,1.65036,-3.10729
-1.55815,1.64885,-3.10738
-1.58054,1.64815,-3.11099
-1.62117,1.64714,-3.11856
-1.63019,1.64697,-3.12049
-1.64085,1.64679,-3.12295
-1.66207,1.64655,-3.12891
-1.66685,1.64653,-3.13075
-1.67007,1.64654,-3.13227
-1.67242,1.64655,-3.12416
-1.67311,1.64658,-3.06994
-1.67275,1.64659,-3.02501
-1.67252,1.6466,-2.99508
-1.67199,1.64662,-2.92757
-1.67141,1.64666,-2.8526
-1.67135,1.64667,-2.84512
-1.67096,1.64679,-2.79273
-1.67068,1.64689,-2.75525
-1.67035,1.64702,-2.71028
-1.67013,1.64712,-2.68035
-1.66987,1.64725,-2.64288
-1.66956,1.64742,-2.59793
-1.66931,1.64757,-2.56053
-1.66906,1.64774,-2.52306
-1.66891,1.64784,-2.50063
-1.66867,1.64801,-2.46317
-1.66844,1.6482,-2.42571
-1.66826,1.64835,-2.3958
-1.66805,1.64855,-2.35835
-1.66784,1.64876,-2.3209
-1.66744,1.6492,-2.24601
-1.66715,1.64957,-2.18613
-1.66701,1.64976,-2.15616
-1.66701,1.64976,-2.15616
-1.66667,1.6503,-2.07388
-1.66655,1.65051,-2.04391
-1.66642,1.65077,-2.00648
-1.66627,1.65108,-1.96158
-1.66607,1.65157,-1.8942
-1.66596,1.65191,-1.84931
-1.66584,1.65236,-1.78942
-1.66577,1.6527,-1.74455
-1.66599,1.6523,-1.68759
-1.66599,1.6523,-1.68759
-1.66636,1.64724,-1.53423
-1.66619,1.6456,-1.441
-1.66572,1.64373,-1.33133
-1.66466,1.64076,-1.20596
-1.6623,1.63614,-1.0886
-1.65705,1.6281,-0.951534
-1.65319,1.62304,-0.884911
-1.6451,1.61351,-0.769367
-1.63269,1.60084,-0.629219
-1.62276,1.5926,-0.540288
-1.61154,1.58467,-0.46037
-1.58029,1.5695,-0.323989
-1.55495,1.5613,-0.29724
-1.55213,1.56052,-0.295087
-1.535,1.55583,-0.280219
-1.5257,1.55357,-0.26976
-1.51386,1.55123,-0.2462
-1.51242,1.55107,-0.232902
-1.51216,1.5511,-0.208029
-1.51244,1.55115,-0.170921
-1.51273,1.5512,-0.133692
-1.51225,1.55087,-0.0916018
-1.50703,1.55004,-0.0487597
-1.49808,1.54947,-0.0256763
-1.48279,1.54918,-0.00341236
-1.47051,1.54919,0.00300624
-1.45613,1.5493,0.00542063
-1.45613,1.5493,0.00542063
-1.44311,1.54943,0.00670324
-1.42874,1.54958,0.00827678
-1.41302,1.54976,0.0101732
-1.39148,1.55004,0.0131493
-1.37275,1.55033,0.0159709
-1.3679,1.55041,0.0160367
-1.333,1.55084,0.00455872
-1.3129,1.55086,-0.00417707
-1.28783,1.55068,-0.00840014
-1.2678,1.55049,-0.00936475
-1.24778,1.5503,-0.00918202
-1.22777,1.55011,-0.0081538
-1.20776,1.54995,-0.00726434
-1.16272,1.54964,-0.00634455
-1.1377,1.54948,-0.00625726
-1.10767,1.54928,-0.00651356
-1.08773,1.54919,-0.0072601
-1.06273,1.549,-0.00733558
-1.01779,1.54867,-0.00724874
-1.01278,1.54863,-0.00711496
-0.99777,1.54853,-0.00692773
-0.972751,1.54835,-0.00664056
-0.947732,1.54819,-0.00645034
-0.922712,1.54803,-0.00644404
-0.897692,1.54787,-0.00649763
-0.867666,1.54767,-0.00663295
-0.827632,1.5474,-0.00672394
-0.802611,1.54724,-0.00672468
-0.782594,1.5471,-0.00670239
-0.762577,1.54697,-0.00668051
-0.712607,1.54669,-0.00727136
-0.687606,1.5465,-0.00719554
-0.662685,1.54632,-0.00742242
-0.637673,1.54614,-0.00713907
-0.607613,1.54593,-0.00671183
-0.587579,1.54579,-0.00652089
-0.547558,1.54553,-0.0064285
-0.532546,1.54543,-0.00645848
-0.502522,1.54524,-0.00656861
-0.482506,1.54511,-0.00663351
-0.457485,1.54494,-0.00665508
-0.442473,1.54484,-0.00664884
-0.407445,1.54461,-0.00662534
-0.407445,1.54461,-0.00662534
-0.362408,1.54431,-0.00661286
-0.357404,1.54428,-0.00661305
-0.337387,1.54415,-0.00661615
-0.297351,1.54388,-0.00658679
-0.272327,1.54371,-0.00655372
-0.222278,1.54338,-0.00654393
-0.202259,1.54325,-0.00654369
-0.177234,1.54308,-0.00655896
-0.157215,1.54295,-0.00658631
-0.107165,1.54262,-0.00659284
-0.0771362,1.54242,-0.00659623
-0.0571153,1.54229,-0.00657783
-0.0120705,1.542,-0.0065916
0.0179599,1.5418,-0.00659434
0.0329751,1.5417,-0.00659211
0.0780206,1.5414,-0.00658131
0.108052,1.5412,-0.0065529
0.123067,1.5411,-0.00655409
0.148106,1.54094,-0.00657021
0.198201,1.5406,-0.00650602
0.24328,1.54031,-0.00646132
0.268323,1.54014,-0.0064672
0.313402,1.53985,-0.00647878
0.338446,1.53969,-0.00648207
0.36349,1.53952,-0.00648051
0.413578,1.53919,-0.00646483
0.438622,1.53902,-0.00646
0.468675,1.53881,-0.0064424
0.498728,1.53861,-0.00642404
0.538797,1.53834,-0.00644592
0.56885,1.53814,-0.00642829
0.583878,1.53805,-0.00642074
0.628956,1.53774,-0.00637973
0.659009,1.53754,-0.00640305
0.684051,1.53738,-0.00642847
0.704088,1.53725,-0.00641507
0.724123,1.5371,-0.006367
0.744157,1.53697,-0.00636587
0.764192,1.53684,-0.00637511
0.784228,1.53671,-0.00635372
0.829307,1.53642,-0.00634651
0.854351,1.53625,-0.00633686
0.874386,1.53611,-0.00630032
0.89943,1.53594,-0.00629293
0.924474,1.53578,-0.00629104
0.959534,1.53556,-0.00632373
0.97957,1.53542,-0.00630081
1.00461,1.53526,-0.00627368
1.01463,1.53519,-0.00626589
1.03967,1.53502,-0.0062468
1.06472,1.53487,-0.00623142
1.11481,1.53454,-0.00620992
1.13985,1.53438,-0.00620309
1.19495,1.53402,-0.00614943
1.21999,1.53386,-0.00613182
1.25004,1.53367,-0.00614642
1.29011,1.53341,-0.00610648
1.31516,1.53325,-0.00608581
1.3402,1.53309,-0.00606235
1.35523,1.533,-0.00607147
1.37526,1.53287,-0.00604217
1.43036,1.53253,-0.00598748
1.4504,1.5324,-0.00595452
1.47544,1.53225,-0.00592761
1.52553,1.53194,-0.00589783
1.54556,1.53182,-0.00586403
1.57061,1.53166,-0.00581001
1.59565,1.53151,-0.00575652
1.62069,1.53136,-0.00569465
1.65075,1.53118,-0.00562931
1.69583,1.53092,-0.00548411
1.71586,1.5308,-0.00535394
1.7359,1.53069,-0.00522876
1.75535,1.53059,-0.00511471
1.77323,1.5305,-0.00534711
1.81108,1.53031,-0.00751017
1.82909,1.53019,-0.00964894
1.84948,1.53004,-0.012539
1.85599,1.53,-0.0135883
1.85866,1.53,-0.0140804
1.86282,1.53,-0.0150222
1.86792,1.52994,-0.0436925
1.86819,1.52992,-0.0659471
1.86835,1.5299,-0.115336
1.86843,1.52987,-0.174442
1.86849,1.52986,-0.199489
1.86874,1.5298,-0.290799
1.86883,1.52977,-0.323901
1.86895,1.52971,-0.356371
1.86944,1.5295,-0.443479
1.86958,1.52943,-0.467045
1.8698,1.52931,-0.506482
1.87006,1.52917,-0.545258
1.87033,1.529,-0.592331
1.87047,1.52889,-0.624175
1.87096,1.52852,-0.709993
1.87108,1.52841,-0.733521
1.87108,1.52841,-0.733521
1.87119,1.52831,-0.75705
1.87157,1.52792,-0.835198
1.87173,1.52773,-0.874605
1.87188,1.52756,-0.905694
1.87201,1.52739,-0.936857
1.87219,1.52715,-0.975511
1.87231,1.52694,-1.01498
1.87247,1.52669,-1.05362
1.87258,1.52648,-1.09308
1.87268,1.52628,-1.12416
1.87284,1.52593,-1.17874
1.87304,1.52536,-1.26438
1.87309,1.52519,-1.29615
1.87322,1.52463,-1.3818
1.87326,1.52441,-1.41281
1.87404,1.52067,-1.47591
1.87404,1.52067,-1.47591
1.8743,1.51807,-1.52418
1.87357,1.50912,-1.79237
1.8726,1.50588,-1.9228
1.87051,1.50184,-2.0598
1.86726,1.49683,-2.20278
1.85824,1.48589,-2.45081
1.84541,1.47306,-2.69821
1.83632,1.46697,-2.83733
1.82345,1.46147,-3.00671
1.79716,1.45752,3.02197
1.78439,1.45896,2.94813
1.76854,1.4625,2.89936
1.75995,1.46472,2.88391
1.74841,1.46776,2.88431
1.73334,1.47169,2.90958
1.71336,1.4761,2.96059
1.71336,1.4761,2.96059
1.68297,1.48076,3.03003
1.66219,1.4828,3.07959
1.61754,1.48409,-3.13989
1.61271,1.48406,-3.13296
1.56823,1.48277,-3.10405
1.54837,1.48198,-3.10117
1.53852,1.48158,-3.10225
1.49843,1.48021,-3.11498
1.47839,1.47971,-3.11805
1.47338,1.4796,-3.11844
1.45336,1.47915,-3.11981
1.43335,1.47873,-3.12021
1.38832,1.47777,-3.1199
1.35831,1.47712,-3.11942
1.3433,1.47679,-3.11925
1.32329,1.47635,-3.11918
1.29828,1.47578,-3.11918
1.28327,1.47545,-3.11919
1.25826,1.47489,-3.11927
1.20323,1.47367,-3.11934
1.18322,1.47322,-3.11936
1.16321,1.47278,-3.11935
1.1382,1.47222,-3.11932
1.09318,1.47122,-3.11927
1.04315,1.47011,-3.11929
1.04315,1.47011,-3.11929
1.01314,1.46944,-3.11929
0.993126,1.46899,-3.11929
0.943101,1.46788,-3.11928
0.938098,1.46777,-3.1193
0.90308,1.46699,-3.11928
0.878068,1.46643,-3.11927
0.853055,1.46587,-3.11931
0.823039,1.4652,-3.1193
0.783019,1.46431,-3.11928
0.763009,1.46387,-3.11928
0.737997,1.46331,-3.11929
0.717986,1.46286,-3.11928
0.692974,1.4623,-3.11928
0.672964,1.46186,-3.11927
0.622938,1.46074,-3.11927
0.597926,1.46019,-3.11928
0.582918,1.45985,-3.11928
0.542898,1.45896,-3.11927
0.512883,1.45829,-3.11928
0.492873,1.45784,-3.11927
0.442847,1.45673,-3.11926
0.437845,1.45662,-3.11925
0.397825,1.45572,-3.11926
0.392823,1.45561,-3.11926
0.372813,1.45517,-3.11927
0.352802,1.45472,-3.11927
0.297775,1.45349,-3.11924
0.277765,1.45305,-3.11925
0.252752,1.45249,-3.11925
0.197725,1.45126,-3.11926
0.172712,1.4507,-3.11927
0.142697,1.45003,-3.11926
0.117684,1.44947,-3.11925
0.0676596,1.44836,-3.11925
0.0526514,1.44802,-3.11924
0.0426471,1.4478,-3.11924
-0.0123796,1.44657,-3.11923
-0.03239,1.44612,-3.11925
-0.0524008,1.44567,-3.11926
-0.102425,1.44456,-3.11923
-0.127437,1.444,-3.11924
-0.15245,1.44344,-3.11924
-0.197473,1.44243,-3.11923
-0.227488,1.44176,-3.11921
-0.247498,1.44131,-3.11922
-0.27251,1.44075,-3.11922
-0.297523,1.4402,-3.11922
-0.307528,1.43997,-3.11921
-0.33254,1.43941,-3.11921
-0.357553,1.43886,-3.11921
-0.382565,1.4383,-3.11921
-0.407578,1.43774,-3.11921
-0.432591,1.43718,-3.11921
-0.457603,1.43662,-3.11921
-0.487618,1.43595,-3.1192
-0.507628,1.4355,-3.1192
-0.552651,1.43449,-3.1192
-0.582665,1.43382,-3.11919
-0.622685,1.43293,-3.11918
-0.6527,1.43225,-3.1192
-0.6527,1.43225,-3.1192
-0.71273,1.43091,-3.11917
-0.722735,1.43068,-3.11916
-0.777761,1.42945,-3.11916
-0.787767,1.42922,-3.11917
-0.842795,1.42799,-3.11916
-0.862804,1.42755,-3.11917
-0.902824,1.42665,-3.11915
-0.922834,1.4262,-3.11914
-0.972859,1.42507,-3.11914
-1.00287,1.4244,-3.11914
-1.04789,1.42339,-3.11914
-1.07791,1.42272,-3.11912
-1.09292,1.42238,-3.11911
-1.11293,1.42193,-3.11911
-1.13294,1.42148,-3.11911
-1.15795,1.42092,-3.1191
-1.18296,1.42036,-3.1191
-1.20297,1.41991,-3.11907
-1.22798,1.41934,-3.11906
-1.258,1.41867,-3.11906
-1.27301,1.41833,-3.11906
-1.28801,1.418,-3.11905
-1.31303,1.41743,-3.11904
-1.35805,1.41641,-3.11903
-1.36305,1.4163,-3.11902
-1.39807,1.41551,-3.119
-1.43308,1.41472,-3.11898
-1.43809,1.41461,-3.11897
-1.48311,1.41359,-3.11893
-1.51312,1.41291,-3.11888
-1.53283,1.41247,-3.11878
-1.55111,1.41207,-3.1189
-1.56782,1.41172,-3.11888
-1.59969,1.41106,-3.11789
-1.61131,1.41082,-3.11703
-1.62362,1.41057,-3.11562
-1.62984,1.41045,-3.11462
-1.64091,1.41025,-3.11217
-1.64657,1.41022,-3.11064
-1.6486,1.41022,-3.10556
-1.64963,1.41021,-3.08947
-1.64965,1.41022,-3.05512
-1.64897,1.41027,-2.97224
-1.64879,1.4103,-2.9496
-1.64856,1.41033,-2.9194
-1.64826,1.41038,-2.88175
-1.64796,1.41042,-2.84423
-1.64773,1.41048,-2.81419
-1.64744,1.41057,-2.78416
-1.64693,1.41076,-2.70904
-1.64666,1.41089,-2.67147
-1.64645,1.41099,-2.64143
-1.64618,1.41114,-2.6039
-1.64592,1.41129,-2.56638
-1.64567,1.41145,-2.52883
-1.64562,1.41148,-2.52131
-1.64543,1.41162,-2.49129
-1.64523,1.41176,-2.4613
-1.64505,1.41191,-2.43128
-1.64482,1.4121,-2.39376
-1.64456,1.41234,-2.34877
-1.64439,1.41251,-2.31877
-1.64407,1.41285,-2.25878
-1.64391,1.41303,-2.22879
-1.64362,1.41341,-2.16886
-1.64349,1.4136,-2.13888
-1.64333,1.41385,-2.10141
-1.64318,1.4141,-2.06394
-1.64291,1.41462,-1.98905
-1.64279,1.41489,-1.9516
-1.64279,1.41489,-1.9516
-1.64257,1.41543,-1.87673
-1.64249,1.41571,-1.83931
-1.64241,1.41599,-1.8019
-1.64233,1.41634,-1.75704
-1.64228,1.41657,-1.72712
-1.64254,1.41596,-1.69913
-1.64285,1.41279,-1.58588
-1.64271,1.41075,-1.45089
-1.64057,1.40515,-1.20709
-1.63734,1.39927,-1.07237
-1.63052,1.3896,-0.915692
-1.62412,1.38174,-0.812441
-1.61425,1.37107,-0.686967
-1.59992,1.35857,-0.555579
-1.57889,1.34555,-0.440595
-1.5649,1.3385,-0.416638
-1.55052,1.33202,-0.424546
-1.53807,1.32669,-0.437502
-1.52626,1.32147,-0.452851
-1.52032,1.319,-0.462972
-1.51257,1.3156,-0.478184
-1.51114,1.31496,-0.461115
-1.51129,1.31504,-0.418225
-1.51151,1.31513,-0.388401
-1.51173,1.31522,-0.358546
-1.51195,1.3153,-0.328682
-1.51251,1.31548,-0.253967
-1.51275,1.31555,-0.224012
-1.51298,1.3156,-0.194151
-1.51327,1.31566,-0.156866
-1.51073,1.31477,-0.101343
-1.50742,1.31411,-0.0847644
-1.49506,1.31247,-0.0629973
-1.48305,1.31124,-0.0597722
-1.47337,1.31027,-0.0625071
-1.44328,1.30689,-0.0821365
-1.43981,1.30652,-0.0845508
-1.409,1.3033,-0.105674
-1.36116,1.29817,-0.0972899
-1.35671,1.29773,-0.0935852
-1.33841,1.29608,-0.0733872
-1.29484,1.29429,-0.00417192
-1.2711,1.29448,0.0123656
-1.26625,1.29456,0.0131923
-1.25132,1.29479,0.013492
-1.22625,1.2951,0.00729238
-1.1711,1.2952,-0.00313757
-1.15106,1.29511,-0.00537355
-1.10604,1.29489,-0.00245991
-1.08603,1.29485,-0.000624437
-1.06602,1.29483,0.000148733
-1.02098,1.29484,0.000497581
-1.02098,1.29484,0.000497581
-0.975936,1.29485,-0.000119453
-0.955915,1.29484,-0.000432268
-0.935896,1.29483,-0.000565053
-0.915878,1.29482,-0.00065607
-0.860829,1.29479,-0.000976331
-0.845817,1.29478,-0.0010178
-0.825799,1.29476,-0.00101705
-0.775758,1.29471,-0.000688344
-0.745734,1.29469,-0.000625007
-0.725717,1.29468,-0.000720704
-0.705699,1.29466,-0.000833096
-0.685682,1.29464,-0.000834555
-0.665666,1.29462,-0.000773796
-0.64565,1.29461,-0.000763572
-0.600612,1.29457,-0.000780986
-0.575591,1.29455,-0.000788207
-0.540562,1.29452,-0.00077758
-0.510537,1.2945,-0.000795352
-0.485516,1.29447,-0.000769823
-0.455492,1.29445,-0.000767905
-0.410455,1.29441,-0.000746376
-0.360413,1.29437,-0.000753621
-0.340397,1.29435,-0.000728533
-0.310372,1.29433,-0.000753736
-0.295359,1.29432,-0.000764665
-0.275343,1.2943,-0.000736568
-0.255327,1.29429,-0.000724724
-0.23531,1.29427,-0.000741461
-0.18527,1.29423,-0.000705708
-0.160249,1.29421,-0.000735892
-0.115212,1.29417,-0.000759808
-0.0901917,1.29415,-0.00075107
-0.0501594,1.29412,-0.000719592
-0.0251399,1.2941,-0.000697603
0.0048841,1.29407,-0.000717107
0.0249003,1.29406,-0.000731779
0.0499198,1.29404,-0.000692614
0.0949561,1.294,-0.000745304
0.104963,1.29399,-0.000717119
0.124979,1.29398,-0.000720472
0.165046,1.29396,-0.000758325
0.185084,1.29394,-0.000690793
0.205119,1.29392,-0.000627535
0.230162,1.29391,-0.00066448
0.260213,1.29388,-0.000684763
0.275238,1.29386,-0.000664324
0.290264,1.29385,-0.000659682
0.310297,1.29383,-0.000648782
0.36539,1.29378,-0.000628131
0.385424,1.29376,-0.000639416
0.410467,1.29374,-0.000652222
0.435508,1.29372,-0.000610955
0.460551,1.2937,-0.000597899
0.485593,1.29368,-0.000625027
0.490601,1.29367,-0.00063003
0.515643,1.29365,-0.000567395
0.560718,1.29361,-0.000539763
0.585761,1.29359,-0.000624184
0.600786,1.29358,-0.000570718
0.620819,1.29356,-0.000533401
0.665894,1.29353,-0.000514872
0.670902,1.29352,-0.00051644
0.710969,1.29349,-0.000555181
0.736012,1.29347,-0.000614174
0.761053,1.29345,-0.000548332
0.801118,1.29342,-0.000508436
0.82616,1.2934,-0.000500507
0.85621,1.29338,-0.000494299
0.901284,1.29335,-0.000480221
0.931338,1.29333,-0.000499367
0.956363,1.2933,-0.000375457
0.981376,1.29328,-0.000215179
1.0114,1.29328,-0.000287533
1.03141,1.29327,-0.000351426
1.07145,1.29325,-0.00033647
1.09647,1.29324,-0.0002613
1.12149,1.29324,-0.00024539
1.1415,1.29323,-0.000263273
1.17153,1.29322,-0.00022563
1.19655,1.29321,-0.000192601
1.21156,1.29321,-0.000185649
1.23659,1.2932,-0.000168339
1.2566,1.2932,-0.000142617
1.27162,1.2932,-0.000134582
1.29163,1.29319,-0.000100197
1.32166,1.29319,-6.33163e-05
1.35169,1.29318,-3.64481e-05
1.37671,1.29318,-9.96685e-07
1.44677,1.29318,0.000123324
1.4768,1.29318,0.000195506
1.49682,1.29318,0.000321034
1.50683,1.29318,0.000382349
1.54186,1.29319,0.000522771
1.57689,1.29321,0.000729149
1.62193,1.29325,0.00108337
1.65196,1.29328,0.00137718
1.6719,1.29336,0.000987631
1.7119,1.29338,0.0015389
1.73683,1.29341,0.00184536
1.76685,1.29347,0.00234652
1.78592,1.29352,0.00231413
1.80346,1.29355,0.00204203
1.8232,1.29359,0.0019072
1.84049,1.29362,0.00215219
1.858,1.29367,0.00257603
1.86543,1.29368,0.00275307
1.87397,1.2937,0.00297035
1.88745,1.29373,0.00325779
1.89209,1.29373,0.00240026
1.89348,1.29373,-0.00384035
1.89463,1.29373,-0.0220378
1.89526,1.29371,-0.0731721
1.89568,1.29376,-0.126633
1.89573,1.29375,-0.134182
1.89613,1.29372,-0.179432
1.89682,1.29363,-0.262103
1.89719,1.29355,-0.29988
1.89755,1.29343,-0.337638
1.89781,1.29333,-0.367774
1.89807,1.29322,-0.397916
1.89832,1.29311,-0.428064
1.89858,1.29299,-0.458213
1.89907,1.29272,-0.518512
1.89926,1.29262,-0.541124
1.89979,1.29227,-0.608979
1.90034,1.29185,-0.684382
1.90061,1.29163,-0.722078
1.90087,1.29139,-0.75977
1.90111,1.29115,-0.797459
1.90131,1.29095,-0.827609
1.90175,1.29042,-0.902974
1.90184,1.29031,-0.918046
1.90212,1.28991,-0.970794
1.90227,1.28968,-1.00093
1.90245,1.28939,-1.03861
1.90265,1.28903,-1.08381
1.90277,1.28878,-1.11394
1.90291,1.28847,-1.15161
1.90304,1.28814,-1.19762
1.90307,1.28805,-1.22177
1.90315,1.28777,-1.26862
1.90323,1.2875,-1.31547
1.90328,1.28731,-1.34654
1.90334,1.28696,-1.40926
1.9034,1.28661,-1.44765
1.90364,1.28496,-1.50927
1.90362,1.28186,-1.65558
1.90358,1.28145,-1.67992
1.90321,1.27969,-1.79156
1.90057,1.27799,-1.89704
1.89164,1.27948,-2.02662
1.888,1.27869,-2.08423
1.8832,1.27592,-2.16793
1.86769,1.26258,-2.37322
1.85967,1.25532,-2.44973
1.84784,1.24448,-2.54545
1.83087,1.23202,-2.65539
1.80212,1.21665,-2.76208
1.78247,1.20813,-2.76662
1.75676,1.19734,-2.6985
1.74328,1.19125,-2.65145
1.73225,1.18578,-2.60461
1.72681,1.18306,-2.57655
1.72094,1.17993,-2.53932
1.71572,1.17667,-2.50232
1.71092,1.17308,-2.49565
1.71023,1.17257,-2.52616
1.70997,1.17237,-2.56377
1.70968,1.17218,-2.60134
1.70908,1.17185,-2.67657
1.70877,1.17171,-2.71421
1.70813,1.17145,-2.78944
1.70793,1.17139,-2.81203
1.70727,1.1712,-2.88727
1.70693,1.17112,-2.92489
1.70659,1.17106,-2.96248
1.70625,1.17101,-3.00012
1.7057,1.17096,-3.0603
1.70563,1.17095,-3.06781
1.70507,1.17094,-3.12802
1.70479,1.17094,3.1251
1.70402,1.17104,3.06559
1.69595,1.17263,3.00299
1.69199,1.17356,2.99127
1.68371,1.17559,2.97263
1.67334,1.17836,2.95306
1.64316,1.18596,2.9151
1.62675,1.18975,2.91497
1.60609,1.19427,2.95114
1.59878,1.19569,2.96883
1.57546,1.19927,3.03141
1.55863,1.20083,3.07207
1.51664,1.20181,-3.12139
1.49202,1.20081,-3.08295
1.47224,1.19945,-3.07215
1.44727,1.19771,-3.08243
1.4221,1.19645,-3.10644
1.39196,1.19569,-3.12335
1.34683,1.19527,-3.13657
1.33681,1.19524,-3.13737
1.3218,1.19518,-3.1364
1.28181,1.19489,-3.12948
1.23681,1.19426,-3.12531
1.2118,1.19385,-3.1244
1.18677,1.19344,-3.12555
1.16675,1.19312,-3.12673
1.14173,1.19276,-3.12773
1.12171,1.19249,-3.12788
1.09669,1.19215,-3.12778
1.08168,1.19194,-3.12771
1.05666,1.19159,-3.12762
1.02664,1.19118,-3.12757
0.996616,1.19076,-3.12757
0.951582,1.19013,-3.12758
0.921559,1.18971,-3.12761
0.901544,1.18943,-3.1276
0.846503,1.18867,-3.12758
0.826488,1.18839,-3.12758
0.801469,1.18804,-3.1276
0.771446,1.18762,-3.12761
0.751431,1.18735,-3.1276
0.7114,1.18679,-3.12757
0.666366,1.18616,-3.12757
0.656359,1.18602,-3.12755
0.636344,1.18574,-3.12754
0.616328,1.18546,-3.12754
0.596313,1.18518,-3.12757
0.551278,1.18455,-3.12756
0.536267,1.18434,-3.12756
0.511248,1.184,-3.12753
0.481225,1.18358,-3.12753
0.46121,1.1833,-3.12753
0.441194,1.18302,-3.12752
0.421179,1.18274,-3.12754
0.366136,1.18197,-3.12753
0.346121,1.18169,-3.12752
0.321102,1.18134,-3.12748
0.281071,1.18078,-3.12749
0.261055,1.1805,-3.1275
0.236036,1.18015,-3.12747
0.211017,1.1798,-3.12748
0.160978,1.17909,-3.12748
0.140963,1.17881,-3.12746
0.115944,1.17846,-3.12746
0.080917,1.17797,-3.12744
0.0609018,1.17769,-3.12742
0.0358823,1.17734,-3.12739
-0.00915262,1.1767,-3.12739
-0.0291679,1.17642,-3.12737
-0.0541868,1.17607,-3.12736
-0.079233,1.1757,-3.12736
-0.109183,1.17528,-3.12738
-0.123327,1.17509,-3.12737
-0.156859,1.17466,-3.12879
-0.174653,1.17446,-3.1297
-0.192773,1.17428,-3.13046
-0.202893,1.17418,-3.13073
-0.211444,1.17411,-3.13082
-0.218432,1.17407,-3.13075
-0.223854,1.17404,-3.13051
-0.227695,1.17403,-3.13008
-0.230535,1.17404,-3.12559
-0.231855,1.17405,-3.09878
-0.231405,1.17408,-3.03248
-0.231048,1.1741,-2.98763
-0.230814,1.17413,-2.95771
-0.230242,1.17426,-2.88292
-0.230072,1.1743,-2.86047
-0.229795,1.17439,-2.82307
-0.229249,1.17459,-2.74827
-0.228983,1.1747,-2.71087
-0.228669,1.17485,-2.66601
-0.228259,1.17508,-2.60615
-0.22801,1.17523,-2.56875
-0.227716,1.17543,-2.52384
-0.227526,1.17556,-2.4939
-0.227161,1.17585,-2.43408
-0.226938,1.17605,-2.39662
-0.226725,1.17625,-2.35921
-0.22636,1.17663,-2.29185
-0.226206,1.17681,-2.2619
-0.226058,1.17699,-2.23195
-0.225881,1.17722,-2.19453
-0.225745,1.17741,-2.16458
-0.225491,1.17781,-2.10468
-0.225345,1.17806,-2.06725
-0.22521,1.17832,-2.02983
-0.225057,1.17864,-1.98487
-0.224987,1.17881,-1.9624
-0.224782,1.17935,-1.88755
-0.224695,1.17963,-1.85014
-0.224616,1.17992,-1.81268
-0.224551,1.18021,-1.77527
-0.224505,1.18044,-1.74534
-0.22446,1.18073,-1.70794
-0.224952,1.17822,-1.64011
-0.224983,1.17534,-1.50424
-0.224592,1.17343,-1.38276
-0.220599,1.16433,-1.13508
-0.219829,1.16299,-1.11047
-0.20556,1.14299,-0.847918
-0.20556,1.14299,-0.847918
-0.181055,1.11744,-0.596398
-0.157342,1.09989,-0.467772
-0.141444,1.09143,-0.417938
-0.126976,1.08529,-0.373864
-0.112472,1.08031,-0.321894
-0.106428,1.0786,-0.295774
-0.0983248,1.07667,-0.252293
-0.0895102,1.07544,-0.16516
-0.0882338,1.07542,-0.123643
-0.0864393,1.07519,-0.0937891
-0.0824393,1.07481,-0.0576713
-0.0748802,1.07443,-0.0191747
-0.0681648,1.07436,0.00347313
-0.0601034,1.07451,0.0236564
-0.034084,1.07611,0.0642831
-0.0179195,1.07757,0.0811886
0.0245387,1.08227,0.113384
0.0416138,1.0843,0.111994
0.0850736,1.08883,0.0782323
0.107743,1.0904,0.0539136
0.130906,1.09152,0.0313032
0.154983,1.09192,0.00705011
0.179666,1.09187,-0.0122659
0.209584,1.09123,-0.0292855
0.224055,1.09084,-0.0258339
0.248808,1.09022,-0.0247057
0.278545,1.0896,-0.0195609
0.29356,1.08931,-0.0192599
0.318592,1.08882,-0.0204458
0.343621,1.08829,-0.0216871
0.368645,1.08774,-0.0221598
0.388662,1.08729,-0.0223184
0.408676,1.08684,-0.022299
0.428691,1.08639,-0.0222633
0.478728,1.08528,-0.0221371
0.483731,1.08517,-0.0221489
0.523762,1.08427,-0.0221633
0.543778,1.08383,-0.0221557
0.568796,1.08327,-0.0221666
0.598819,1.0826,-0.0221689
0.643853,1.0816,-0.0221677
0.668872,1.08104,-0.0221753
0.688887,1.08059,-0.0221643
0.698895,1.08037,-0.0221737
0.71891,1.07992,-0.0221937
0.75894,1.07903,-0.0221607
0.778956,1.07858,-0.0221772
0.798971,1.07814,-0.0221689
0.849009,1.07702,-0.0221843
0.879031,1.07635,-0.0221828
0.899046,1.0759,-0.022198
0.919062,1.07546,-0.0221829
0.964096,1.07445,-0.0221673
0.964096,1.07445,-0.0221673
1.00413,1.07356,-0.022174
1.02414,1.07311,-0.0221991
1.07418,1.07199,-0.0222208
1.07418,1.07199,-0.0222208
1.0992,1.07143,-0.0221839
1.12922,1.07076,-0.022191
1.14924,1.07032,-0.0221711
1.16925,1.06987,-0.0221903
1.18927,1.06942,-0.0221827
1.20928,1.06898,-0.0222077
1.25432,1.06797,-0.0222002
1.30435,1.06685,-0.022205
1.32437,1.06641,-0.0221916
1.34438,1.06596,-0.0222126
1.39442,1.06484,-0.0222002
1.41444,1.06439,-0.0222224
1.43445,1.06395,-0.0222089
1.45947,1.06339,-0.0222229
1.48449,1.06283,-0.0222346
1.50451,1.06238,-0.0222551
1.54954,1.06137,-0.0222427
1.57456,1.06081,-0.0222394
1.59958,1.06025,-0.0222423
1.64962,1.05913,-0.02227
1.67464,1.05858,-0.0222525
1.69966,1.05801,-0.0222784
1.72968,1.05734,-0.0223538
1.76912,1.0565,-0.0222297
1.76912,1.0565,-0.0222297
1.8072,1.05596,-0.0189577
1.81095,1.05591,-0.0184204
1.83739,1.05569,-0.0137375
1.84825,1.05565,-0.0112817
1.85755,1.05563,-0.00887625
1.87145,1.05564,-0.00422707
1.87604,1.05564,-0.00230195
1.87966,1.05565,-0.00153519
1.88145,1.05565,-0.0106831
1.88256,1.05565,-0.0378496
1.88291,1.05563,-0.0750796
1.8836,1.05557,-0.149725
1.88395,1.05553,-0.187068
1.88454,1.05542,-0.246984
1.88497,1.0553,-0.291917
1.88554,1.05512,-0.35182
1.88582,1.05502,-0.381778
1.88617,1.05488,-0.419232
1.88651,1.05472,-0.456687
1.88684,1.05455,-0.494151
1.88723,1.05434,-0.539142
1.8878,1.05398,-0.606639
1.88834,1.05359,-0.674169
1.88851,1.05345,-0.696662
1.88884,1.05316,-0.741728
1.88937,1.05265,-0.816851
1.88957,1.05243,-0.846906
1.88981,1.05215,-0.884487
1.89022,1.05163,-0.952136
1.89039,1.05139,-0.982228
1.8907,1.0509,-1.04241
1.89088,1.05058,-1.08003
1.89095,1.05045,-1.09508
1.89112,1.05012,-1.1327
1.89129,1.04972,-1.17785
1.89138,1.04952,-1.20043
1.8915,1.04918,-1.23804
1.89162,1.04883,-1.27567
1.89184,1.04798,-1.36597
1.89194,1.04741,-1.42619
1.8921,1.04682,-1.46315
1.89254,1.04455,-1.49565
1.89295,1.03941,-1.53471
1.89304,1.03628,-1.56389
1.89288,1.03092,-1.64202
1.89062,1.01927,-1.90548
1.88792,1.01293,-2.0878
1.88297,1.00898,-2.18459
1.87715,1.00515,-2.27865
1.86194,0.992855,-2.53276
1.84846,0.982371,-2.71749
1.83786,0.976194,-2.84654
1.82611,0.971567,-2.97404
1.80724,0.967513,3.13756
1.7976,0.96675,3.06604
1.78111,0.967364,2.96612
1.74628,0.97512,2.83646
1.72922,0.980559,2.83016
1.71556,0.984899,2.85487
1.70173,0.988986,2.90498
1.66005,0.996768,3.10411
1.64329,0.997047,-3.1083
1.59519,0.991867,-2.98948
1.57666,0.988772,-2.97553
1.55824,0.985649,-2.97549
1.51146,0.979065,-3.05682
1.4818,0.977419,-3.11555
1.46689,0.977175,-3.13323
1.44194,0.977161,-3.14045
1.41206,0.977176,-3.13617
1.37714,0.976795,-3.12061
1.3422,0.975887,-3.10978
1.32221,0.975237,-3.10731
1.26716,0.973456,-3.11313
1.25214,0.973042,-3.11563
1.2071,0.971931,-3.11727
1.18208,0.971326,-3.11759
1.15707,0.970726,-3.11706
1.14207,0.970358,-3.11667
1.12206,0.969858,-3.11626
1.07705,0.968712,-3.11585
1.04703,0.96794,-3.11596
1.02702,0.96743,-3.11608
1.00201,0.966789,-3.11623
0.956992,0.965654,-3.1163
0.93198,0.965018,-3.1163
0.901967,0.964259,-3.11622
0.891964,0.964008,-3.1162
0.876957,0.963626,-3.11619
0.831938,0.962482,-3.11615
0.821934,0.962226,-3.11614
0.781915,0.96121,-3.11617
0.751902,0.960446,-3.11618
0.736895,0.960065,-3.11618
0.706883,0.959302,-3.11615
0.656862,0.958034,-3.11615
0.63185,0.957395,-3.11616
0.60684,0.956762,-3.11615
0.576827,0.955997,-3.11614
0.56182,0.955615,-3.11613
0.536809,0.95498,-3.11615
0.511799,0.954342,-3.11612
0.496791,0.953958,-3.11614
0.441767,0.952559,-3.11613
0.421759,0.952051,-3.11611
0.396748,0.951411,-3.11611
0.366736,0.950651,-3.11609
0.346726,0.95014,-3.11611
0.326719,0.949628,-3.11608
0.306709,0.949118,-3.11609
0.271696,0.948226,-3.11606
0.251685,0.947715,-3.11608
0.226676,0.94708,-3.11607
0.176654,0.945801,-3.11606
0.156646,0.945292,-3.11604
0.131635,0.944654,-3.11604
0.0816147,0.943374,-3.11599
0.0566036,0.942735,-3.11599
0.0365962,0.942224,-3.11596
-0.0134262,0.940939,-3.11594
-0.0384351,0.940301,-3.1159
-0.063447,0.939655,-3.11587
-0.0884567,0.939013,-3.11583
-0.118469,0.938239,-3.11575
-0.137495,0.937769,-3.11551
-0.154951,0.937351,-3.11489
-0.170847,0.936951,-3.11388
-0.197921,0.93626,-3.11056
-0.209108,0.935967,-3.10824
-0.218727,0.935712,-3.10546
-0.228545,0.935442,-3.10194
-0.239157,0.93523,-3.09634
-0.242617,0.935221,-3.09171
-0.244342,0.935251,-3.06931
-0.244313,0.935279,-3.04124
-0.244063,0.935308,-3.01105
-0.24376,0.935349,-2.97322
-0.243397,0.935411,-2.92785
-0.242921,0.935518,-2.86732
-0.242567,0.935616,-2.82192
-0.242104,0.935773,-2.76133
-0.241875,0.935862,-2.73106
-0.241215,0.93617,-2.64023
-0.240999,0.936285,-2.60999
-0.240786,0.936407,-2.57976
-0.24028,0.936739,-2.50415
-0.240233,0.936774,-2.49656
-0.2398,0.937108,-2.4286
-0.239521,0.937346,-2.38335
-0.23935,0.937511,-2.35313
-0.239176,0.937681,-2.32299
-0.238619,0.93818,-2.24138
-0.238619,0.93818,-2.24138
-0.238398,0.938405,-2.21191
-0.238251,0.938597,-2.18188
-0.238098,0.938829,-2.1441
-0.237855,0.939222,-2.08394
-0.237743,0.939422,-2.05388
-0.237612,0.939676,-2.0163
-0.237468,0.939987,-1.97122
-0.237299,0.94041,-1.91109
-0.237206,0.940679,-1.87353
-0.237108,0.941006,-1.82846
-0.236988,0.941504,-1.76088
-0.236988,0.941504,-1.76088
-0.236927,0.941841,-1.71583
-0.237289,0.940086,-1.65537
-0.237354,0.939271,-1.63285
-0.237323,0.936156,-1.48679
-0.236919,0.934247,-1.35281
-0.236919,0.934247,-1.35281
-0.233417,0.926333,-1.10201
-0.227546,0.917517,-0.935933
-0.221802,0.91019,-0.826326
-0.205925,0.893533,-0.619845
-0.205925,0.893533,-0.619845
-0.19338,0.882872,-0.512927
-0.165651,0.867716,-0.319018
-0.15418,0.863974,-0.275489
-0.139461,0.85997,-0.255419
-0.125741,0.856602,-0.250845
-0.116285,0.85444,-0.247632
-0.102083,0.851399,-0.241489
-0.096391,0.85047,-0.237294
-0.096391,0.85047,-0.237294
-0.0920747,0.849886,-0.180664
-0.0923106,0.849914,-0.150923
-0.0923106,0.849914,-0.150923
-0.0882221,0.848645,-0.0944105
-0.0842442,0.847987,-0.0800764
-0.0789253,0.84728,-0.0698518
-0.0722649,0.84652,-0.0634213
-0.0523582,0.844543,-0.0617561
-0.0353101,0.842817,-0.0696927
-0.0222607,0.841392,-0.0778232
-0.0040509,0.839531,-0.0893102
0.0162371,0.837486,-0.101554
0.0423267,0.834766,-0.0990904
0.0652277,0.832599,-0.0775368
0.094206,0.830908,-0.033917
0.108979,0.830531,-0.022843
0.128937,0.830195,-0.0126985
0.148901,0.830028,-0.00447608
0.173895,0.829967,-0.000538103
0.198908,0.829968,0.000942762
0.228948,0.829969,-0.00221116
0.248987,0.829907,-0.0051045
0.269022,0.829785,-0.00715503
0.289049,0.829632,-0.00817758
0.289049,0.829632,-0.00817758
0.309068,0.829464,-0.00797054
0.349097,0.829152,-0.00694472
0.349097,0.829152,-0.00694472
0.369114,0.82901,-0.00676422
0.394135,0.828838,-0.00672227
0.419158,0.828668,-0.00671643
0.449185,0.828463,-0.00675717
0.469203,0.828326,-0.0067732
0.494226,0.828153,-0.00676421
0.519249,0.827982,-0.0067885
0.544271,0.827809,-0.00676931
0.574298,0.827603,-0.0067697
0.589312,0.8275,-0.00677429
0.639357,0.827156,-0.00676755
0.66438,0.826985,-0.00675195
0.684398,0.826847,-0.00675031
0.709421,0.826675,-0.00677169
0.734444,0.826504,-0.00675466
0.754462,0.826366,-0.00673867
0.779485,0.826195,-0.00676066
0.819522,0.82592,-0.00674416
0.83954,0.825782,-0.00672991
0.864564,0.825611,-0.00675324
0.919615,0.825234,-0.00673718
0.949643,0.825028,-0.00674199
0.969661,0.824891,-0.00673229
0.98968,0.824753,-0.00672333
1.0097,0.824616,-0.00675433
1.03472,0.824445,-0.00673678
1.06475,0.824239,-0.0067314
1.08477,0.824102,-0.00671758
1.12981,0.823794,-0.00673099
1.13481,0.82376,-0.00671862
1.15483,0.823623,-0.00670822
1.17485,0.823485,-0.00673885
1.19487,0.823348,-0.00673575
1.21989,0.823177,-0.00671665
1.23491,0.823074,-0.00671468
1.25993,0.822903,-0.00672625
1.30998,0.822561,-0.00673153
1.335,0.822389,-0.00669149
1.36002,0.822219,-0.00670478
1.38505,0.822048,-0.00672457
1.41007,0.821877,-0.00670337
1.43509,0.821705,-0.00671213
1.45511,0.821569,-0.00670605
1.48014,0.821398,-0.00671376
1.51016,0.821193,-0.00670793
1.53018,0.821057,-0.00669204
1.5502,0.82092,-0.00667619
1.57523,0.82075,-0.00668723
1.60025,0.82058,-0.00667057
1.63028,0.820375,-0.00667249
1.6503,0.820239,-0.00669933
1.67034,0.820104,-0.00661707
1.69037,0.819969,-0.00652423
1.71542,0.8198,-0.0065181
1.73988,0.819644,-0.00658995
1.75343,0.819568,-0.00678625
1.75775,0.819545,-0.00686594
1.79226,0.819346,-0.0081523
1.80799,0.819252,-0.00927096
1.82128,0.819167,-0.0105037
1.83399,0.819087,-0.0117041
1.8405,0.819055,-0.0122046
1.84545,0.819045,-0.0124237
1.84883,0.81905,-0.0123581
1.85099,0.819051,-0.017272
1.85232,0.819049,-0.0332284
1.85287,0.819042,-0.0601091
1.85315,0.819026,-0.0900978
1.85344,0.819004,-0.120127
1.8538,0.818972,-0.157691
1.85417,0.818926,-0.195221
1.85453,0.818854,-0.23279
1.85468,0.818821,-0.247822
1.85526,0.818664,-0.307931
1.85569,0.818522,-0.353028
1.85583,0.818471,-0.368062
1.85604,0.818389,-0.390616
1.85639,0.818243,-0.428212
1.85673,0.818084,-0.465813
1.85706,0.817912,-0.503421
1.85739,0.817728,-0.541035
1.85765,0.817572,-0.57113
1.8579,0.817409,-0.601228
1.8585,0.816968,-0.676487
1.85873,0.81678,-0.699069
1.85907,0.816485,-0.751763
1.85907,0.816485,-0.751763
1.85939,0.816176,-0.796935
1.85955,0.816016,-0.819523
1.8598,0.815742,-0.857172
1.86003,0.81546,-0.894823
1.86026,0.815169,-0.932476
1.86052,0.814809,-0.977663
1.86064,0.814625,-1.00026
1.8608,0.814376,-1.03038
1.86095,0.814122,-1.06051
1.86113,0.813798,-1.09817
1.86132,0.813402,-1.14337
1.86144,0.813134,-1.17349
1.86158,0.812793,-1.21116
1.8617,0.812448,-1.24882
1.8617,0.812448,-1.24882
1.86177,0.812239,-1.27142
1.86187,0.811887,-1.30908
1.86195,0.811603,-1.33921
1.86209,0.810883,-1.41453
1.86219,0.810444,-1.45199
1.86246,0.809121,-1.48158
1.86268,0.806614,-1.53765
1.8621,0.799966,-1.77617
1.86126,0.796803,-1.8842
1.85985,0.793415,-1.98147
1.85755,0.789122,-2.07908
1.85171,0.78063,-2.22782
1.84444,0.771666,-2.35258
1.8328,0.759378,-2.49618
1.82341,0.751124,-2.58785
1.80984,0.741497,-2.69232
1.79818,0.734811,-2.76038
1.78368,0.727923,-2.81249
1.76697,0.72244,-2.84732
1.7576,0.719905,-2.86744
1.74793,0.717523,-2.89213
1.74065,0.716128,-2.91618
1.73584,0.715342,-2.93971
1.73291,0.715142,-2.99125
1.73291,0.715142,-2.99125
1.73263,0.715103,-3.0213
1.73228,0.715067,-3.05886
1.73185,0.71504,-3.10394
1.73134,0.715032,3.12663
1.73107,0.715038,3.09658
1.73025,0.715164,3.06002
1.72681,0.715837,3.02187
1.72296,0.716657,3.00035
1.71786,0.717928,2.98103
1.71151,0.719611,2.96048
1.70183,0.722466,2.9326
1.6951,0.724448,2.91572
1.68501,0.72721,2.89498
1.68501,0.72721,2.89498
1.66846,0.731518,2.88486
1.66266,0.733045,2.88838
1.64748,0.736895,2.9113
1.62764,0.741245,2.96222
1.61372,0.743586,2.99544
1.59964,0.745529,3.01
1.58463,0.747491,3.02203
1.55607,0.750603,3.05939
1.53448,0.752097,3.09029
1.51757,0.752873,3.09747
1.49994,0.753638,3.10293
1.48151,0.754301,3.11538
1.46231,0.754657,3.13598
1.43762,0.754428,-3.11464
1.41306,0.753467,-3.08837
1.38897,0.752029,-3.08092
1.34398,0.74955,-3.09832
1.31389,0.748451,-3.10877
1.29405,0.747794,-3.10882
1.26903,0.746986,-3.10896
1.24903,0.746338,-3.1089
1.22402,0.745524,-3.1088
1.19401,0.744542,-3.10869
1.179,0.74405,-3.10862
1.13399,0.742569,-3.10863
1.11398,0.741911,-3.10864
1.10398,0.741583,-3.10865
1.08397,0.740925,-3.10866
1.06397,0.740267,-3.10865
1.04396,0.73961,-3.10864
1.01895,0.738788,-3.10865
0.988945,0.737801,-3.10863
0.97394,0.737308,-3.10863
0.953934,0.736651,-3.10862
0.933928,0.735993,-3.10865
0.913921,0.735336,-3.10865
0.888913,0.734513,-3.10863
0.873909,0.73402,-3.10863
0.853902,0.733362,-3.10862
0.828895,0.73254,-3.10863
0.798885,0.731553,-3.1086
0.763875,0.730401,-3.1086
0.713859,0.728756,-3.1086
0.708857,0.728592,-3.10863
0.668844,0.727276,-3.10861
0.643836,0.726454,-3.10861
0.618824,0.725627,-3.10859
0.593789,0.724797,-3.1086
0.578771,0.724302,-3.10863
0.548736,0.723318,-3.10868
0.528714,0.722663,-3.10868
0.508693,0.72201,-3.1087
0.458639,0.720374,-3.10865
0.408585,0.718735,-3.10858
0.383558,0.717914,-3.10855
0.34852,0.716764,-3.10854
0.313483,0.715614,-3.10851
0.273441,0.714298,-3.1085
0.253418,0.713639,-3.10848
0.228392,0.712817,-3.10844
0.203365,0.711992,-3.10843
0.17834,0.711168,-3.10838
0.158319,0.710508,-3.10838
0.138297,0.709847,-3.10837
0.118275,0.709186,-3.10834
0.0782344,0.707863,-3.10829
0.0582122,0.7072,-3.10826
0.0331868,0.70637,-3.10818
0.018171,0.705872,-3.10815
-0.00184915,0.705207,-3.10812
-0.0268756,0.704373,-3.10805
-0.0569068,0.703371,-3.10796
-0.0919418,0.702198,-3.10779
-0.0919418,0.702198,-3.10779
-0.135205,0.700782,-3.11101
-0.160144,0.700136,-3.11692
-0.181552,0.69971,-3.12281
-0.204611,0.699423,-3.13038
-0.217788,0.699342,-3.13565
-0.224612,0.699322,-3.13887
-0.230933,0.699319,3.14067
-0.234851,0.699321,3.13822
-0.236696,0.699328,-3.13783
-0.237621,0.699339,-3.1136
-0.237423,0.699349,-3.07731
-0.237059,0.699374,-3.03262
-0.236825,0.699401,-3.00281
-0.236533,0.699446,-2.9655
-0.236251,0.6995,-2.92825
-0.235914,0.69958,-2.8835
-0.235693,0.699641,-2.8537
-0.235416,0.699728,-2.81639
-0.234822,0.699953,-2.73435
-0.234613,0.700046,-2.70454
-0.234613,0.700046,-2.70454
-0.234149,0.700279,-2.63742
-0.233949,0.700391,-2.6076
-0.2337,0.700542,-2.57028
-0.233508,0.700668,-2.54045
-0.233274,0.700833,-2.50317
-0.232997,0.701044,-2.45838
-0.232862,0.701155,-2.43598
-0.232513,0.701466,-2.3762
-0.232347,0.701627,-2.34633
-0.232143,0.701839,-2.30895
-0.231952,0.702054,-2.27161
-0.231765,0.70228,-2.23421
-0.231658,0.702419,-2.21177
-0.231488,0.702652,-2.17442
-0.231324,0.702895,-2.13699
-0.231201,0.703092,-2.10709
-0.231085,0.703293,-2.07718
-0.230971,0.703501,-2.04721
-0.230843,0.703759,-2.00984
-0.230698,0.704079,-1.96493
-0.230612,0.704295,-1.93503
-0.23051,0.704571,-1.89759
-0.230404,0.704906,-1.8527
-0.230342,0.70513,-1.8228
-0.230236,0.705589,-1.76294
-0.230401,0.705771,-1.68267
-0.2308,0.704309,-1.65864
-0.231191,0.701624,-1.63631
-0.231558,0.696493,-1.6099
-0.231789,0.68812,-1.57492
-0.231763,0.684949,-1.55959
-0.231305,0.675841,-1.51812
-0.230388,0.663478,-1.4581
-0.229755,0.656187,-1.42523
-0.22874,0.649321,-1.41099
-0.226867,0.639229,-1.39969
-0.221798,0.613943,-1.34705
-0.218128,0.599605,-1.29262
-0.213157,0.584084,-1.22206
-0.200502,0.552769,-1.1001
-0.194248,0.540024,-1.06476
-0.18629,0.524835,-1.05085
-0.175094,0.505881,-1.02405
-0.167867,0.493765,-1.00009
-0.152535,0.470433,-0.940534
-0.152535,0.470433,-0.940534
-0.139771,0.452024,-0.885497
-0.136484,0.44742,-0.866251
-0.133523,0.443737,-0.847313
-0.132283,0.442345,-0.846672
-0.131177,0.441113,-0.865973
-0.130904,0.440811,-0.902809
-0.130692,0.440545,-0.940386
-0.130454,0.440203,-0.985488
-0.130237,0.439846,-1.03063
-0.130101,0.439602,-1.06075
-0.129909,0.43923,-1.10587
-0.129739,0.43885,-1.15101
-0.12951,0.438265,-1.21871
-0.129422,0.438,-1.24879
-0.129344,0.437733,-1.27887
-0.129119,0.436712,-1.39171
-0.129087,0.436505,-1.41426
-0.129045,0.436158,-1.4519
-0.129014,0.435809,-1.48948
-0.128999,0.435459,-1.52712
-0.128997,0.435179,-1.5572
-0.129001,0.434831,-1.5948
-0.129011,0.434628,-1.61734
-0.129028,0.434354,-1.64739
-0.129052,0.434008,-1.685
-0.129077,0.433659,-1.72257
-0.129108,0.433311,-1.7601
-0.129166,0.432895,-1.80516
-0.129352,0.432213,-1.8803
-0.129494,0.431813,-1.92538
-0.129742,0.431227,-1.99306
-0.129929,0.430845,-2.03811
-0.130277,0.430235,-2.11327
-0.130468,0.429937,-2.15088
-0.130711,0.429594,-2.19597
-0.131015,0.429204,-2.2486
-0.131243,0.428939,-2.28618
-0.131529,0.428633,-2.33128
-0.131727,0.428435,-2.36133
-0.131984,0.428197,-2.39896
-0.132302,0.427926,-2.44406
-0.132522,0.427753,-2.47416
-0.132973,0.427428,-2.53429
-0.133267,0.427239,-2.57191
-0.13387,0.426897,-2.64709
-0.134245,0.426714,-2.69225
-0.134499,0.426601,-2.72231
-0.135083,0.426373,-2.78998
-0.135281,0.42631,-2.81255
-0.135548,0.426227,-2.84266
-0.135816,0.426154,-2.87272
-0.135883,0.426138,-2.88024
-0.136155,0.426074,-2.91035
-0.136428,0.42602,-2.94041
-0.13705,0.425923,-3.00807
-0.137398,0.425889,-3.04569
-0.137958,0.425862,-3.10585
-0.138449,0.425865,3.12471
-0.139488,0.426016,3.06549
-0.148506,0.427663,3.00461
-0.154303,0.428943,2.9899
-0.163425,0.431365,2.97041
-0.187902,0.439121,2.90568
-0.206291,0.445482,2.85614
-0.218676,0.449529,2.85365
-0.233122,0.453606,2.87544
-0.249627,0.457428,2.91136
-0.263782,0.45991,2.9582
-0.269075,0.460621,2.97806
-0.271311,0.460941,2.97535
-0.273111,0.461218,2.93924
-0.273515,0.461327,2.88638
-0.273515,0.461327,2.88638
-0.273786,0.461403,2.85614
-0.274396,0.46161,2.78814
-0.274729,0.461744,2.75035
-0.274794,0.461773,2.74277
-0.275376,0.462049,2.67468
-0.275752,0.462254,2.6293
-0.275999,0.4624,2.59908
-0.276239,0.462554,2.56882
-0.276761,0.462924,2.50078
-0.277041,0.463145,2.46301
-0.277311,0.463375,2.42525
-0.277519,0.463567,2.39501
-0.277977,0.463979,2.31935
-0.277977,0.463979,2.31935
-0.278192,0.464214,2.28174
-0.278603,0.464733,2.20639
-0.278766,0.464958,2.1762
-0.27892,0.465187,2.14602
-0.279066,0.46542,2.11585
-0.279066,0.46542,2.11585
-0.279237,0.465718,2.07814
-0.279427,0.466083,2.03289
-0.279544,0.466331,2.00273
-0.27968,0.466645,1.96503
-0.279914,0.467289,1.88964
-0.280012,0.467617,1.85195
-0.280097,0.467948,1.81426
-0.280142,0.468149,1.79164
-0.280195,0.468419,1.76149
-0.28024,0.468678,1.73135
-0.280408,0.469187,1.70219
-0.281408,0.47403,1.65781
-0.282025,0.47846,1.64218
-0.282182,0.479778,1.6389
-0.284121,0.495387,1.61727
-0.285323,0.50701,1.60851
-0.287117,0.533222,1.59825
-0.287877,0.553593,1.57851
-0.28788,0.566905,1.55954
-0.287325,0.58393,1.52443
-0.285649,0.605876,1.45755
-0.283502,0.621522,1.3999
-0.279117,0.642364,1.31635
-0.273929,0.659991,1.24008
-0.254491,0.705073,1.01568
-0.24599,0.721201,0.938855
-0.238048,0.735773,0.874466
-0.231031,0.748785,0.818888
-0.225138,0.760237,0.769833
-0.219419,0.772376,0.717043
-0.214891,0.782121,0.684376
-0.209396,0.795155,0.680061
-0.208944,0.797027,0.700673
-0.209065,0.797442,0.729547
-0.209511,0.7971,0.804225
-0.209763,0.796851,0.849158
-0.209921,0.796679,0.879053
-0.210076,0.796499,0.90902
-0.210406,0.796077,0.976393
-0.210508,0.795933,0.998791
-0.210608,0.795785,1.02128
-0.210887,0.795329,1.08862
-0.211051,0.795018,1.13353
-0.211276,0.794534,1.20086
-0.211403,0.794207,1.24576
-0.211483,0.793983,1.27568
-0.211647,0.793419,1.35048
-0.211704,0.793188,1.38038
-0.211759,0.7929,1.41778
-0.211814,0.79255,1.4626
-0.21183,0.792432,1.47761
-0.211856,0.792195,1.50749
-0.211871,0.79196,1.53741
-0.211885,0.791655,1.57477
-0.211884,0.791291,1.61962
-0.211884,0.791107,1.64205
-0.211882,0.790864,1.67193
-0.211864,0.79033,1.73913
-0.211844,0.789974,1.77653
-0.211821,0.789742,1.81384
-0.211715,0.789218,1.88121
-0.211611,0.788878,1.92611
-0.211447,0.788436,1.98594
-0.21133,0.788162,2.02336
-0.211204,0.787893,2.06077
-0.211096,0.787686,2.09066
-0.210981,0.787477,2.1206
-0.210829,0.787221,2.15802
-0.210534,0.786781,2.22532
-0.210318,0.786494,2.27028
-0.210171,0.786314,2.30017
-0.209977,0.78609,2.33758
-0.209563,0.785665,2.41242
-0.209121,0.785275,2.48727
-0.208889,0.785092,2.52469
-0.208507,0.784821,2.58452
-0.208456,0.784787,2.59206
-0.208107,0.784571,2.64443
-0.207851,0.78443,2.68186
-0.207589,0.784296,2.71927
-0.206831,0.783976,2.82403
-0.206497,0.783865,2.86889
-0.206043,0.783739,2.92875
-0.205814,0.783687,2.95869
-0.206961,0.784175,3.03377
-0.214774,0.785462,3.07013
-0.223767,0.786448,3.08306
-0.229388,0.786963,3.08641
-0.240449,0.787917,3.08811
-0.271954,0.789972,3.08709
-0.281793,0.7905,3.09406
-0.315708,0.79139,-3.13415
-0.330313,0.790948,-3.09637
-0.34513,0.79011,-3.07116
-0.363653,0.788674,-3.06254
-0.383448,0.786846,-3.04394
-0.408663,0.783843,-2.99994
-0.444917,0.777199,-2.91052
-0.46308,0.773187,-2.87812
-0.504242,0.761875,-2.86759
-0.533106,0.75368,-2.86235
-0.571591,0.74265,-2.86355
-0.590853,0.737162,-2.86585
-0.643904,0.722319,-2.87203
-0.663211,0.717003,-2.87346
-0.687338,0.710381,-2.87314
-0.71599,0.702586,-2.87192
-0.749915,0.693527,-2.86589
-0.749915,0.693527,-2.86589
-0.786398,0.683957,-2.85608
-0.803445,0.679619,-2.85006
-0.812681,0.677485,-2.84595
-0.819467,0.676039,-2.84204
-0.823805,0.675189,-2.84134
-0.825661,0.674705,-2.84992
-0.826514,0.674508,-2.87208
-0.826843,0.674388,-2.90951
-0.827238,0.674294,-2.95455
-0.827512,0.674247,-2.98461
-0.827788,0.67421,-3.01466
-0.828066,0.674181,-3.0447
-0.828415,0.67416,-3.08224
-0.828975,0.674151,3.14087
-0.829317,0.674163,3.10336
-0.829728,0.674183,3.0584
-0.830073,0.67421,3.02089
-0.830491,0.674243,2.97595
-0.830769,0.674276,2.94597
-0.831117,0.674329,2.90849
-0.831392,0.674394,2.87843
-0.831665,0.674472,2.84844
-0.831934,0.674561,2.81839
-0.832202,0.674657,2.78839
-0.832464,0.674763,2.75835
-0.833109,0.675059,2.68327
-0.833605,0.675331,2.62321
-0.833787,0.675439,2.60071
-0.83443,0.675874,2.51811
-0.83471,0.676088,2.48055
-0.834979,0.676312,2.44301
-0.835032,0.676358,2.4355
-0.835293,0.676595,2.39792
-0.835594,0.676891,2.35285
-0.835783,0.677095,2.3228
-0.836016,0.677359,2.28522
-0.836233,0.677629,2.24767
-0.836363,0.677797,2.22511
-0.836682,0.678255,2.16498
-0.836866,0.678549,2.12743
-0.837074,0.678913,2.08231
-0.837204,0.67916,2.05223
-0.837353,0.679474,2.01468
-0.837492,0.679794,1.97707
-0.837592,0.680053,1.94697
-0.837686,0.680315,1.91692
-0.837793,0.680647,1.87931
-0.837869,0.680914,1.84927
-0.837967,0.681321,1.80416
-0.838092,0.682008,1.72896
-0.8381,0.682077,1.72144
-0.838349,0.682901,1.69311
-0.83864,0.684986,1.6647
-0.838884,0.688136,1.60351
-0.838884,0.688136,1.60351
-0.838341,0.694961,1.38368
-0.837219,0.699105,1.24176
-0.83578,0.702656,1.13531
-0.833246,0.706968,1.03377
-0.828522,0.713699,0.909913
-0.823154,0.720343,0.810224
-0.819942,0.723956,0.762224
-0.814482,0.7297,0.688942
-0.803781,0.739504,0.57182
-0.791195,0.747761,0.464188
-0.778129,0.754662,0.38816
-0.767491,0.759267,0.352118
-0.756805,0.76339,0.342213
-0.746046,0.767367,0.35875
-0.732638,0.77261,0.408735
-0.722229,0.777293,0.475597
-0.70418,0.787193,0.634524
-0.697314,0.791759,0.70483
-0.6919,0.796023,0.759861
-0.687035,0.800608,0.807045
-0.684389,0.803468,0.826889
-0.681403,0.806829,0.804763
-0.681163,0.807086,0.767252
-0.680911,0.807323,0.729669
-0.680591,0.807589,0.684494
-0.680426,0.807718,0.661922
-0.680258,0.807843,0.639352
-0.679796,0.808154,0.579143
-0.679498,0.808336,0.541542
-0.679133,0.808535,0.496371
-0.678631,0.80878,0.436205
-0.678311,0.808914,0.398573
-0.678311,0.808914,0.398573
-0.677723,0.809128,0.330878
-0.677323,0.809249,0.285748
-0.676714,0.809391,0.218016
-0.67637,0.809457,0.18042
-0.675931,0.809557,0.143146
-0.673844,0.810112,0.110965
-0.670694,0.811417,0.0892567
-0.665582,0.813181,0.0775718
-0.651338,0.816375,0.0664817
-0.64048,0.818047,0.0600745
-0.627513,0.819557,0.0536687
-0.612438,0.820893,0.0475346
-0.575959,0.823114,0.0371184
-0.554559,0.824038,0.0334096
-0.526331,0.825006,0.025547
-0.501407,0.825463,0.00546556
-0.471253,0.825311,-0.0204284
-0.428849,0.824843,-0.0114459
-0.405384,0.82477,0.00336461
-0.380691,0.824882,8.82549e-05
-0.356726,0.824872,-0.00131461
-0.338145,0.824866,-0.00141842
-0.318758,0.824774,-0.0114512
-0.288641,0.824022,-0.042984
-0.263535,0.822641,-0.0723009
-0.231551,0.820817,-0.106319
-0.211622,0.819827,-0.124102
-0.190932,0.818976,-0.137724
-0.173774,0.818483,-0.142416
-0.166511,0.81839,-0.141654
-0.156369,0.818442,-0.135884
-0.147427,0.818686,-0.122338
-0.144278,0.818802,-0.113263
-0.140016,0.81903,-0.0767581
-0.140383,0.819114,-0.00453318
-0.140633,0.819122,0.0252202
-0.141308,0.819108,0.107097
-0.141669,0.819075,0.151718
-0.142205,0.818996,0.218647
-0.142554,0.81893,0.263202
-0.143078,0.818798,0.330219
-0.143362,0.818706,0.367396
-0.1437,0.818578,0.412079
-0.143921,0.818484,0.441837
-0.144138,0.818384,0.471599
-0.144138,0.818384,0.471599
-0.144409,0.818247,0.508865
-0.144619,0.818132,0.538636
-0.144828,0.818012,0.568416
-0.145231,0.817751,0.627975
-0.145426,0.817611,0.657764
-0.145667,0.817427,0.695069
-0.145898,0.817236,0.732307
-0.14638,0.816786,0.814321
-0.146506,0.816656,0.836713
-0.146706,0.816435,0.873976
-0.147083,0.815968,0.948623
-0.147256,0.815726,0.985905
-0.147423,0.815475,1.02329
-0.14775,0.814907,1.10543
-0.147857,0.814695,1.13529
-0.14798,0.814426,1.17259
-0.148096,0.81415,1.20999
-0.148219,0.813814,1.25482
-0.148291,0.813588,1.28468
-0.148429,0.813075,1.35184
-0.148513,0.812667,1.40409
-0.148575,0.812255,1.45635
-0.148641,0.812015,1.50184
-0.148662,0.811645,1.592
-0.148807,0.811766,1.67979
-0.150229,0.81584,1.85561
-0.15693,0.828256,2.07508
-0.163306,0.837442,2.18128
-0.169957,0.846213,2.2652
-0.187168,0.86633,2.42618
-0.215445,0.889881,2.56371
-0.234367,0.902135,2.58819
-0.257067,0.916439,2.55042
-0.271434,0.925828,2.51487
-0.281151,0.932548,2.48647
-0.285414,0.935622,2.47228
-0.299789,0.946562,2.40836
-0.303643,0.949876,2.3819
-0.306734,0.952796,2.36827
-0.30803,0.954065,2.37548
-0.308181,0.954213,2.42807
-0.307739,0.953832,2.50278
-0.307459,0.95362,2.54767
-0.307266,0.953485,2.57761
-0.306768,0.953173,2.65243
-0.306717,0.953145,2.65989
-0.306299,0.952924,2.71976
-0.306086,0.952826,2.74971
-0.305817,0.952713,2.78711
-0.305706,0.95267,2.80212
-0.30532,0.952531,2.85443
-0.30504,0.952448,2.89182
-0.304696,0.952354,2.93673
-0.304583,0.952331,2.95164
-0.304292,0.952273,2.9891
-0.304433,0.952463,3.03186
-0.306016,0.952937,3.05463
-0.308947,0.953496,3.07268
-0.314495,0.954281,3.08934
-0.323933,0.95524,3.10139
-0.331896,0.955984,3.10508
-0.357695,0.957756,3.10428
-0.37722,0.958847,3.09806
-0.380766,0.959041,3.09667
-0.416432,0.961025,3.08049
-0.438243,0.962328,3.08206
-0.480956,0.964857,3.09417
-0.503781,0.965742,3.12161
-0.55148,0.965174,-3.09625
-0.590499,0.962666,-3.0542
-0.618961,0.960536,-3.06906
-0.643178,0.958945,-3.08794
-0.663131,0.95792,-3.09098
-0.687539,0.956826,-3.09983
-0.720204,0.955815,-3.11903
-0.764118,0.954662,-3.10565
-0.788541,0.953647,-3.08967
-0.842991,0.949467,-3.03923
-0.857843,0.947936,-3.03328
-0.877681,0.945797,-3.03525
-0.877681,0.945797,-3.03525
-0.897598,0.943658,-3.03808
-0.937486,0.939628,-3.04545
-0.957151,0.937832,-3.04956
-0.975341,0.936343,-3.05519
-0.991966,0.935063,-3.06247
-1.00702,0.934069,-3.07116
-1.02364,0.933149,-3.0837
-1.0378,0.932571,-3.09772
-1.04034,0.93249,-3.10065
-1.04952,0.932256,-3.11269
-1.05713,0.932151,-3.12503
-1.06316,0.932123,-3.13736
-1.07142,0.932133,3.11595
-1.07275,0.932154,3.08314
-1.07303,0.932172,3.05334
-1.07358,0.932218,2.99358
-1.07393,0.932263,2.95617
-1.07434,0.932326,2.91121
-1.07462,0.932384,2.88117
-1.07489,0.932457,2.85119
-1.07523,0.932566,2.81367
-1.07589,0.932825,2.73862
-1.07615,0.932941,2.70863
-1.07646,0.933099,2.67109
-1.07702,0.93341,2.60356
-1.07731,0.9336,2.56602
-1.0776,0.933799,2.52852
-1.0781,0.934186,2.46091
-1.07858,0.934604,2.39333
-1.07877,0.934799,2.36331
-1.07902,0.935052,2.32574
-1.07934,0.935421,2.27314
-1.07951,0.935639,2.24307
-1.07972,0.935917,2.20553
-1.08014,0.936557,2.12283
-1.08034,0.93692,2.07772
-1.0805,0.937229,2.04013
-1.08067,0.937607,1.99501
-1.08078,0.937862,1.96496
-1.08101,0.938516,1.88974
-1.08105,0.938648,1.87472
-1.08115,0.938984,1.83714
-1.08121,0.939255,1.80707
-1.08126,0.939527,1.77702
-1.08136,0.940079,1.71687
-1.08144,0.940597,1.67169
-1.08152,0.941866,1.57614
-1.0811,0.944515,1.32352
-1.08012,0.947603,1.14148
-1.07915,0.94968,1.03534
-1.07725,0.952373,0.932773
-1.06944,0.960902,0.724247
-1.05391,0.974105,0.495841
-1.05391,0.974105,0.495841
-1.04238,0.981063,0.370371
-1.00763,0.992442,0.145486
-0.969593,0.998026,0.173955
-0.956137,1.00075,0.256351
-0.934897,1.00782,0.465231
-0.912556,1.02041,0.794282
-0.901954,1.02898,1.01553
-0.893473,1.03835,1.25964
-0.883048,1.06069,1.96963
-0.879584,1.07702,2.63042
-0.882957,1.0884,-3.07784
-0.891554,1.0921,-2.51126
-0.900039,1.09057,-2.14484
-0.914317,1.07862,-1.45336
-0.916056,1.06324,-0.930731
-0.915333,1.06007,-0.839015
-0.911994,1.05227,-0.631411
-0.907248,1.04559,-0.453673
-0.90404,1.04271,-0.358809
-0.899757,1.04015,-0.252364
-0.891973,1.0388,-0.0598129
-0.889932,1.03885,0.0174037
-0.884403,1.03941,0.104879
-0.879636,1.0402,0.14708
-0.873532,1.04151,0.189032
-0.854914,1.04722,0.282353
-0.838988,1.05258,0.330312
-0.827639,1.05658,0.339679
-0.816082,1.06064,0.324577
-0.804257,1.06449,0.2877
-0.788275,1.06911,0.227218
-0.771519,1.07283,0.171716
-0.717938,1.07991,0.0522309
-0.696261,1.08061,0.00158958
-0.6616,1.07989,-0.0347946
-0.617522,1.07763,-0.0608359
-0.56773,1.07406,-0.0806622
-0.56773,1.07406,-0.0806622
-0.543022,1.07201,-0.0805949
-0.51355,1.06965,-0.0716313
-0.498623,1.06861,-0.0636232
-0.498623,1.06861,-0.0636232
-0.483677,1.06769,-0.0572322
-0.438764,1.06532,-0.0450814
-0.403783,1.06373,-0.0446208
-0.378787,1.0626,-0.0452772
-0.363788,1.06192,-0.0456608
-0.333792,1.06054,-0.0462439
-0.308795,1.05938,-0.0466125
-0.253807,1.0568,-0.0471267
-0.214801,1.05502,-0.0475505
-0.174138,1.05323,-0.0489829
-0.143269,1.05193,-0.0508397
-0.125632,1.05127,-0.052078
-0.11329,1.05094,-0.0526211
-0.110344,1.05098,-0.0515831
-0.1079,1.0511,-0.0169351
-0.108209,1.05112,0.0270077
-0.108452,1.05113,0.0566702
-0.109054,1.05109,0.130909
-0.109355,1.05105,0.168067
-0.109589,1.05102,0.197726
-0.109885,1.05096,0.234866
-0.110461,1.05081,0.309025
-0.110693,1.05074,0.338756
-0.110918,1.05067,0.368404
-0.111199,1.05056,0.40552
-0.111744,1.05032,0.479692
-0.112013,1.05019,0.516829
-0.11222,1.05007,0.546487
-0.112631,1.04982,0.605933
-0.112827,1.04969,0.635617
-0.113025,1.04954,0.665406
-0.113578,1.04909,0.754551
-0.113711,1.04897,0.776879
-0.113887,1.0488,0.806718
-0.114054,1.04863,0.836475
-0.114176,1.0485,0.858818
-0.114257,1.04841,0.873743
-0.114332,1.04832,0.88858
-0.114524,1.04809,0.925874
-0.114705,1.04785,0.963171
-0.11491,1.04756,1.00791
-0.114972,1.04746,1.02276
-0.1151,1.04725,1.05266
-0.115218,1.04705,1.08246
-0.115463,1.04657,1.14962
-0.115582,1.0463,1.18686
-0.115714,1.04597,1.23163
-0.115756,1.04585,1.24659
-0.11583,1.04563,1.2764
-0.115917,1.04534,1.31374
-0.115992,1.04505,1.35107
-0.11604,1.04482,1.38088
-0.116087,1.04453,1.41814
-0.115737,1.04573,1.46499
-0.115607,1.0484,1.58774
-0.115794,1.05025,1.73593
-0.118945,1.05684,2.14361
-0.123608,1.06262,2.31326
-0.13778,1.07546,2.59539
-0.147849,1.08184,2.72934
-0.158832,1.08708,2.83466
-0.182554,1.09418,2.94211
-0.19273,1.09642,2.94434
-0.21662,1.1022,2.85726
-0.230435,1.1067,2.75617
-0.254112,1.11882,2.49771
-0.274167,1.13595,2.1547
-0.293141,1.16988,1.48163
-0.294805,1.19932,0.984014
-0.291105,1.21395,0.772807
-0.282934,1.23408,0.508464
-0.279847,1.23948,0.446118
-0.275568,1.24349,0.426809
-0.275129,1.24362,0.477076
-0.275769,1.24331,0.566869
-0.276224,1.24302,0.634317
-0.276472,1.24285,0.671792
-0.276889,1.24251,0.739171
-0.277538,1.24189,0.851537
-0.277693,1.24172,0.881489
-0.277996,1.24135,0.941397
-0.278344,1.24087,1.01624
-0.278503,1.24062,1.0537
-0.278653,1.24037,1.09116
-0.278871,1.23995,1.15103
-0.278967,1.23973,1.18101
-0.279188,1.23919,1.25581
-0.279266,1.23896,1.28577
-0.279449,1.23828,1.37557
-0.279498,1.23805,1.40551
-0.279538,1.23782,1.43538
-0.279579,1.23752,1.47279
-0.279626,1.23705,1.53264
-0.279638,1.23681,1.56257
-0.279642,1.2362,1.63736
-0.279634,1.23584,1.6822
-0.2796,1.235,1.78685
-0.279575,1.23477,1.81673
-0.279463,1.23426,1.88411
-0.279357,1.23392,1.92902
-0.279167,1.23341,1.99641
-0.279024,1.23309,2.04126
-0.278722,1.23251,2.1236
-0.278442,1.23206,2.19091
-0.278238,1.23177,2.23582
-0.278094,1.23158,2.26577
-0.277712,1.23113,2.33316
-0.277552,1.23096,2.37052
-0.277552,1.23096,2.37052
-0.277342,1.23075,2.40795
-0.277125,1.23055,2.44537
-0.276763,1.23024,2.5053
-0.276527,1.23006,2.54271
-0.276238,1.22986,2.58763
-0.275786,1.22958,2.65498
-0.275786,1.22958,2.65498
-0.275212,1.22929,2.73731
-0.274998,1.2292,2.76727
-0.274725,1.22908,2.80468
-0.274394,1.22897,2.84955
-0.273887,1.22882,2.9169
-0.2736,1.22875,2.95428
-0.273795,1.22893,2.99688
-0.275455,1.22944,3.01884
-0.279426,1.23033,3.03891
-0.288514,1.2321,3.05421
-0.295544,1.23348,3.0595
-0.301703,1.23447,3.06319
-0.324733,1.23719,3.0723
-0.327717,1.23748,3.07308
-0.333929,1.23804,3.07451
-0.347373,1.23913,3.07663
-0.366066,1.24045,3.07787
-0.386658,1.24176,3.08116
-0.412923,1.24318,3.10386
-0.467504,1.24333,-3.10874
-0.489964,1.24246,-3.09947
-0.534493,1.24132,-3.13931
-0.551776,1.24146,3.11519
-0.572794,1.24236,3.08103
-0.592604,1.24382,3.05484
-0.592604,1.24382,3.05484
-0.624237,1.24662,3.06871
-0.672455,1.2486,-3.12977
-0.691256,1.24808,-3.08925
-0.733032,1.24547,-3.07505
-0.75681,1.24389,-3.08349
-0.761489,1.24362,-3.08697
-0.800373,1.24159,-3.08686
-0.825297,1.24014,-3.07686
-0.85019,1.23843,-3.0667
-0.890024,1.23522,-3.05825
-0.914948,1.23314,-3.05792
-0.984845,1.22756,-3.06686
-1.00483,1.22609,-3.06947
-1.04975,1.22286,-3.06761
-1.07967,1.22063,-3.06519
-1.09463,1.21948,-3.06454
-1.11459,1.21795,-3.06431
-1.13953,1.21602,-3.06429
-1.16946,1.2137,-3.06436
-1.19441,1.21177,-3.06444
-1.2443,1.20792,-3.06447
-1.26924,1.20599,-3.06444
-1.29418,1.20406,-3.06444
-1.30915,1.20291,-3.06443
-1.32911,1.20136,-3.06441
-1.37899,1.19751,-3.06436
-1.40394,1.19558,-3.06436
-1.42888,1.19364,-3.06436
-1.46879,1.19056,-3.06435
-1.47378,1.19017,-3.06435
-1.51369,1.18708,-3.06433
-1.55859,1.18361,-3.06428
-1.58852,1.18129,-3.06423
-1.61347,1.17936,-3.06419
-1.62344,1.17858,-3.06417
-1.63841,1.17742,-3.06409
-1.66805,1.1752,-3.06418
-1.68624,1.17397,-3.06512
-1.70677,1.17262,-3.068
-1.71791,1.17193,-3.07076
-1.7314,1.17116,-3.07551
-1.74332,1.17056,-3.08139
-1.75367,1.17012,-3.08823
-1.77122,1.16966,-3.10627
-1.77754,1.1696,-3.11751
-1.78298,1.16957,3.14112
-1.78379,1.16958,3.11
-1.78413,1.1696,3.07278
-1.7867,1.17465,3.08536
-1.79062,1.18272,-3.12945
-1.79491,1.19061,-3.08744
-1.7997,1.19916,-3.06377
-1.80521,1.20904,-3.03857
-1.80874,1.21637,-3.01998
-1.80987,1.22152,-3.0206
-1.80974,1.22247,-3.02717
-1.8092,1.22299,-3.04016
-1.80842,1.2233,-3.05458
-1.80783,1.22338,-3.06329
-1.807,1.2235,-3.07575
-1.80612,1.2236,-3.08714
-1.8041,1.22394,-3.11227
-1.80209,1.22407,-3.13434
-1.80107,1.22414,3.13756
-1.79991,1.22415,3.12649
-1.79854,1.22421,3.11137
-1.79629,1.22438,3.08817
-1.79522,1.22453,3.07728
-1.79313,1.22479,3.05317
-1.7908,1.22514,3.0247
-1.79054,1.2252,3.02233
-1.78794,1.22562,2.99446
-1.78635,1.226,2.97521
-1.78417,1.22652,2.94947
-1.78304,1.22679,2.93647
-1.78047,1.22746,2.90646
-1.78016,1.22756,2.90361
-1.77754,1.22834,2.87385
-1.77574,1.22894,2.85499
-1.77451,1.22937,2.84277
-1.77167,1.23043,2.81654
-1.77103,1.23068,2.8108
-1.76819,1.23186,2.78527
-1.76651,1.23259,2.77251
-1.76485,1.23333,2.75923
-1.76311,1.23412,2.74735
-1.75963,1.23573,2.72308
-1.75791,1.23655,2.71058
-1.75649,1.23724,2.70118
-1.75507,1.23793,2.6918
-1.75185,1.23956,2.67145
-1.74975,1.2407,2.65752
-1.74734,1.24206,2.64087
-1.74389,1.24405,2.61765
-1.74188,1.2453,2.60326
-1.73889,1.2472,2.58199
-1.7376,1.24806,2.57208
-1.73632,1.24893,2.56211
-1.73507,1.2498,2.55196
-1.73204,1.25232,2.52024
-1.73108,1.25318,2.5069
-1.72996,1.25423,2.48926
-1.72897,1.25522,2.46982
-1.72813,1.25608,2.45543
-1.72732,1.25692,2.44031
-1.72632,1.258,2.42175
-1.7253,1.25912,2.4036
-1.72325,1.2615,2.36842
-1.72243,1.26249,2.35473
-1.7216,1.2635,2.3412
-1.72076,1.2645,2.32768
-1.71894,1.26682,2.29727
-1.71794,1.26815,2.28059
-1.71617,1.27063,2.25132
-1.71517,1.27206,2.23561
-1.71398,1.27384,2.21745
-1.71363,1.27517,2.16368
-1.71387,1.27551,2.11849
-1.71415,1.276,2.05833
-1.71427,1.27625,2.02825
-1.71438,1.2765,1.99819
-1.71452,1.27682,1.96059
-1.71471,1.27735,1.90047
-1.71481,1.27768,1.86286
-1.7149,1.27802,1.82527
-1.71503,1.2787,1.75012
-1.71508,1.27905,1.71252
-1.71548,1.28074,1.67137
-1.71636,1.28767,1.62735
-1.71675,1.29315,1.60879
-1.71705,1.29997,1.59219
-1.71723,1.31038,1.5739
-1.71673,1.33751,1.54448
-1.7158,1.35782,1.53148
-1.71371,1.39396,1.50953
-1.71245,1.41221,1.49626
-1.7104,1.4367,1.47497
-1.70839,1.45666,1.45659
-1.70599,1.47663,1.44697
-1.70019,1.52124,1.43936
-1.69624,1.55101,1.441
-1.69366,1.57084,1.44383
-1.68864,1.61053,1.44879
-1.68559,1.63536,1.44978
-1.68196,1.66516,1.44977
-1.67954,1.68503,1.44952
-1.67408,1.72974,1.44898
-1.67043,1.75955,1.44871
-1.66807,1.77912,1.44814
-1.66386,1.81389,1.44041
-1.66158,1.83248,1.43221
-1.65909,1.85155,1.42137
-1.65836,1.85712,1.41789
-1.65558,1.87912,1.40325
-1.65479,1.88645,1.39804
-1.65479,1.88645,1.39804
-1.65416,1.89384,1.37954
-1.65405,1.89466,1.35642
-1.65403,1.89497,1.31897
-1.65399,1.89516,1.29639
-1.65369,1.896,1.184
-1.65344,1.89658,1.11605
-1.65321,1.89702,1.06323
-1.653,1.89738,1.01796
-1.65265,1.8979,0.950078
-1.652,1.89871,0.836969
-1.65181,1.89891,0.806813
-1.65146,1.89925,0.754021
-1.6511,1.89957,0.701237
-1.65089,1.89974,0.67108
-1.65016,1.90026,0.573086
-1.64956,1.9006,0.497721
-1.6491,1.90082,0.428353
-1.64883,1.90092,0.373101
-1.64836,1.90107,0.286761
-1.64821,1.90111,0.25505
-1.64785,1.90119,0.192283
-1.64565,1.90205,0.138571
-1.63817,1.90373,0.104273
-1.63242,1.90472,0.0934137
-1.62334,1.90604,0.0850943
-1.60445,1.90852,0.0827263
-1.58079,1.90882,0.0769999
-1.51513,1.90939,0.0493094
-1.49269,1.91009,0.0247773
-1.47474,1.91046,0.0141993
-1.45221,1.91066,0.00792286
-1.43427,1.91069,0.0101042
-1.39127,1.91069,-0.010039
-1.35132,1.90942,-0.0455048
-1.33175,1.90851,-0.0500889
-1.28715,1.9064,-0.0441617
-1.24215,1.90442,-0.0439309
-1.20715,1.90286,-0.0448166
-1.18215,1.90174,-0.0453569
-1.14215,1.89992,-0.0455161
-1.07716,1.89696,-0.0452693
-1.03216,1.89492,-0.0451318
-0.987164,1.89288,-0.0451933
-0.962164,1.89175,-0.0452648
-0.917165,1.88971,-0.0452822
-0.882166,1.88812,-0.0452808
-0.857167,1.88698,-0.0452961
-0.832168,1.88584,-0.0452752
-0.802169,1.88448,-0.0452721
-0.78217,1.88357,-0.0452651
-0.762171,1.88266,-0.0452927
-0.737171,1.88153,-0.045277
-0.707172,1.88016,-0.0452766
-0.707172,1.88016,-0.0452766
-0.672173,1.87857,-0.0452703
-0.622174,1.8763,-0.0452969
-0.602174,1.87539,-0.0452873
-0.582175,1.87448,-0.0452707
-0.557176,1.87335,-0.045279
-0.527177,1.87199,-0.0452803
-0.507177,1.87108,-0.0452686
-0.462178,1.86903,-0.0452663
-0.442178,1.86812,-0.045268
-0.437179,1.8679,-0.0452793
-0.412179,1.86676,-0.0452615
-0.39218,1.86585,-0.0452809
-0.372179,1.86494,-0.0452731
-0.35218,1.86404,-0.04526
-0.32718,1.8629,-0.0452698
-0.307181,1.86199,-0.0452632
-0.292181,1.86131,-0.0452636
-0.272182,1.8604,-0.0452866
-0.252181,1.85949,-0.045277
-0.232182,1.85858,-0.0452622
-0.232182,1.85858,-0.0452622
-0.192182,1.85677,-0.0452709
-0.187183,1.85654,-0.0452613
-0.172183,1.85586,-0.0452627
-0.142183,1.85449,-0.0452647
-0.112184,1.85313,-0.0452685
-0.0671848,1.85108,-0.0452993
-0.0371854,1.84972,-0.0452877
0.0028144,1.8479,-0.0452466
0.0278141,1.84677,-0.0452516
0.0478285,1.84586,-0.045208
0.087863,1.84404,-0.0450868
0.112883,1.84291,-0.0450038
0.142904,1.84154,-0.0450493
0.16292,1.84064,-0.0450601
0.192943,1.83928,-0.0450802
0.227968,1.83768,-0.0451279
0.252986,1.83655,-0.0451424
0.283009,1.83518,-0.0451211
0.323038,1.83336,-0.0451035
0.323038,1.83336,-0.0451035
0.348056,1.83223,-0.0451049
0.378076,1.83086,-0.0451467
0.418105,1.82904,-0.0451311
0.428113,1.82859,-0.045137
0.448129,1.82768,-0.0451049
0.488158,1.82586,-0.0450979
0.508171,1.82495,-0.0451247
0.528188,1.82404,-0.0451061
0.548202,1.82314,-0.0451344
0.573221,1.822,-0.045142
0.603243,1.82064,-0.0451252
0.618254,1.81996,-0.0451172
0.673293,1.81746,-0.0451707
0.718328,1.81542,-0.0451583
0.748348,1.81405,-0.0451813
0.768364,1.81314,-0.04515
0.808393,1.81133,-0.0451414
0.828408,1.81042,-0.045169
0.878445,1.80815,-0.0452048
0.908467,1.80679,-0.0451912
0.928482,1.80588,-0.0452084
0.968511,1.80406,-0.0452104
0.983521,1.80338,-0.0452057
1.00854,1.80224,-0.0452099
1.03856,1.80087,-0.0452488
1.07859,1.79906,-0.0452557
1.10361,1.79792,-0.0452535
1.14364,1.7961,-0.0452451
1.16365,1.79519,-0.0452189
1.19367,1.79383,-0.0452648
1.21369,1.79292,-0.0452579
1.2337,1.792,-0.0452909
1.27874,1.78996,-0.0452873
1.32377,1.78791,-0.0453298
1.34879,1.78676,-0.0453474
1.40383,1.78426,-0.0453549
1.42384,1.78334,-0.0453804
1.44386,1.78243,-0.0453644
1.46888,1.78129,-0.04538
1.5089,1.77947,-0.0454119
1.54893,1.77763,-0.0454995
1.57395,1.77649,-0.045526
1.60397,1.77512,-0.0455263
1.644,1.77329,-0.0455379
1.66902,1.77214,-0.0455809
1.70905,1.77031,-0.0456769
1.74908,1.76847,-0.0457917
1.7741,1.76732,-0.0459398
1.80212,1.76612,-0.0436741
1.82283,1.76535,-0.0393695
1.84445,1.76467,-0.0328432
1.85691,1.76438,-0.0278601
1.8792,1.76402,-0.0154954
1.8792,1.76402,-0.0154954
1.88964,1.76396,-0.00695126
1.89465,1.76396,-0.0013172
1.90218,1.76398,-0.016526
1.90271,1.76398,-0.0433255
1.90299,1.76397,-0.0731549
1.90327,1.76395,-0.102981
1.90355,1.76392,-0.132806
1.90384,1.76388,-0.162676
1.90449,1.76376,-0.22983
1.90484,1.76367,-0.267132
1.90527,1.76355,-0.311891
1.90555,1.76346,-0.341728
1.90583,1.76336,-0.371603
1.90617,1.76322,-0.408893
1.90678,1.76294,-0.476094
1.90717,1.76274,-0.520923
1.90743,1.76259,-0.550805
1.90774,1.76239,-0.588213
1.90811,1.76214,-0.633105
1.90834,1.76197,-0.66303
1.90857,1.76179,-0.692966
1.9088,1.7616,-0.722959
1.90907,1.76135,-0.760411
1.90954,1.76089,-0.827914
1.90978,1.76062,-0.865404
1.90984,1.76028,-0.909482
1.90821,1.75977,-0.974046
1.90729,1.75944,-1.01856
1.9069,1.75927,-1.04095
1.90644,1.75904,-1.07087
1.90546,1.75837,-1.15344
1.9053,1.75813,-1.18354
1.90524,1.75789,-1.21358
1.9052,1.75764,-1.24372
1.90529,1.7574,-1.27376
1.90551,1.75667,-1.35649
1.90555,1.75647,-1.37907
1.90605,1.75454,-1.44241
1.90652,1.75123,-1.48157
1.9068,1.74649,-1.56884
1.90615,1.73959,-1.76125
1.90313,1.73629,-1.86988
1.89697,1.7351,-1.94983
1.88841,1.73319,-2.0921
1.88582,1.732,-2.1385
1.87613,1.72536,-2.31907
1.85647,1.70916,-2.58509
1.84637,1.7007,-2.69047
1.83802,1.69504,-2.77205
1.82593,1.68888,-2.87931
1.79669,1.6806,-3.07781
1.76371,1.67984,3.06537
1.75386,1.68085,3.01863
1.74287,1.68259,2.97324
1.73077,1.68496,2.93399
1.71246,1.689,2.91666
1.68999,1.69405,2.94225
1.68999,1.69405,2.94225
1.64352,1.70192,3.01861
1.61384,1.70478,3.0749
1.61384,1.70478,3.0749
1.57977,1.70675,3.08639
1.56375,1.70768,3.08626
1.54265,1.70884,3.0983
1.49714,1.70953,-3.11523
1.47774,1.70869,-3.07524
1.45866,1.70763,-3.05098
1.40717,1.70381,-3.08971
1.38785,1.70293,-3.10485
1.36453,1.70225,-3.11818
1.33621,1.70161,-3.11324
1.29319,1.7,-3.08603
1.26355,1.69797,-3.05907
1.24883,1.69672,-3.05206
1.234,1.69537,-3.04768
1.17468,1.69005,-3.0574
1.14972,1.68798,-3.05928
1.09489,1.6834,-3.05604
1.07496,1.68169,-3.05451
1.05003,1.67951,-3.05414
1.02511,1.67733,-3.05421
1.01015,1.67602,-3.05436
0.960296,1.67167,-3.0548
0.935368,1.66951,-3.05488
0.910441,1.66734,-3.05484
0.870559,1.66388,-3.0547
0.815722,1.6591,-3.05455
0.790795,1.65693,-3.05453
0.765869,1.65476,-3.05447
0.740943,1.65258,-3.05446
0.716017,1.65041,-3.05439
0.678866,1.64731,-3.05628
0.658793,1.64576,-3.06
0.647925,1.64498,-3.06189
0.628838,1.64371,-3.07018
0.618072,1.64311,-3.07585
0.598016,1.64224,-3.09175
0.593911,1.64213,-3.09676
0.587266,1.64207,-3.11108
0.585123,1.64208,3.11693
0.584815,1.64203,3.07089
0.585718,1.64191,3.06679
0.588915,1.64155,3.06368
0.594515,1.64099,3.06239
0.600728,1.64038,3.06233
0.60848,1.63963,3.06283
0.617773,1.63875,3.06363
0.647712,1.63606,3.06394
0.665463,1.63455,3.04958
0.676302,1.63353,3.03438
0.709187,1.62943,2.97232
0.716147,1.62838,2.95463
0.724058,1.62708,2.93058
0.731747,1.62584,2.89973
0.73614,1.62521,2.87487
0.738407,1.62497,2.85646
0.740233,1.62527,2.82643
0.740074,1.62607,2.80325
0.734843,1.63044,2.75044
0.727598,1.63474,2.71874
0.721441,1.63756,2.71335
0.714862,1.64049,2.72897
0.69704,1.64763,2.81326
0.687459,1.65075,2.8649
0.675575,1.65384,2.90242
0.648178,1.66034,2.93373
0.618152,1.66617,2.96466
0.600617,1.66915,2.97591
0.593544,1.67034,2.97775
0.578763,1.67277,2.98849
0.542314,1.6777,3.04748
0.51626,1.67959,3.09163
0.495104,1.68046,3.09271
0.473654,1.68175,3.07893
0.447177,1.68345,3.07677
0.406525,1.68604,3.09476
0.382465,1.68687,3.12457
0.353788,1.68701,-3.13597
0.314952,1.68652,-3.12183
0.295358,1.68614,-3.12129
0.250342,1.68515,-3.11989
0.245338,1.68505,-3.11993
0.210307,1.6843,-3.12087
0.185286,1.68379,-3.12161
0.155259,1.6832,-3.12229
0.110228,1.68233,-3.12217
0.0802102,1.68175,-3.1218
0.0601983,1.68135,-3.12159
0.0151688,1.68045,-3.12145
-0.00984816,1.67995,-3.12142
-0.0398688,1.67935,-3.12149
-0.0648865,1.67885,-3.12155
-0.0899032,1.67835,-3.12158
-0.129931,1.67755,-3.12157
-0.184968,1.67646,-3.12156
-0.199978,1.67616,-3.12155
-0.240005,1.67536,-3.12155
-0.240005,1.67536,-3.12155
-0.260019,1.67496,-3.12154
-0.280032,1.67456,-3.12153
-0.300045,1.67416,-3.12155
-0.320059,1.67376,-3.12154
-0.36509,1.67286,-3.12154
-0.390106,1.67237,-3.12154
-0.415124,1.67187,-3.12152
-0.435137,1.67147,-3.12153
-0.480167,1.67057,-3.12153
-0.530202,1.66957,-3.12152
-0.555218,1.66907,-3.12152
-0.605252,1.66807,-3.12151
-0.635273,1.66747,-3.12151
-0.655286,1.66707,-3.1215
-0.695313,1.66627,-3.12151
-0.72033,1.66577,-3.12151
-0.75035,1.66517,-3.1215
-0.770364,1.66477,-3.12149
-0.790377,1.66437,-3.12148
-0.81039,1.66397,-3.12149
-0.850418,1.66317,-3.1215
-0.910458,1.66196,-3.12147
-0.915462,1.66186,-3.12147
-0.935475,1.66146,-3.12145
-0.985509,1.66046,-3.12146
-1.00552,1.66006,-3.12146
-1.02554,1.65966,-3.12144
-1.04555,1.65926,-3.12145
-1.09059,1.65835,-3.12145
-1.11563,1.65784,-3.12148
-1.1657,1.65684,-3.1215
-1.18573,1.65644,-3.12149
-1.20576,1.65604,-3.12151
-1.22579,1.65565,-3.12148
-1.24581,1.65525,-3.12148
-1.29088,1.65435,-3.12144
-1.35096,1.65315,-3.12134
-1.37099,1.65275,-3.12133
-1.42105,1.65174,-3.12124
-1.43608,1.65143,-3.12121
-1.47613,1.65062,-3.12112
-1.50116,1.65012,-3.12106
-1.55025,1.64917,-3.12104
-1.57185,1.64879,-3.12148
-1.58737,1.64852,-3.12205
-1.62197,1.64799,-3.1245
-1.62934,1.64792,-3.1253
-1.64313,1.64792,-3.12692
-1.64886,1.64792,-3.12778
-1.65614,1.64792,-3.12552
-1.65771,1.64794,-3.07387
-1.65742,1.64796,-3.03636
-1.65719,1.64797,-3.00625
-1.65708,1.64798,-2.9912
-1.65674,1.64801,-2.94608
-1.65652,1.64803,-2.91606
-1.65624,1.64809,-2.87849
-1.65603,1.64815,-2.8485
-1.6554,1.64834,-2.7661
-1.65491,1.64855,-2.69866
-1.65459,1.6487,-2.65368
-1.65413,1.64896,-2.58625
-1.65388,1.64912,-2.54877
-1.65359,1.64932,-2.50388
-1.6533,1.64953,-2.45892
-1.65312,1.64968,-2.42893
-1.65294,1.64983,-2.39901
-1.65272,1.65003,-2.36154
-1.65235,1.65041,-2.29416
-1.65216,1.65063,-2.2567
-1.65197,1.65086,-2.21924
-1.65159,1.65139,-2.13685
-1.6515,1.65153,-2.11443
-1.6514,1.65168,-2.09192
-1.65115,1.65214,-2.02458
-1.65102,1.65241,-1.98714
-1.65088,1.65273,-1.94223
-1.6508,1.65295,-1.91227
-1.6506,1.65356,-1.82994
-1.65054,1.65378,-1.79999
-1.65051,1.6539,-1.78498
-1.65045,1.65419,-1.74757
-1.65071,1.65364,-1.70634
-1.65126,1.65164,-1.68521
-1.65218,1.6435,-1.62121
-1.65222,1.6377,-1.52358
-1.65183,1.6339,-1.43162
-1.64912,1.62483,-1.1618
-1.64478,1.61721,-0.99268
-1.64149,1.61258,-0.9086
-1.62248,1.59203,-0.598585
-1.61555,1.58626,-0.513049
-1.59948,1.57599,-0.343556
-1.57512,1.5665,-0.156418
-1.55223,1.56287,-0.0471796
-1.53754,1.5625,0.00986985
-1.51828,1.56333,0.0599922
-1.48449,1.56638,0.103762
-1.43366,1.57158,0.0667673
-1.414,1.57265,0.0335326
-1.37393,1.57293,-0.0154733
-1.34879,1.57225,-0.0357289
-1.31886,1.57115,-0.0286832
-1.28892,1.57042,-0.0178988
-1.24393,1.56978,-0.0106261
-1.22893,1.56962,-0.00924535
-1.17888,1.56913,-0.0114185
-1.14884,1.56876,-0.0133597
-1.12381,1.56841,-0.0140466
-1.07877,1.56778,-0.013634
-1.06376,1.56757,-0.0133345
-1.03874,1.56724,-0.0129253
-0.968684,1.56634,-0.0126929
-0.96368,1.56627,-0.0127207
-0.943662,1.56602,-0.0127671
-0.898621,1.56543,-0.0129425
-0.868594,1.56504,-0.0130439
-0.828559,1.56451,-0.0130196
-0.778516,1.56386,-0.0129458
-0.753494,1.56353,-0.0129339
-0.728472,1.5632,-0.0129136
-0.708454,1.56294,-0.0129472
-0.673423,1.56248,-0.0129534
-0.643396,1.56209,-0.0129602
-0.588347,1.56137,-0.0129408
-0.563326,1.56105,-0.0129163
-0.533299,1.56065,-0.0129274
-0.498268,1.5602,-0.0129472
-0.473245,1.55987,-0.0129636
-0.4232,1.55921,-0.0129488
-0.393174,1.55882,-0.012946
-0.373156,1.55856,-0.0129334
-0.328116,1.55797,-0.0129385
-0.298089,1.55758,-0.0129458
-0.283076,1.55738,-0.0129476
-0.238035,1.55679,-0.0129457
-0.208008,1.5564,-0.0129395
-0.198,1.55627,-0.0129484
-0.182986,1.55607,-0.0129155
-0.157964,1.55575,-0.0129302
-0.127937,1.55535,-0.0129414
-0.0828961,1.55477,-0.0129454
-0.0328513,1.55411,-0.0129287
-0.00782862,1.55378,-0.0129358
0.0221984,1.55339,-0.0129376
0.0472204,1.55306,-0.0129485
0.0972867,1.55241,-0.0128346
0.117323,1.55215,-0.0127413
0.172415,1.55143,-0.0127133
0.197456,1.55111,-0.0127392
0.222498,1.55078,-0.0127715
0.247539,1.55046,-0.012797
0.267572,1.5502,-0.0127718
0.29762,1.5498,-0.0128101
0.317654,1.54954,-0.0127838
0.342695,1.54922,-0.0127746
0.382761,1.54869,-0.0127664
0.432842,1.54804,-0.0127791
0.462893,1.54765,-0.0127721
0.502959,1.54713,-0.0127663
0.558049,1.54641,-0.0127631
0.57808,1.54614,-0.0127946
0.603122,1.54582,-0.0128046
0.628163,1.54549,-0.0127985
0.648197,1.54523,-0.0127629
0.703286,1.54451,-0.0127998
0.723321,1.54425,-0.0127713
0.748362,1.54392,-0.0127654
0.763387,1.54373,-0.0127596
0.818476,1.54301,-0.0128241
0.828494,1.54288,-0.0127889
0.853535,1.54256,-0.0127826
0.908624,1.54184,-0.0128379
0.928658,1.54158,-0.0128181
0.9537,1.54126,-0.0128125
0.998772,1.54067,-0.0128403
1.02381,1.54034,-0.0128468
1.0739,1.53969,-0.0128422
1.09894,1.53936,-0.0128425
1.139,1.53884,-0.0128334
1.16404,1.53851,-0.0128373
1.21413,1.53786,-0.0128661
1.23917,1.53754,-0.0128762
1.29426,1.53682,-0.0128688
1.32431,1.53643,-0.0128624
1.34434,1.53616,-0.0129017
1.36938,1.53584,-0.0129258
1.38942,1.53558,-0.0129006
1.41446,1.53525,-0.0129065
1.45452,1.53472,-0.0129363
1.47956,1.53439,-0.0129672
1.51963,1.53386,-0.0130379
1.51963,1.53386,-0.0130379
1.57472,1.53314,-0.0130295
1.59976,1.5328,-0.0130147
1.6198,1.53254,-0.0129922
1.63983,1.53228,-0.0130305
1.68991,1.53161,-0.0131278
1.71495,1.53128,-0.0132006
1.72998,1.53108,-0.0132336
1.75001,1.53081,-0.0133193
1.78656,1.53036,-0.0133319
1.80622,1.53014,-0.0133244
1.83543,1.52983,-0.013264
1.85049,1.52968,-0.0131299
1.85857,1.52962,-0.0130306
1.86647,1.52957,-0.0128364
1.87271,1.52957,-0.0126815
1.87458,1.52956,-0.013497
1.87768,1.52955,-0.0819117
1.8781,1.52951,-0.126799
1.87839,1.52948,-0.156736
1.87868,1.52943,-0.186681
1.87904,1.52936,-0.224106
1.87976,1.52918,-0.298995
1.88032,1.52899,-0.358915
1.8804,1.52897,-0.366407
1.88067,1.52886,-0.396375
1.88142,1.52852,-0.47879
1.88169,1.52838,-0.508782
1.88201,1.5282,-0.546271
1.8827,1.52775,-0.628821
1.88293,1.52757,-0.658839
1.88317,1.52739,-0.688848
1.8834,1.5272,-0.718892
1.88394,1.5267,-0.794012
1.88419,1.52644,-0.831588
1.88467,1.52588,-0.906768
1.8849,1.52559,-0.944371
1.88507,1.52535,-0.974455
1.88527,1.52504,-1.01207
1.88549,1.52466,-1.05721
1.88577,1.52415,-1.11741
1.88593,1.52382,-1.15504
1.8861,1.52341,-1.20019
1.88617,1.52321,-1.22275
1.88642,1.52244,-1.30555
1.8865,1.52216,-1.33566
1.88657,1.52181,-1.37329
1.88664,1.52145,-1.4109
1.88708,1.51992,-1.44546
1.88738,1.5177,-1.48081
1.8876,1.51456,-1.55502
1.88754,1.51182,-1.63686
1.88702,1.50831,-1.77216
1.88639,1.50593,-1.86789
1.87965,1.49409,-2.24996
1.87965,1.49409,-2.24996
1.87495,1.48835,-2.39065
1.85902,1.47371,-2.69453
1.85222,1.46901,-2.79208
1.83096,1.4595,-3.03791
1.81648,1.45667,3.11478
1.79932,1.45632,3.00328
1.77411,1.4606,2.93588
1.76579,1.46236,2.94162
1.75747,1.46399,2.95944
1.73352,1.46769,3.02143
1.72436,1.46881,3.04125
1.71098,1.47014,3.06652
1.69626,1.47119,3.0905
1.65821,1.47232,3.13844
1.63431,1.4721,-3.12128
1.62942,1.47199,-3.11735
1.56985,1.46995,-3.11024
1.54481,1.46917,-3.11402
1.51473,1.46843,-3.12103
1.4947,1.46805,-3.12328
1.46967,1.46761,-3.12427
1.44465,1.46719,-3.12406
1.41464,1.46666,-3.12346
1.39462,1.4663,-3.12315
1.33959,1.46528,-3.12295
1.32458,1.465,-3.12295
1.30456,1.46463,-3.12301
1.28455,1.46426,-3.1231
1.26453,1.46389,-3.12315
1.23951,1.46343,-3.12319
1.20449,1.46279,-3.12318
1.16946,1.46215,-3.12316
1.13944,1.4616,-3.12316
1.11943,1.46123,-3.12317
1.08941,1.46068,-3.12318
1.05939,1.46013,-3.12317
1.03937,1.45977,-3.12316
0.999343,1.45903,-3.12316
0.974325,1.45857,-3.12314
0.944304,1.45802,-3.12315
0.92429,1.45766,-3.12317
0.899272,1.4572,-3.12315
0.859243,1.45646,-3.12316
0.824218,1.45582,-3.12315
0.794197,1.45527,-3.12317
0.754128,1.45453,-3.12319
0.734099,1.45416,-3.12322
0.689034,1.45334,-3.12321
0.658992,1.45279,-3.1232
0.608919,1.45188,-3.12318
0.558848,1.45097,-3.12319
0.538819,1.4506,-3.12319
0.488748,1.44969,-3.12319
0.478733,1.44951,-3.12317
0.428661,1.4486,-3.12319
0.403627,1.44814,-3.12319
0.373585,1.4476,-3.12317
0.328519,1.44677,-3.12315
0.298477,1.44622,-3.12314
0.283455,1.44595,-3.12314
0.228377,1.44494,-3.12314
0.20835,1.44458,-3.12316
0.18832,1.44421,-3.12315
0.138251,1.4433,-3.12313
0.108206,1.44275,-3.12313
0.0631428,1.44193,-3.1231
0.0130717,1.44101,-3.12312
-0.0319914,1.44019,-3.1231
-0.0570272,1.43973,-3.1231
-0.0870697,1.43918,-3.12309
-0.112105,1.43872,-3.1231
-0.152161,1.43799,-3.12306
-0.20223,1.43707,-3.12302
-0.217253,1.43679,-3.12303
-0.227266,1.43661,-3.12305
-0.247295,1.43624,-3.12305
-0.287352,1.43551,-3.12307
-0.297365,1.43533,-3.12307
-0.332415,1.43468,-3.12304
-0.347436,1.43441,-3.12308
-0.362457,1.43413,-3.12307
-0.387492,1.43367,-3.12306
-0.417534,1.43312,-3.12303
-0.432557,1.43284,-3.12302
-0.45759,1.43238,-3.12302
-0.507661,1.43146,-3.12303
-0.52769,1.43109,-3.12301
-0.572753,1.43027,-3.12302
-0.62783,1.42925,-3.12299
-0.667886,1.42852,-3.12297
-0.692921,1.42806,-3.12297
-0.722965,1.4275,-3.12296
-0.768028,1.42667,-3.12293
-0.788054,1.4263,-3.12294
-0.808084,1.42593,-3.12293
-0.853146,1.4251,-3.12294
-0.883189,1.42454,-3.12293
-0.903216,1.42417,-3.12293
-0.958295,1.42315,-3.12289
-0.978322,1.42278,-3.12285
-1.00336,1.42232,-3.12284
-1.04341,1.42158,-3.12286
-1.07846,1.42093,-3.12285
-1.1035,1.42046,-3.12284
-1.14856,1.41963,-3.12282
-1.1736,1.41916,-3.12276
-1.22867,1.41814,-3.12275
-1.24369,1.41786,-3.12274
-1.26372,1.41748,-3.12271
-1.29877,1.41683,-3.12269
-1.3188,1.41645,-3.12269
-1.35885,1.4157,-3.12265
-1.38389,1.41523,-3.12261
-1.42895,1.41438,-3.12251
-1.44898,1.41401,-3.12248
-1.46901,1.41362,-3.12242
-1.49905,1.41306,-3.12235
-1.52909,1.41248,-3.12226
-1.57386,1.41163,-3.12215
-1.61329,1.41093,-3.12379
-1.63181,1.41063,-3.12506
-1.63181,1.41063,-3.12506
-1.65079,1.41037,-3.12664
-1.67643,1.41008,-3.12966
-1.68282,1.41003,-3.13072
-1.68859,1.41002,-3.13193
-1.69201,1.41003,-3.13118
-1.69401,1.41005,-3.08438
-1.69378,1.41006,-3.05475
-1.69348,1.41009,-3.0175
-1.69319,1.41013,-2.98026
-1.69302,1.41016,-2.95789
-1.69256,1.41026,-2.89822
-1.69234,1.41031,-2.86841
-1.6918,1.41049,-2.79388
-1.69153,1.41059,-2.75658
-1.69126,1.4107,-2.71935
-1.69111,1.41077,-2.69698
-1.69064,1.41101,-2.62986
-1.69015,1.41131,-2.55522
-1.6901,1.41134,-2.54778
-1.69,1.4114,-2.53284
-1.68963,1.41168,-2.47316
-1.68936,1.4119,-2.42836
-1.68914,1.41209,-2.39101
-1.68885,1.41237,-2.33873
-1.68869,1.41254,-2.30886
-1.68838,1.41289,-2.24904
-1.68807,1.41331,-2.1818
-1.68807,1.41331,-2.1818
-1.68771,1.41384,-2.09949
-1.68749,1.41425,-2.03968
-1.68736,1.41451,-2.00224
-1.68722,1.41484,-1.95734
-1.68707,1.41522,-1.90499
-1.6869,1.41577,-1.8302
-1.68682,1.41612,-1.78532
-1.6867,1.41675,-1.70305
-1.6867,1.41675,-1.70305
-1.68704,1.4153,-1.6367
-1.68703,1.41186,-1.49877
-1.68673,1.41051,-1.34442
-1.6853,1.40694,-1.08513
-1.68377,1.40459,-0.959244
-1.67615,1.39638,-0.70357
-1.66732,1.38921,-0.543751
-1.64616,1.37763,-0.287841
-1.63595,1.37462,-0.200397
-1.62553,1.37262,-0.13623
-1.60392,1.37042,-0.0784903
-1.59277,1.36954,-0.0861412
-1.58128,1.36845,-0.113746
-1.5459,1.36136,-0.337764
-1.53447,1.35695,-0.453395
-1.52111,1.34984,-0.618794
-1.50651,1.33908,-0.850837
-1.49573,1.3285,-1.07194
-1.48708,1.31692,-1.31591
-1.47865,1.29754,-1.76378
-1.47683,1.28736,-2.00709
-1.47585,1.27485,-2.32628
-1.47647,1.26346,-2.65681
-1.47957,1.25272,-3.05702
-1.48202,1.24869,3.02711
-1.49417,1.2413,2.37188
-1.50206,1.24089,2.05958
-1.5052,1.24124,1.94036
-1.51104,1.24303,1.70758
-1.5162,1.24694,1.41813
-1.51928,1.25345,1.0792
-1.51879,1.26213,0.721271
-1.51586,1.26782,0.500198
-1.50565,1.27701,0.148896
-1.50022,1.27863,0.0211037
-1.49187,1.27813,-0.118696
-1.48659,1.27714,-0.187
-1.4622,1.2691,-0.398397
-1.45486,1.26589,-0.43344
-1.44225,1.25973,-0.473061
-1.42779,1.25217,-0.487216
-1.40897,1.24268,-0.425974
-1.39949,1.23856,-0.363914
-1.36452,1.22866,-0.116102
-1.35878,1.22805,-0.0860585
-1.34688,1.22722,-0.0255513
-1.3345,1.22723,0.0194232
-1.31755,1.22808,0.0689968
-1.29462,1.23044,0.120623
-1.27819,1.23268,0.141047
-1.2618,1.23509,0.143947
-1.2618,1.23509,0.143947
-1.24079,1.23815,0.13119
-1.19443,1.24341,0.0609643
-1.16931,1.24436,0.0136303
-1.1497,1.24437,-0.00528031
-1.13031,1.2442,-0.00239869
-1.11041,1.24417,0.00577823
-1.08544,1.2444,0.0157698
-1.03549,1.24551,0.0285891
-1.01049,1.24624,0.0291961
-0.990461,1.24679,0.0249054
-0.9654,1.24735,0.0189963
-0.93534,1.24784,0.0148839
-0.915321,1.24813,0.0140871
-0.895306,1.2484,0.01438
-0.870297,1.24877,0.0157091
-0.845289,1.24916,0.0169534
-0.795265,1.25003,0.0177432
-0.795265,1.25003,0.0177432
-0.765245,1.25056,0.0174849
-0.750235,1.25082,0.0172514
-0.730222,1.25116,0.017005
-0.710208,1.2515,0.0168368
-0.685192,1.25192,0.0167604
-0.655174,1.25242,0.0167943
-0.625155,1.25293,0.0168596
-0.610147,1.25318,0.0168798
-0.585132,1.2536,0.0168965
-0.555113,1.25411,0.0168804
-0.535102,1.25444,0.0168938
-0.515089,1.25478,0.0168823
-0.490073,1.25521,0.0168862
-0.470061,1.25554,0.0169023
-0.445046,1.25596,0.016887
-0.425035,1.2563,0.0169003
-0.380006,1.25707,0.016888
-0.354992,1.25748,0.0169
-0.324973,1.25799,0.016902
-0.299957,1.25841,0.0168824
-0.269939,1.25892,0.0168822
-0.249927,1.25926,0.0168997
-0.229914,1.2596,0.0168904
-0.18989,1.26027,0.0169013
-0.184887,1.26035,0.0169017
-0.119847,1.26145,0.01691
-0.0748206,1.26221,0.0169164
-0.0598108,1.26247,0.0169022
-0.0397997,1.2628,0.0169205
-0.0197867,1.26314,0.0169082
0.00522872,1.26357,0.0168982
0.0352468,1.26407,0.0168871
0.0552579,1.26441,0.0169116
0.0752714,1.26475,0.0169258
0.125301,1.26559,0.0169379
0.150316,1.26601,0.016923
0.150316,1.26601,0.016923
0.195343,1.26678,0.0169464
0.225362,1.26728,0.0169299
0.265387,1.26796,0.0168994
0.315418,1.26881,0.0169242
0.370451,1.26974,0.016946
0.410475,1.27042,0.0169539
0.455502,1.27118,0.0169559
0.465508,1.27135,0.0169215
0.480517,1.2716,0.0169382
0.510535,1.27211,0.0169383
0.510535,1.27211,0.0169383
0.555563,1.27287,0.0169479
0.575574,1.27321,0.0169741
0.595587,1.27355,0.0169611
0.645617,1.2744,0.0169371
0.670632,1.27482,0.0169488
0.695647,1.27524,0.0169537
0.720662,1.27567,0.0169696
0.725666,1.27575,0.016972
0.770694,1.27652,0.016954
0.795707,1.27694,0.0169778
0.825725,1.27745,0.0169819
0.845737,1.27779,0.0169786
0.900771,1.27872,0.016981
0.910777,1.27889,0.0170034
0.93079,1.27923,0.0169943
0.955806,1.27966,0.0169835
0.98082,1.28008,0.0169766
1.01084,1.28059,0.0169953
1.03085,1.28093,0.0169969
1.05586,1.28135,0.0169964
1.07588,1.28169,0.0169899
1.08588,1.28186,0.0170148
1.1059,1.2822,0.0170076
1.12591,1.28254,0.0170052
1.14592,1.28288,0.0170232
1.19595,1.28373,0.0170125
1.20095,1.28382,0.0170136
1.21596,1.28407,0.0170402
1.24598,1.28459,0.0170669
1.271,1.28501,0.017062
1.29101,1.28535,0.0170442
1.31102,1.28569,0.017036
1.36105,1.28654,0.0170517
1.38607,1.28697,0.0170695
1.40608,1.28731,0.0170708
1.43109,1.28774,0.0170789
1.46111,1.28825,0.0170769
1.47612,1.28851,0.0170959
1.51614,1.28919,0.0171307
1.51614,1.28919,0.0171307
1.56617,1.29005,0.0171197
1.59119,1.29047,0.0171162
1.59619,1.29056,0.0171216
1.6112,1.29082,0.0171317
1.62621,1.29107,0.0171552
1.69125,1.29219,0.017237
1.71126,1.29254,0.0172847
1.73627,1.29297,0.0173254
1.76119,1.29339,0.0173721
1.78859,1.29384,0.0178763
1.8049,1.29411,0.0189427
1.82308,1.29444,0.0207958
1.84964,1.29495,0.0255142
1.85673,1.2951,0.0272166
1.86293,1.29523,0.0289413
1.87132,1.29538,0.0318128
1.87814,1.29547,0.0351708
1.88027,1.29547,0.0362079
1.88261,1.29548,0.0260663
1.88375,1.29548,-0.00920676
1.88402,1.29548,-0.0390821
1.88478,1.29543,-0.12136
1.88533,1.29537,-0.181148
1.88575,1.2953,-0.226142
1.88582,1.29529,-0.233648
1.88602,1.29525,-0.256131
1.8863,1.29518,-0.286164
1.88663,1.29507,-0.323676
1.88703,1.29493,-0.368658
1.88742,1.29476,-0.413684
1.88768,1.29464,-0.443721
1.88818,1.29438,-0.50375
1.88866,1.29409,-0.563788
1.88924,1.29368,-0.638839
1.88973,1.29328,-0.706449
1.88999,1.29305,-0.743974
1.89038,1.29265,-0.80406
1.89057,1.29244,-0.834135
1.89097,1.29196,-0.901744
1.89122,1.29162,-0.946845
1.89152,1.29116,-1.00696
1.8917,1.29086,-1.04457
1.89189,1.29049,-1.08966
1.89202,1.29024,-1.11968
1.89226,1.28966,-1.18738
1.8925,1.28894,-1.27003
1.89258,1.28867,-1.30011
1.89265,1.2884,-1.33018
1.89272,1.28805,-1.36775
1.89277,1.28771,-1.40533
1.89304,1.28663,-1.46406
1.89311,1.28622,-1.47094
1.89338,1.28353,-1.51788
1.89342,1.27969,-1.61456
1.89235,1.27347,-1.85405
1.89049,1.26892,-2.06334
1.88763,1.26869,-2.10148
1.87852,1.2651,-2.29933
1.87223,1.2605,-2.42902
1.86383,1.25406,-2.55808
1.84128,1.23942,-2.8168
1.82767,1.23444,-2.93068
1.81097,1.2312,-3.02851
1.80268,1.23028,-3.05744
1.77234,1.22802,-3.04972
1.7587,1.22649,-2.98716
1.73562,1.22127,-2.79982
1.72335,1.21662,-2.67527
1.71678,1.21345,-2.61281
1.70749,1.20789,-2.53718
1.70275,1.2045,-2.52431
1.70171,1.20376,-2.54897
1.7012,1.2034,-2.61648
1.70059,1.20308,-2.69172
1.70053,1.20305,-2.69922
1.69995,1.20281,-2.7669
1.69955,1.20267,-2.81202
1.69936,1.20261,-2.83455
1.69902,1.20252,-2.87218
1.69861,1.20242,-2.91731
1.69841,1.20238,-2.93987
1.6982,1.20235,-2.96241
1.69765,1.20227,-3.02257
1.6973,1.20224,-3.06019
1.69688,1.20222,-3.1053
1.69674,1.20223,-3.12034
1.69619,1.20224,3.10272
1.69576,1.20229,3.06538
1.69376,1.20268,3.03234
1.68966,1.20353,3.00552
1.68197,1.20539,2.98154
1.67517,1.20713,2.96689
1.65495,1.2124,2.93433
1.64388,1.21508,2.9236
1.63229,1.21776,2.9298
1.59516,1.22514,2.98715
1.58006,1.22745,3.02789
1.52866,1.22987,-3.09863
1.49987,1.22744,-3.01687
1.45325,1.21964,-2.95445
1.4346,1.21611,-2.96964
1.411,1.21236,-3.01869
1.39133,1.21025,-3.06723
1.3413,1.20869,3.13788
1.33625,1.20873,3.133
1.32117,1.20897,3.12325
1.22197,1.20859,-3.0983
1.19712,1.20731,-3.08789
1.14197,1.20481,-3.111
1.12691,1.2044,-3.11778
1.10691,1.20394,-3.11829
1.08188,1.2034,-3.1199
1.04186,1.20254,-3.11925
1.01685,1.20198,-3.11844
0.976838,1.20105,-3.11778
0.951827,1.20046,-3.11768
0.931816,1.19998,-3.11781
0.911805,1.19951,-3.11796
0.861777,1.19833,-3.11825
0.821757,1.1974,-3.11823
0.796745,1.19682,-3.11816
0.771733,1.19623,-3.1181
0.726711,1.19518,-3.11809
0.701698,1.19459,-3.11808
0.696696,1.19447,-3.11807
0.651673,1.19342,-3.11806
0.621658,1.19271,-3.11809
0.566631,1.19142,-3.11809
0.526611,1.19048,-3.11807
0.501599,1.18989,-3.11806
0.476587,1.1893,-3.11804
0.436567,1.18836,-3.11804
0.391545,1.18731,-3.11803
0.34152,1.18613,-3.11804
0.301501,1.18519,-3.11804
0.226465,1.18342,-3.11799
0.186446,1.18248,-3.11795
0.161433,1.18189,-3.11796
0.106408,1.18059,-3.11792
0.0813956,1.18,-3.11794
0.0213671,1.17858,-3.11791
-0.00864709,1.17787,-3.11787
-0.00864709,1.17787,-3.11787
-0.0486656,1.17692,-3.11782
-0.0486656,1.17692,-3.11782
