-1.08546,-0.360677,1.75563
-1.08547,-0.360686,1.75741
-1.08554,-0.360746,1.77173
-1.08572,-0.360774,1.8237
-1.08619,-0.360937,2.01493
-1.08653,-0.361044,2.17696
-1.08679,-0.361326,2.56427
-1.09023,-0.360171,3.06658
-1.09966,-0.36219,-2.77217
-1.11607,-0.373393,-2.27013
-1.12115,-0.379209,-2.10625
-1.12816,-0.392218,-1.83263
-1.13073,-0.402653,-1.68429
-1.13148,-0.424078,-1.55872
-1.13146,-0.446758,-1.62877
-1.13244,-0.456816,-1.72004
-1.1343,-0.467685,-1.77549
-1.13558,-0.473374,-1.88816
-1.1392,-0.478259,-2.18387
-1.14007,-0.479436,-2.29023
-1.14328,-0.481828,-2.68462
-1.14601,-0.483319,-2.81366
-1.15126,-0.485088,-2.96771
-1.15857,-0.485878,3.10846
-1.16603,-0.484825,2.8575
-1.17392,-0.481428,2.50951
-1.17883,-0.477505,2.22573
-1.18066,-0.475578,2.11001
-1.18728,-0.46366,1.57944
-1.18791,-0.454801,1.28449
-1.18493,-0.440443,0.880341
-1.18128,-0.432522,0.665478
-1.17639,-0.425249,0.466115
-1.16071,-0.413129,0.0166317
-1.16071,-0.413129,0.0166317
-1.15225,-0.410628,-0.170648
-1.14405,-0.410396,-0.322731
-1.13622,-0.412423,-0.437109
-1.13319,-0.413767,-0.472288
-1.12281,-0.419332,-0.576249
-1.11808,-0.421878,-0.702977
-1.11976,-0.420094,-0.778813
-1.12622,-0.413238,-0.880005
-1.13202,-0.406049,-0.942955
-1.13916,-0.396467,-1.00595
-1.15297,-0.372065,-1.16284
-1.15809,-0.359558,-1.27705
-1.16155,-0.347834,-1.39984
-1.16263,-0.341455,-1.46477
-1.16313,-0.333767,-1.53893
-1.16312,-0.325481,-1.613
-1.16287,-0.317501,-1.67449
-1.16185,-0.310351,-1.7535
-1.1589,-0.29939,-1.96845
-1.15575,-0.293024,-2.12656
-1.15435,-0.290998,-2.19456
-1.1534,-0.289914,-2.28191
-1.15375,-0.290357,-2.3421
-1.15426,-0.290842,-2.41725
-1.15481,-0.291277,-2.49242
-1.15515,-0.291519,-2.53754
-1.15581,-0.291917,-2.62022
-1.15587,-0.291953,-2.62774
-1.15606,-0.29205,-2.6503
-1.15637,-0.292203,-2.6879
-1.15707,-0.292499,-2.77059
-1.15734,-0.292592,-2.80067
-1.15767,-0.292696,-2.83825
-1.15841,-0.292881,-2.92098
-1.15945,-0.293037,-3.03373
-1.16022,-0.293072,-3.11641
-1.16043,-0.293074,-3.13898
-1.16098,-0.293051,3.08411
-1.16139,-0.293026,3.03907
-1.16215,-0.292965,2.9565
-1.16271,-0.292882,2.89641
-1.16359,-0.292615,2.79875
-1.16443,-0.292255,2.70107
-1.16481,-0.292062,2.656
-1.16553,-0.291625,2.5658
-1.16648,-0.290902,2.43804
-1.16684,-0.29057,2.3854
-1.16709,-0.290323,2.34783
-1.16723,-0.29017,2.32529
-1.16737,-0.290013,2.30269
-1.16755,-0.2898,2.27264
-1.16777,-0.289528,2.23506
-1.16817,-0.288958,2.15986
-1.16849,-0.288421,2.09217
-1.16868,-0.288051,2.04705
-1.16894,-0.287481,1.97939
-1.16907,-0.287158,1.9418
-1.16927,-0.286564,1.87412
-1.16934,-0.286295,1.84402
-1.1694,-0.286026,1.81393
-1.16948,-0.285684,1.77633
-1.16955,-0.285272,1.73124
-1.16958,-0.284994,1.70113
-1.16948,-0.284491,1.54755
-1.16952,-0.284354,1.44871
-1.16925,-0.283772,1.34366
-1.16567,-0.277411,1.07444
-1.16302,-0.272969,0.978848
-1.15898,-0.267366,0.877052
-1.15898,-0.267366,0.877052
-1.15438,-0.262189,0.794392
-1.14758,-0.255515,0.759368
-1.14404,-0.252081,0.785265
-1.14026,-0.247994,0.866332
-1.13807,-0.245227,0.942924
-1.13435,-0.238756,1.19617
-1.13232,-0.233252,1.34913
-1.13082,-0.224026,1.53446
-1.1327,-0.207302,1.77836
-1.14241,-0.180775,2.04527
-1.1495,-0.16717,2.1327
-1.15934,-0.151426,2.19105
-1.17388,-0.13098,2.18213
-1.18114,-0.120529,2.14505
-1.18808,-0.109616,2.08365
-1.20163,-0.0800166,1.84858
-1.20526,-0.0672462,1.73158
-1.20834,-0.0504134,1.5902
-1.20891,-0.0288397,1.44123
-1.20336,0.00514756,1.27255
-1.19757,0.0228375,1.20231
-1.1963,0.026291,1.19274
-1.18528,0.0527628,1.16313
-1.17721,0.0720657,1.20051
-1.1724,0.0849468,1.25243
-1.16763,0.101164,1.34667
-1.16405,0.158185,1.68601
-1.1675,0.180819,1.8006
-1.17196,0.199014,1.87782
-1.17773,0.21703,1.93329
-1.19348,0.256802,1.97147
-1.20778,0.292041,1.90446
-1.21961,0.33314,1.73433
-1.22296,0.356557,1.59835
-1.22389,0.375856,1.49122
-1.22297,0.400024,1.38688
-1.21671,0.43779,1.28633
-1.21158,0.45612,1.26834
-1.19836,0.500949,1.32775
-1.19263,0.527904,1.4257
-1.19041,0.546274,1.51067
-1.19035,0.584099,1.63102
-1.19193,0.60361,1.66373
-1.19605,0.643116,1.66598
-1.19814,0.668078,1.62806
-1.19913,0.69841,1.57709
-1.19899,0.718605,1.55247
-1.19846,0.738664,1.5412
-1.19712,0.783601,1.54978
-1.19659,0.813555,1.56009
-1.1964,0.833538,1.56564
-1.1963,0.85353,1.56875
-1.19621,0.89856,1.56853
-1.19612,0.928592,1.56702
-1.19604,0.948614,1.56604
-1.19579,0.993663,1.56429
-1.19558,1.02369,1.56395
-1.19548,1.0387,1.56391
-1.19531,1.06226,1.56355
-1.19514,1.08729,1.56258
-1.19503,1.10202,1.56162
-1.19492,1.11518,1.5605
-1.19472,1.1368,1.55837
-1.19456,1.15362,1.55673
-1.19452,1.16043,1.55622
-1.19452,1.16308,1.55504
-1.19451,1.16479,1.54468
-1.1945,1.16568,1.52301
-1.19449,1.16599,1.49331
-1.19446,1.16633,1.45574
-1.19444,1.16668,1.41812
-1.1944,1.1671,1.37303
-1.19428,1.16772,1.3054
-1.19416,1.16813,1.2603
-1.19409,1.16833,1.23776
-1.19397,1.16866,1.20018
-1.1938,1.16906,1.15504
-1.19355,1.16957,1.0949
-1.19338,1.16988,1.05731
-1.19319,1.17018,1.01972
-1.193,1.17047,0.98213
-1.19292,1.17059,0.967109
-1.19271,1.17087,0.929516
-1.19244,1.1712,0.884362
-1.19231,1.17136,0.861811
-1.19212,1.17157,0.831743
-1.19187,1.17182,0.79415
-1.19141,1.17225,0.726481
-1.19092,1.17265,0.65878
-1.19069,1.17281,0.628709
-1.19046,1.17297,0.598609
-1.19023,1.17312,0.568492
-1.18993,1.1733,0.530927
-1.18974,1.1734,0.508351
-1.1895,1.17352,0.478278
-1.18892,1.17379,0.410595
-1.18867,1.17389,0.380524
-1.18827,1.17403,0.335354
-1.18767,1.17421,0.267695
-1.18713,1.17432,0.207516
-1.18685,1.17437,0.177411
-1.18657,1.17441,0.147344
-1.18597,1.17458,0.110451
-1.18311,1.17495,0.0624579
-1.17795,1.17498,-0.0661105
-1.1708,1.17346,-0.343653
-1.15046,1.15962,-0.90126
-1.13897,1.14546,-1.11486
-1.12713,1.1204,-1.38232
-1.12412,1.10529,-1.5087
-1.12344,1.09605,-1.57142
-1.12618,1.05985,-1.68768
-1.128,1.0447,-1.6758
-1.13211,1.00057,-1.63429
-1.13348,0.974536,-1.60585
-1.13397,0.93715,-1.56425
-1.13351,0.9129,-1.53657
-1.13125,0.868717,-1.51207
-1.13007,0.848889,-1.51254
-1.12752,0.798961,-1.53083
-1.12732,0.793943,-1.53291
-1.12583,0.754153,-1.53315
-1.1249,0.72914,-1.53396
-1.1231,0.679117,-1.53534
-1.12204,0.649108,-1.53552
-1.12151,0.634106,-1.53536
-1.12063,0.609102,-1.53504
-1.11973,0.584098,-1.53475
-1.11847,0.549093,-1.53454
-1.1172,0.514085,-1.53458
-1.1163,0.48908,-1.53464
-1.1154,0.464073,-1.53472
-1.11432,0.434067,-1.53475
-1.1136,0.414062,-1.53474
-1.11198,0.369053,-1.53471
-1.11018,0.319043,-1.53468
-1.10946,0.299039,-1.53467
-1.10856,0.274033,-1.53469
-1.10766,0.249028,-1.5347
-1.10694,0.229023,-1.5347
-1.10549,0.189015,-1.53466
-1.10459,0.16401,-1.53466
-1.10333,0.129003,-1.53465
-1.10261,0.108999,-1.53464
-1.10117,0.0689896,-1.53466
-1.09846,-0.00602567,-1.53465
-1.09702,-0.0460342,-1.53462
-1.09593,-0.0760406,-1.53461
-1.09431,-0.12105,-1.53461
-1.09268,-0.16606,-1.53461
-1.0925,-0.17106,-1.53459
-1.09178,-0.191065,-1.5346
-1.09106,-0.211068,-1.53459
-1.08943,-0.256078,-1.53457
-1.08853,-0.281083,-1.53454
-1.0878,-0.301087,-1.53455
-1.0869,-0.326093,-1.53453
-1.08581,-0.356099,-1.53452
-1.08509,-0.376103,-1.53451
-1.08437,-0.396107,-1.53451
-1.08346,-0.421112,-1.53449
-1.08237,-0.451118,-1.53446
-1.08164,-0.471137,-1.53448
-1.08091,-0.49116,-1.53448
-1.08001,-0.516187,-1.53448
-1.0782,-0.566235,-1.53451
-1.07697,-0.600971,-1.53448
-1.07581,-0.635903,-1.53468
-1.07474,-0.670746,-1.5349
-1.07436,-0.684493,-1.53481
-1.07397,-0.699628,-1.53427
-1.0738,-0.708779,-1.53328
-1.07377,-0.71292,-1.53225
-1.07379,-0.715536,-1.5301
-1.07386,-0.717132,-1.43588
-1.07389,-0.7169,-1.40552
-1.07401,-0.716273,-1.32196
-1.07419,-0.715664,-1.23834
-1.0743,-0.715338,-1.19273
-1.07448,-0.714909,-1.13193
-1.07463,-0.714595,-1.08636
-1.07473,-0.714389,-1.056
-1.07504,-0.713859,-0.980389
-1.07521,-0.713607,-0.94258
-1.07546,-0.713265,-0.889685
-1.07565,-0.713022,-0.851984
-1.07584,-0.71268,-0.815516
-1.07604,-0.712466,-0.777893
-1.07621,-0.712258,-0.755893
-1.07638,-0.712088,-0.725794
-1.07655,-0.711945,-0.695524
-1.07704,-0.71157,-0.612539
-1.07728,-0.711404,-0.57492
-1.07752,-0.711249,-0.537299
-1.07767,-0.711161,-0.51473
-1.07776,-0.711104,-0.499686
-1.07817,-0.710892,-0.439524
-1.07838,-0.710796,-0.409452
-1.07864,-0.710684,-0.371868
-1.0789,-0.710583,-0.334293
-1.07923,-0.710474,-0.289212
-1.07945,-0.71041,-0.259163
-1.07962,-0.710364,-0.228426
-1.0797,-0.710342,-0.196279
-1.07979,-0.710317,-0.164342
-1.07747,-0.710849,-0.0773542
-1.07565,-0.710916,0.0109838
-1.07144,-0.709892,0.301905
-1.06929,-0.709047,0.387747
-1.06582,-0.707337,0.496253
-1.05132,-0.696423,0.768223
-1.04436,-0.689768,0.86505
-1.03717,-0.681764,0.96208
-1.02873,-0.670273,1.06594
-1.01582,-0.647353,1.17222
-1.00829,-0.630847,1.17657
-1.00328,-0.619373,1.14678
-0.990663,-0.594012,1.01088
-0.977849,-0.574034,0.855887
-0.976701,-0.572573,0.842933
-0.969776,-0.564915,0.777275
-0.966398,-0.561709,0.759429
-0.964437,-0.559904,0.770755
-0.964323,-0.55981,0.796604
-0.964525,-0.56,0.83369
-0.964761,-0.560252,0.878419
-0.964949,-0.560473,0.915742
-0.965128,-0.560702,0.953077
-0.965232,-0.560842,0.97548
-0.965397,-0.56108,1.01282
-0.965552,-0.561325,1.05016
-0.96567,-0.561524,1.08003
-0.965809,-0.561778,1.11736
-0.965941,-0.56204,1.15479
-0.966173,-0.562578,1.22959
-0.966329,-0.563021,1.28945
-0.966397,-0.563246,1.31937
-0.966397,-0.563246,1.31937
-0.966537,-0.563819,1.39418
-0.966439,-0.56384,1.43054
-0.965808,-0.561999,1.45949
-0.964384,-0.557032,1.48388
-0.961485,-0.544267,1.50085
-0.959547,-0.533305,1.48137
-0.956281,-0.515194,1.42873
-0.952786,-0.498884,1.38026
-0.948805,-0.481243,1.32658
-0.947298,-0.475581,1.3009
-0.937077,-0.442182,1.26005
-0.933629,-0.431512,1.26359
-0.930386,-0.421094,1.27558
-0.926486,-0.407906,1.30712
-0.922652,-0.393238,1.35447
-0.919024,-0.374927,1.4003
-0.917532,-0.365554,1.41481
-0.915131,-0.349685,1.42331
-0.911963,-0.32841,1.43388
-0.909924,-0.313163,1.45223
-0.908116,-0.297076,1.4802
-0.905767,-0.255434,1.54953
-0.905464,-0.230927,1.5549
-0.905244,-0.218012,1.55107
-0.904622,-0.186108,1.55897
-0.904555,-0.162119,1.58302
-0.906785,-0.108146,1.64004
-0.90822,-0.0885626,1.6516
-0.909698,-0.0689063,1.64505
-0.911271,-0.0445679,1.62292
-0.912449,-0.0195376,1.61293
-0.913483,0.00984515,1.59918
-0.914342,0.0483851,1.59265
-0.915113,0.0824139,1.60169
-0.91582,0.102314,1.615
-0.918359,0.147035,1.63899
-0.920024,0.171768,1.6343
-0.920024,0.171768,1.6343
-0.921286,0.191769,1.63136
-0.92249,0.211763,1.63019
-0.923674,0.23175,1.6296
-0.925138,0.256733,1.62927
-0.926307,0.276715,1.62937
-0.926599,0.28171,1.62941
-0.92865,0.316678,1.62962
-0.929826,0.336661,1.62973
-0.931297,0.361638,1.62978
-0.932475,0.38162,1.62975
-0.933653,0.401603,1.62973
-0.93483,0.421585,1.62974
-0.936007,0.441567,1.62976
-0.938657,0.486528,1.62976
-0.940129,0.511506,1.62975
-0.941894,0.541479,1.62977
-0.943073,0.561462,1.62979
-0.944546,0.586439,1.62981
-0.947199,0.631399,1.62987
-0.947494,0.636395,1.62985
-0.948379,0.651381,1.62986
-0.949854,0.676359,1.62989
-0.951329,0.701337,1.6299
-0.952805,0.726314,1.62994
-0.954282,0.751292,1.62996
-0.956055,0.781265,1.63001
-0.958316,0.820261,1.62954
-0.959508,0.841896,1.62682
-0.960292,0.857472,1.62343
-0.960933,0.871478,1.6194
-0.961947,0.899639,1.60706
-0.962198,0.910038,1.60007
-0.962329,0.917993,1.59278
-0.962361,0.923495,1.58536
-0.962361,0.927013,1.57421
-0.962354,0.928135,1.55583
-0.962333,0.92881,1.49787
-0.962307,0.929083,1.47553
-0.962267,0.929426,1.43084
-0.962224,0.929705,1.40099
-0.962158,0.930048,1.36376
-0.962113,0.930254,1.34143
-0.961991,0.930732,1.28933
-0.961991,0.930732,1.28933
-0.961797,0.931336,1.22233
-0.961774,0.931401,1.21491
-0.961671,0.931665,1.1851
-0.961448,0.932182,1.12557
-0.961291,0.932499,1.0883
-0.960946,0.933111,1.01379
-0.960795,0.933348,0.983994
-0.960596,0.933639,0.946672
-0.96043,0.933865,0.91685
-0.959986,0.934408,0.842205
-0.959699,0.934729,0.797297
-0.959496,0.934946,0.767285
-0.959009,0.935395,0.699723
-0.958668,0.935673,0.654663
-0.958493,0.935804,0.632141
-0.957954,0.936178,0.564541
-0.957579,0.936406,0.51943
-0.957389,0.936514,0.496873
-0.957067,0.936682,0.459299
-0.956404,0.936984,0.384088
-0.955997,0.937141,0.338952
-0.955444,0.937321,0.278798
-0.95481,0.937483,0.211111
-0.954454,0.937555,0.173521
-0.953853,0.937758,0.136303
-0.948805,0.938381,0.0289847
-0.945742,0.938333,-0.0728984
-0.94148,0.937594,-0.233067
-0.935837,0.935872,-0.411052
-0.927801,0.931493,-0.61673
-0.919504,0.924962,-0.770038
-0.914501,0.920438,-0.845879
-0.898207,0.902342,-1.0602
-0.888029,0.88658,-1.20159
-0.881075,0.871403,-1.30948
-0.876941,0.858402,-1.38481
-0.874006,0.845433,-1.43824
-0.87202,0.832331,-1.47137
-0.870487,0.818029,-1.4996
-0.869316,0.802384,-1.5257
-0.868213,0.763588,-1.55832
-0.868036,0.739853,-1.56101
-0.867811,0.720172,-1.55476
-0.867384,0.695173,-1.55051
-0.866876,0.670168,-1.54849
-0.866104,0.635153,-1.54813
-0.865657,0.61514,-1.5487
-0.86511,0.590121,-1.54936
-0.864895,0.580114,-1.54957
-0.864366,0.555097,-1.54987
-0.863842,0.530082,-1.54993
-0.862795,0.480052,-1.54985
-0.86227,0.455038,-1.54979
-0.861113,0.400005,-1.54977
-0.860587,0.374988,-1.54981
-0.859952,0.344966,-1.54982
-0.859114,0.304936,-1.54984
-0.858591,0.279918,-1.54984
-0.858069,0.2549,-1.54983
-0.857757,0.239889,-1.54982
-0.857444,0.224877,-1.54982
-0.856166,0.164929,-1.55031
-0.855761,0.144929,-1.55013
-0.85524,0.120013,-1.54925
-0.854592,0.0899888,-1.54927
-0.853735,0.0499634,-1.54959
-0.853417,0.0349542,-1.54968
-0.852677,-6.58037e-05,-1.54973
-0.85215,-0.0250801,-1.54977
-0.851518,-0.0550972,-1.54973
-0.850568,-0.100124,-1.54967
-0.850145,-0.120136,-1.54966
-0.849722,-0.140148,-1.54966
-0.849299,-0.16016,-1.54966
-0.848876,-0.180172,-1.54965
-0.847784,-0.230117,-1.5502
-0.847171,-0.260117,-1.54993
-0.846204,-0.305068,-1.54908
-0.845763,-0.325103,-1.54926
-0.845543,-0.335121,-1.54939
-0.845123,-0.355136,-1.54956
-0.84397,-0.410159,-1.54967
-0.843654,-0.425166,-1.54966
-0.843019,-0.455182,-1.54953
-0.842272,-0.490201,-1.54937
-0.841843,-0.510212,-1.54931
-0.840765,-0.560239,-1.54912
-0.84034,-0.580152,-1.54903
-0.839946,-0.598882,-1.54667
-0.838899,-0.639028,-1.53543
-0.838417,-0.652049,-1.52847
-0.83787,-0.66617,-1.51877
-0.83738,-0.677929,-1.50733
-0.836903,-0.688926,-1.49056
-0.83672,-0.69437,-1.47721
-0.836679,-0.701576,-1.42678
-0.836722,-0.701767,-1.40588
-0.836722,-0.701767,-1.40588
-0.836768,-0.701625,-1.38291
-0.836857,-0.700829,-1.30823
-0.836914,-0.700545,-1.27051
-0.836939,-0.700413,-1.23899
-0.836971,-0.700347,-1.20667
-0.837017,-0.700259,-1.16634
-0.837081,-0.700101,-1.12713
-0.837151,-0.699939,-1.08794
-0.837222,-0.699799,-1.04854
-0.837281,-0.699691,-1.01691
-0.837396,-0.699496,-0.961759
-0.837588,-0.699224,-0.874791
-0.837686,-0.699104,-0.843728
-0.83791,-0.698858,-0.756807
-0.837996,-0.698774,-0.72514
-0.83811,-0.698672,-0.685734
-0.838201,-0.698596,-0.654074
-0.838323,-0.698499,-0.623065
-0.838639,-0.698288,-0.528652
-0.838781,-0.698203,-0.497761
-0.838877,-0.698153,-0.466038
-0.839023,-0.698078,-0.435159
-0.839234,-0.697986,-0.380226
-0.839481,-0.69789,-0.325917
-0.839636,-0.697838,-0.295063
-0.839795,-0.697793,-0.255901
-0.840172,-0.697704,-0.17843
-0.840283,-0.697714,-0.140182
-0.838975,-0.697924,-0.0805746
-0.838202,-0.697964,-0.0331166
-0.837131,-0.697941,0.046987
-0.835052,-0.697583,0.16281
-0.831191,-0.696494,0.297217
-0.831191,-0.696494,0.297217
-0.823525,-0.693155,0.435857
-0.813863,-0.687443,0.551544
-0.791623,-0.6712,0.744864
-0.789082,-0.669116,0.764457
-0.766111,-0.646599,0.921086
-0.756759,-0.634591,0.976159
-0.752438,-0.628447,0.997656
-0.738735,-0.606077,1.07361
-0.733847,-0.596612,1.11062
-0.732833,-0.594461,1.12
-0.729392,-0.586719,1.15735
-0.72703,-0.580354,1.19497
-0.724683,-0.571626,1.28238
-0.724663,-0.570098,1.33718
-0.724713,-0.570208,1.35996
-0.724769,-0.570425,1.38996
-0.724831,-0.570712,1.42742
-0.724732,-0.570633,1.44947
-0.724327,-0.568821,1.48467
-0.72349,-0.55746,1.55478
-0.723446,-0.550817,1.57667
-0.723638,-0.542824,1.59598
-0.724261,-0.530944,1.61659
-0.726674,-0.504275,1.64567
-0.730532,-0.466719,1.68163
-0.730532,-0.466719,1.68163
-0.733494,-0.441638,1.68849
-0.735488,-0.424912,1.68364
-0.739661,-0.384269,1.62966
-0.7402,-0.374621,1.61085
-0.740546,-0.340297,1.55826
-0.740047,-0.31639,1.54462
-0.739365,-0.292376,1.546
-0.738689,-0.263249,1.554
-0.738245,-0.233386,1.55743
-0.737833,-0.203338,1.55472
-0.737395,-0.178288,1.5513
-0.736984,-0.158261,1.55011
-0.736452,-0.133236,1.54945
-0.736019,-0.11322,1.54932
-0.734936,-0.0631844,1.54947
-0.734401,-0.0381677,1.54964
-0.734082,-0.0231571,1.54973
-0.733237,0.0168723,1.54987
-0.732605,0.0468942,1.54988
-0.732185,0.0669099,1.54987
-0.731131,0.116948,1.54982
-0.731026,0.121952,1.54983
-0.730181,0.161982,1.54979
-0.730076,0.166986,1.5498
-0.729653,0.187001,1.54982
-0.72923,0.207016,1.54983
-0.728069,0.262058,1.5498
-0.727646,0.282073,1.5498
-0.727118,0.307092,1.54982
-0.725956,0.362134,1.5498
-0.725427,0.387153,1.54981
-0.724792,0.417176,1.54981
-0.724264,0.442196,1.54979
-0.723735,0.467214,1.5498
-0.722783,0.512249,1.54978
-0.722677,0.517252,1.54977
-0.721512,0.572295,1.54977
-0.721119,0.592022,1.54984
-0.720789,0.61032,1.55101
-0.720231,0.649262,1.55543
-0.720074,0.665058,1.55788
-0.719977,0.678405,1.56039
-0.719925,0.696255,1.5647
-0.719924,0.703745,1.56717
-0.719929,0.706797,1.5682
-0.719925,0.709137,1.5585
-0.719921,0.710234,1.53126
-0.719917,0.710389,1.51642
-0.719895,0.710726,1.47916
-0.719861,0.711069,1.44192
-0.71981,0.711415,1.40463
-0.719749,0.711758,1.36741
-0.719672,0.712104,1.33012
-0.719583,0.712446,1.29285
-0.71946,0.712852,1.24814
-0.719371,0.713126,1.21832
-0.719131,0.713758,1.15102
-0.718944,0.714164,1.10615
-0.718668,0.71469,1.04632
-0.718439,0.715071,1.00142
-0.718439,0.715071,1.00142
-0.717935,0.715802,0.911565
-0.717844,0.715919,0.896558
-0.717318,0.716536,0.814091
-0.717216,0.716642,0.799078
-0.716634,0.717203,0.716521
-0.716412,0.717393,0.686491
-0.715952,0.717754,0.626403
-0.715713,0.717926,0.596335
-0.715098,0.718316,0.521191
-0.714714,0.718529,0.476052
-0.714124,0.718813,0.408372
-0.71372,0.718979,0.363232
-0.713516,0.719055,0.340683
-0.713241,0.71915,0.310593
-0.712963,0.719236,0.280502
-0.712611,0.719332,0.242874
-0.712256,0.719416,0.205263
-0.71197,0.719473,0.175178
-0.711536,0.719587,0.137776
-0.70903,0.720184,0.098378
-0.706751,0.72046,0.0794827
-0.704228,0.720674,0.0506336
-0.699593,0.720788,-0.0213671
-0.690674,0.719599,-0.240275
-0.689629,0.719328,-0.271971
-0.681352,0.715764,-0.517453
-0.671389,0.709074,-0.768052
-0.670022,0.707933,-0.802535
-0.657457,0.694138,-1.10442
-0.650337,0.681351,-1.29964
-0.646525,0.671587,-1.41824
-0.644161,0.661086,-1.52742
-0.643286,0.650639,-1.61516
-0.645571,0.627495,-1.72656
-0.647259,0.617357,-1.73453
-0.649354,0.604567,-1.71256
-0.650435,0.596842,-1.68199
-0.651812,0.582476,-1.62798
-0.652323,0.555185,-1.54415
-0.651501,0.539532,-1.50485
-0.650029,0.522698,-1.47158
-0.647515,0.500743,-1.45368
-0.641662,0.449414,-1.47761
-0.640336,0.434992,-1.49207
-0.638987,0.415077,-1.51708
-0.637934,0.390561,-1.53279
-0.637126,0.365628,-1.54161
-0.63661,0.345913,-1.54481
-0.635969,0.320908,-1.54284
-0.634585,0.275936,-1.53522
-0.633679,0.250953,-1.53211
-0.632914,0.230953,-1.5325
-0.631969,0.205944,-1.53361
-0.631048,0.180935,-1.53446
-0.630143,0.155928,-1.5348
-0.629963,0.150927,-1.53482
-0.629244,0.130923,-1.53488
-0.628527,0.110919,-1.53488
-0.627809,0.0909158,-1.53484
-0.626912,0.0659122,-1.53479
-0.625832,0.0359069,-1.53477
-0.625113,0.0159037,-1.53476
-0.623674,-0.0241029,-1.53475
-0.622954,-0.0441062,-1.53475
-0.621515,-0.0841131,-1.53478
-0.620795,-0.104116,-1.53477
-0.619895,-0.129121,-1.53474
-0.618996,-0.154124,-1.53471
-0.617194,-0.204133,-1.53472
-0.616293,-0.229137,-1.53474
-0.616293,-0.229137,-1.53474
-0.614492,-0.279145,-1.53468
-0.61359,-0.304149,-1.53469
-0.612688,-0.329153,-1.53467
-0.611606,-0.359158,-1.53466
-0.610884,-0.379161,-1.53465
-0.610161,-0.399164,-1.53464
-0.608536,-0.444171,-1.53459
-0.607451,-0.474176,-1.53458
-0.605823,-0.519182,-1.53453
-0.604918,-0.544186,-1.53451
-0.60383,-0.57419,-1.53444
-0.603159,-0.593608,-1.53448
-0.602433,-0.615674,-1.53465
-0.601685,-0.638919,-1.53503
-0.600937,-0.664428,-1.53613
-0.600609,-0.677182,-1.53723
-0.600381,-0.687491,-1.53871
-0.600252,-0.695346,-1.54054
-0.600213,-0.701539,-1.54295
-0.60023,-0.703884,-1.54109
-0.600253,-0.705597,-1.49763
-0.600267,-0.705308,-1.46024
-0.60028,-0.704954,-1.41516
-0.60029,-0.704723,-1.38509
-0.600303,-0.704492,-1.35506
-0.600323,-0.704259,-1.32502
-0.600421,-0.703742,-1.2576
-0.60051,-0.70346,-1.22011
-0.600589,-0.703238,-1.19016
-0.600698,-0.702966,-1.15272
-0.600921,-0.702484,-1.08529
-0.601031,-0.702273,-1.05529
-0.601299,-0.701815,-0.987878
-0.601495,-0.701518,-0.94292
-0.601632,-0.701328,-0.912994
-0.602002,-0.700864,-0.838056
-0.60204,-0.70082,-0.830577
-0.602361,-0.700474,-0.770677
-0.602835,-0.700031,-0.688278
-0.602879,-0.699993,-0.680801
-0.603059,-0.699845,-0.650893
-0.603246,-0.6997,-0.620915
-0.603729,-0.699365,-0.54601
-0.603778,-0.699334,-0.538536
-0.60393,-0.699242,-0.516044
-0.604182,-0.699098,-0.47867
-0.604758,-0.698814,-0.396318
-0.604974,-0.698721,-0.366354
-0.605301,-0.698597,-0.321454
-0.605692,-0.698468,-0.269012
-0.605917,-0.698405,-0.239068
-0.606431,-0.698288,-0.171716
-0.606431,-0.698288,-0.171716
-0.605285,-0.698631,-0.107155
-0.603694,-0.6988,-0.0645793
-0.602172,-0.698853,0.000525464
-0.600618,-0.698769,0.0853762
-0.592959,-0.696215,0.365065
-0.589247,-0.69437,0.441893
-0.583286,-0.691049,0.545669
-0.565797,-0.678116,0.776722
-0.552097,-0.665528,0.940857
-0.541347,-0.652841,1.07307
-0.533745,-0.641662,1.16474
-0.527261,-0.63003,1.23844
-0.521907,-0.617932,1.2935
-0.517958,-0.605714,1.32514
-0.51266,-0.58086,1.36874
-0.510906,-0.570429,1.39268
-0.509306,-0.559108,1.42648
-0.50773,-0.548284,1.45388
-0.506331,-0.536955,1.47403
-0.504656,-0.520597,1.49578
-0.502459,-0.490387,1.52332
-0.500745,-0.448838,1.54518
-0.5003,-0.429862,1.55073
-0.499785,-0.399905,1.55536
-0.499561,-0.384891,1.55581
-0.499262,-0.364871,1.55566
-0.498956,-0.344851,1.55538
-0.498646,-0.324831,1.55519
-0.497934,-0.27979,1.55501
-0.497455,-0.249764,1.55499
-0.496737,-0.204726,1.55504
-0.496341,-0.179704,1.55512
-0.495708,-0.139669,1.55513
-0.495312,-0.114647,1.55511
-0.494837,-0.0846205,1.5551
-0.494519,-0.0646038,1.55508
-0.494123,-0.0395817,1.55507
-0.493647,-0.00955571,1.55507
-0.49325,0.0154663,1.55508
-0.492934,0.0354843,1.5551
-0.492301,0.0755193,1.55511
-0.491984,0.0955365,1.55512
-0.491667,0.115554,1.55509
-0.49127,0.140575,1.55507
-0.490795,0.170603,1.55507
-0.490557,0.185615,1.55508
-0.490319,0.200628,1.55508
-0.490001,0.220645,1.55507
-0.489128,0.275693,1.55507
-0.488812,0.295711,1.55509
-0.488416,0.320734,1.55509
-0.48802,0.345756,1.55508
-0.487622,0.370777,1.55506
-0.487225,0.395799,1.55505
-0.487147,0.400804,1.55506
-0.486749,0.425825,1.55506
-0.486036,0.470865,1.55506
-0.485638,0.495887,1.55504
-0.4854,0.5109,1.55504
-0.485002,0.535922,1.55501
-0.484525,0.565948,1.555
-0.48429,0.580864,1.555
-0.483759,0.616585,1.55525
-0.48349,0.635733,1.55558
-0.483273,0.652425,1.55598
-0.483035,0.674039,1.55674
-0.482932,0.684359,1.55722
-0.482862,0.693515,1.55782
-0.482836,0.70083,1.55615
-0.482829,0.702825,1.53297
-0.482817,0.703313,1.49737
-0.482794,0.703655,1.46003
-0.482748,0.704068,1.41527
-0.482701,0.704347,1.38534
-0.482636,0.704695,1.348
-0.482507,0.705248,1.28819
-0.482405,0.705587,1.25082
-0.482313,0.705857,1.2209
-0.482159,0.706253,1.17606
-0.482017,0.706578,1.13867
-0.481926,0.706772,1.11621
-0.481765,0.707087,1.07881
-0.481628,0.707336,1.04888
-0.48152,0.707519,1.02641
-0.48137,0.70776,0.996463
-0.481133,0.70811,0.951566
-0.480881,0.708449,0.906657
-0.48066,0.708723,0.869209
-0.479988,0.709441,0.764289
-0.479677,0.709728,0.719252
-0.479463,0.709908,0.689256
-0.479356,0.709997,0.674269
-0.478965,0.710292,0.621732
-0.478561,0.710567,0.569221
-0.478021,0.710887,0.501658
-0.477651,0.711079,0.456631
-0.477399,0.711198,0.426587
-0.476885,0.711413,0.366493
-0.476558,0.711531,0.328948
-0.47616,0.711655,0.283908
-0.475892,0.711729,0.253859
-0.475621,0.711795,0.223809
-0.47528,0.711865,0.186267
-0.474937,0.711922,0.148724
-0.473646,0.712254,0.105579
-0.472049,0.712458,0.0820602
-0.469563,0.712647,0.0337482
-0.463303,0.712303,-0.154623
-0.458346,0.710937,-0.336849
-0.455225,0.70962,-0.436123
-0.450906,0.707531,-0.563927
-0.441539,0.700606,-0.800715
-0.432871,0.691715,-0.971297
-0.43125,0.689917,-0.999083
-0.422052,0.677432,-1.16669
-0.410754,0.647592,-1.44938
-0.409302,0.633063,-1.54144
-0.40936,0.618614,-1.59897
-0.409907,0.60723,-1.61673
-0.410516,0.59578,-1.61325
-0.411058,0.583554,-1.60172
-0.411473,0.569991,-1.59202
-0.412016,0.534555,-1.57826
-0.412076,0.525747,-1.57688
-0.412134,0.48304,-1.55981
-0.411456,0.453317,-1.53267
-0.408926,0.408963,-1.50479
-0.407228,0.384017,-1.50405
-0.405646,0.358991,-1.51479
-0.4046,0.338923,-1.52422
-0.402599,0.288823,-1.53478
-0.402247,0.278814,-1.53577
-0.401012,0.243821,-1.5333
-0.400256,0.223831,-1.5316
-0.399262,0.198841,-1.52998
-0.398028,0.168848,-1.52915
-0.397193,0.148849,-1.52893
-0.396148,0.12385,-1.52888
-0.394893,0.0938501,-1.52893
-0.394266,0.0788502,-1.52896
-0.393013,0.0488503,-1.52899
-0.391762,0.0188504,-1.52901
-0.390929,-0.00114924,-1.52903
-0.389261,-0.0411492,-1.52902
-0.388217,-0.0661489,-1.52898
-0.386964,-0.0961483,-1.52896
-0.385294,-0.136148,-1.52896
-0.385087,-0.141148,-1.52897
-0.38425,-0.161148,-1.52897
-0.383208,-0.186147,-1.52897
-0.38091,-0.241147,-1.52894
-0.380073,-0.261147,-1.52892
-0.379029,-0.286146,-1.52891
-0.376729,-0.341145,-1.52889
-0.375891,-0.361145,-1.52888
-0.374846,-0.386144,-1.52886
-0.373586,-0.416149,-1.52884
-0.371692,-0.461191,-1.52886
-0.370437,-0.491214,-1.52888
-0.368766,-0.531243,-1.52887
-0.367721,-0.556261,-1.52885
-0.366687,-0.581175,-1.52875
-0.366118,-0.595409,-1.5307
-0.365466,-0.613125,-1.53541
-0.36488,-0.633151,-1.54306
-0.364324,-0.663009,-1.5577
-0.364235,-0.676176,-1.56597
-0.364226,-0.68688,-1.5739
-0.364269,-0.695139,-1.58132
-0.364304,-0.701809,-1.58914
-0.364229,-0.706309,-1.57647
-0.364226,-0.706359,-1.50876
-0.364237,-0.706178,-1.48645
-0.364263,-0.705889,-1.44929
-0.364354,-0.705313,-1.37483
-0.364414,-0.705031,-1.33762
-0.364486,-0.704753,-1.30042
-0.364548,-0.704537,-1.27069
-0.364637,-0.704265,-1.23348
-0.364799,-0.703838,-1.17398
-0.364888,-0.703632,-1.14426
-0.365087,-0.703219,-1.08473
-0.3654,-0.702673,-1.00285
-0.365493,-0.702528,-0.980517
-0.365656,-0.70229,-0.943259
-0.365829,-0.702058,-0.905994
-0.366237,-0.701571,-0.82398
-0.366432,-0.701366,-0.786742
-0.36668,-0.701124,-0.741975
-0.366766,-0.701044,-0.727017
-0.367028,-0.700817,-0.68223
-0.367212,-0.70067,-0.652307
-0.367634,-0.700365,-0.585071
-0.367879,-0.700206,-0.547678
-0.368076,-0.700089,-0.517802
-0.368331,-0.699947,-0.480404
-0.368587,-0.69982,-0.443073
-0.368909,-0.699671,-0.398129
-0.369396,-0.699484,-0.330843
-0.369503,-0.69945,-0.315941
-0.369669,-0.699397,-0.293513
-0.37012,-0.699272,-0.233681
-0.370637,-0.699172,-0.166398
-0.370932,-0.699138,-0.128995
-0.370049,-0.69948,-0.0946523
-0.368433,-0.699653,-0.0598482
-0.366294,-0.699717,0.0105447
-0.36451,-0.699579,0.0872915
-0.361008,-0.698864,0.188252
-0.358009,-0.698033,0.249146
-0.351463,-0.695646,0.350857
-0.340932,-0.69039,0.471522
-0.327485,-0.682124,0.589396
-0.30222,-0.664234,0.771417
-0.28361,-0.648572,0.893363
-0.272277,-0.636497,0.968858
-0.245369,-0.598498,1.10694
-0.238036,-0.584673,1.13155
-0.230925,-0.568995,1.15969
-0.22471,-0.553239,1.19187
-0.221562,-0.544553,1.21364
-0.217654,-0.531867,1.25724
-0.2163,-0.525006,1.30634
-0.216291,-0.524557,1.31785
-0.216359,-0.524535,1.3457
-0.216417,-0.524757,1.37556
-0.216467,-0.524986,1.40544
-0.215512,-0.521613,1.46356
-0.215066,-0.51898,1.47989
-0.214323,-0.512922,1.50425
-0.213511,-0.502879,1.52893
-0.213083,-0.494499,1.54271
-0.212776,-0.484778,1.55422
-0.212594,-0.473716,1.56342
-0.212646,-0.436352,1.57535
-0.212751,-0.420239,1.57644
-0.212955,-0.398787,1.58526
-0.214248,-0.362416,1.63203
-0.215765,-0.343227,1.6707
-0.218518,-0.31901,1.70723
-0.222009,-0.294812,1.73004
-0.230233,-0.246443,1.73622
-0.233484,-0.226808,1.73025
-0.237271,-0.202274,1.7158
-0.242124,-0.167477,1.70461
-0.244752,-0.147598,1.70056
-0.247555,-0.124212,1.69374
-0.251331,-0.0882901,1.67381
-0.252463,-0.0748719,1.66237
-0.253503,-0.0603045,1.64657
-0.254104,-0.0481873,1.62939
-0.254463,-0.0368836,1.60764
-0.254523,-0.032556,1.59652
-0.25454,-0.0281579,1.58165
-0.254524,-0.0237096,1.54463
-0.254504,-0.0231567,1.5015
-0.254486,-0.0228853,1.47166
-0.25446,-0.0226093,1.4418
-0.254423,-0.0223322,1.41194
-0.254377,-0.0220545,1.38207
-0.254323,-0.0217771,1.35219
-0.254241,-0.0214313,1.31479
-0.254132,-0.0210198,1.26994
-0.253922,-0.0204159,1.20266
-0.253757,-0.0200224,1.15776
-0.253638,-0.0197642,1.12784
-0.253309,-0.0191356,1.05304
-0.253203,-0.0189539,1.03064
-0.253013,-0.0186541,0.993173
-0.252604,-0.0180775,0.918309
-0.252384,-0.0178019,0.880866
-0.252108,-0.0174838,0.835936
-0.251716,-0.0170787,0.77596
-0.251461,-0.0168388,0.73848
-0.251143,-0.0165649,0.693506
-0.250924,-0.0163897,0.663493
-0.250471,-0.0160599,0.603451
-0.250179,-0.0158689,0.565932
-0.249881,-0.0156891,0.528406
-0.249327,-0.0153944,0.460835
-0.249074,-0.0152755,0.430792
-0.248819,-0.0151645,0.400747
-0.248495,-0.015037,0.363204
-0.248233,-0.0149434,0.333155
-0.2477,-0.0147815,0.273072
-0.247363,-0.0146965,0.235528
-0.247022,-0.0146229,0.19797
-0.246611,-0.0145536,0.152931
-0.246052,-0.0144514,0.126902
-0.243297,-0.0142737,-0.0339223
-0.241646,-0.0144571,-0.161303
-0.239585,-0.0150638,-0.318767
-0.237203,-0.0159142,-0.474771
-0.234878,-0.0173846,-0.59652
-0.230677,-0.020708,-0.748488
-0.219613,-0.0323828,-1.00956
-0.208899,-0.0485285,-1.22248
-0.203867,-0.0605394,-1.33706
-0.198687,-0.0848756,-1.46802
-0.198395,-0.087303,-1.47292
-0.195435,-0.113975,-1.42633
-0.195435,-0.113975,-1.42633
-0.189472,-0.140184,-1.19872
-0.180893,-0.158486,-0.922621
-0.173856,-0.168645,-0.714128
-0.165949,-0.177327,-0.477617
-0.155767,-0.18532,-0.156821
-0.150573,-0.187919,0.0200754
-0.142062,-0.190234,0.336178
-0.125021,-0.187969,1.02054
-0.118246,-0.183711,1.37868
-0.114668,-0.17935,1.66371
-0.112345,-0.172438,2.01843
-0.112349,-0.162846,2.43195
-0.114065,-0.156593,2.69692
-0.117116,-0.151759,2.95854
-0.126636,-0.146514,-2.75836
-0.133116,-0.14447,-2.45068
-0.143272,-0.140582,-2.08887
-0.144838,-0.139227,-2.00762
-0.145242,-0.137283,-1.90546
-0.145135,-0.137035,-1.8682
-0.145043,-0.136766,-1.83087
-0.144963,-0.136488,-1.79353
-0.144893,-0.136202,-1.7561
-0.144864,-0.135944,-1.71143
-0.145031,-0.13653,-1.68977
-0.145457,-0.139185,-1.65406
-0.146016,-0.145149,-1.61285
-0.146218,-0.149262,-1.59339
-0.146317,-0.157804,-1.56343
-0.14591,-0.168366,-1.53535
-0.145135,-0.180924,-1.50809
-0.143751,-0.192466,-1.48846
-0.142322,-0.20505,-1.46558
-0.140471,-0.218867,-1.44187
-0.134281,-0.256596,-1.39285
-0.133542,-0.260573,-1.39147
-0.127782,-0.292328,-1.41056
-0.124889,-0.309236,-1.43848
-0.121786,-0.331792,-1.48561
-0.120036,-0.358823,-1.52141
-0.119198,-0.376544,-1.53235
-0.117528,-0.421414,-1.5387
-0.116995,-0.440638,-1.55316
-0.116858,-0.450552,-1.56429
-0.116946,-0.470722,-1.5877
-0.118208,-0.510408,-1.61869
-0.119097,-0.529416,-1.61479
-0.119909,-0.548753,-1.60825
-0.121871,-0.598775,-1.61421
-0.123273,-0.628834,-1.62149
-0.124331,-0.64886,-1.62535
-0.125456,-0.668873,-1.62823
-0.128146,-0.713871,-1.63229
-0.128146,-0.713871,-1.63229
-0.130556,-0.75328,-1.63496
-0.131567,-0.771119,-1.63479
-0.13266,-0.791216,-1.6327
-0.133525,-0.808867,-1.62852
-0.134175,-0.824065,-1.6225
-0.134668,-0.839072,-1.61315
-0.134857,-0.847117,-1.60596
-0.134957,-0.8536,-1.59821
-0.134962,-0.858503,-1.59033
-0.134966,-0.861874,-1.58315
-0.134976,-0.866005,-1.60214
-0.134996,-0.866694,-1.64358
-0.135029,-0.867236,-1.70358
-0.135048,-0.867512,-1.7336
-0.135104,-0.868135,-1.80113
-0.135177,-0.86848,-1.83872
-0.135252,-0.868751,-1.86876
-0.135364,-0.869087,-1.90635
-0.135487,-0.869419,-1.94392
-0.135596,-0.869679,-1.97397
-0.135869,-0.870254,-2.04162
-0.136037,-0.870563,-2.07918
-0.136217,-0.870867,-2.11679
-0.136608,-0.871449,-2.19193
-0.136821,-0.871729,-2.22955
-0.137042,-0.871999,-2.26712
-0.137323,-0.872313,-2.31226
-0.137467,-0.872464,-2.3348
-0.137715,-0.872708,-2.37238
-0.138185,-0.873123,-2.44007
-0.138239,-0.873167,-2.44759
-0.138681,-0.873504,-2.50777
-0.13891,-0.873662,-2.53788
-0.139143,-0.873813,-2.56796
-0.139621,-0.874093,-2.62815
-0.139866,-0.87422,-2.65821
-0.140178,-0.874371,-2.69585
-0.140431,-0.874481,-2.72592
-0.140752,-0.87461,-2.76356
-0.141079,-0.874727,-2.80113
-0.141749,-0.874929,-2.87634
-0.142088,-0.875007,-2.91391
-0.142637,-0.875107,-2.97407
-0.143053,-0.875159,-3.01921
-0.143611,-0.875201,-3.07937
-0.143891,-0.875209,-3.10945
-0.144242,-0.875211,3.13617
-0.144667,-0.875167,3.0987
-0.146666,-0.874864,3.06457
-0.15184,-0.874109,3.03081
-0.165261,-0.871455,2.99494
-0.185469,-0.866668,2.96016
-0.193709,-0.864476,2.94767
-0.21245,-0.859444,2.92332
-0.249893,-0.85012,2.90075
-0.266423,-0.846089,2.90996
-0.287869,-0.841247,2.94459
-0.329566,-0.834496,3.02971
-0.348898,-0.832639,3.06477
-0.388086,-0.830288,3.08824
-0.412546,-0.828997,3.0853
-0.422187,-0.828453,3.08147
-0.446831,-0.826841,3.06719
-0.476897,-0.82432,3.04704
-0.491566,-0.822906,3.04158
-0.516329,-0.820361,3.04064
-0.541215,-0.817837,3.04273
-0.600958,-0.81204,3.04807
-0.64081,-0.808328,3.04939
-0.66573,-0.806011,3.04838
-0.690652,-0.803667,3.04695
-0.720551,-0.800812,3.04572
-0.735499,-0.799373,3.0454
-0.760405,-0.796967,3.04547
-0.810215,-0.792175,3.04614
-0.835121,-0.789791,3.0464
-0.855048,-0.787885,3.04645
-0.874975,-0.785983,3.04641
-0.919812,-0.781697,3.04629
-0.949701,-0.778834,3.04621
-0.969628,-0.77693,3.04621
-0.989555,-0.775021,3.04622
-1.01944,-0.772157,3.04626
-1.03439,-0.770729,3.04628
-1.0593,-0.768344,3.04629
-1.10911,-0.763579,3.04627
-1.13402,-0.761198,3.04628
-1.15395,-0.75929,3.04628
-1.17388,-0.757383,3.04627
-1.22369,-0.752616,3.04629
-1.2486,-0.750232,3.04626
-1.3034,-0.74499,3.04626
-1.32333,-0.743082,3.04626
-1.34325,-0.741175,3.04626
-1.39307,-0.736407,3.04627
-1.42296,-0.733547,3.04625
-1.43791,-0.732116,3.04624
-1.46282,-0.729733,3.04625
-1.49271,-0.726871,3.04626
-1.51762,-0.724488,3.04623
-1.56216,-0.720255,3.04624
-1.58054,-0.718545,3.04575
-1.62318,-0.71472,3.04469
-1.63275,-0.713907,3.04451
-1.65618,-0.712016,3.04402
-1.66576,-0.711319,3.0436
-1.6729,-0.710913,3.04307
-1.676,-0.710804,3.04317
-1.67878,-0.71083,3.04552
-1.6808,-0.71098,3.08499
-1.68053,-0.711008,3.12187
-1.68022,-0.71102,-3.12407
-1.67992,-0.711023,-3.0869
-1.67937,-0.711001,-3.0199
-1.67907,-0.710971,-2.98266
-1.67871,-0.710919,-2.93799
-1.67859,-0.710902,-2.92315
-1.67842,-0.710868,-2.90081
-1.67812,-0.710804,-2.86353
-1.67778,-0.710719,-2.81888
-1.67733,-0.710571,-2.75928
-1.67699,-0.710438,-2.71453
-1.67683,-0.710366,-2.69215
-1.67651,-0.710213,-2.64749
-1.67604,-0.709954,-2.58033
-1.67573,-0.709763,-2.53555
-1.67549,-0.709595,-2.49828
-1.6752,-0.70938,-2.45347
-1.67506,-0.709271,-2.43116
-1.67483,-0.709076,-2.39377
-1.67461,-0.708876,-2.35647
-1.67448,-0.70875,-2.33404
-1.67404,-0.70827,-2.25187
-1.67389,-0.708086,-2.22198
-1.67371,-0.707852,-2.18465
-1.6735,-0.707559,-2.13976
-1.67337,-0.707361,-2.10987
-1.67325,-0.707158,-2.07998
-1.67311,-0.706897,-2.04254
-1.67295,-0.706583,-1.99773
-1.67285,-0.706368,-1.96784
-1.67273,-0.706093,-1.9304
-1.67256,-0.705594,-1.86317
-1.67247,-0.705308,-1.82575
-1.6724,-0.705023,-1.78842
-1.67228,-0.704442,-1.7137
-1.67231,-0.704289,-1.68409
-1.67259,-0.705634,-1.64973
-1.67274,-0.708712,-1.56559
-1.67238,-0.711917,-1.38789
-1.67156,-0.71461,-1.25474
-1.6699,-0.718378,-1.13581
-1.66574,-0.725211,-1.00168
-1.66143,-0.731274,-0.913258
-1.65565,-0.738513,-0.826087
-1.64856,-0.746424,-0.736358
-1.63045,-0.763503,-0.563543
-1.61948,-0.771425,-0.487024
-1.60788,-0.778243,-0.426103
-1.59265,-0.785646,-0.378131
-1.56709,-0.796587,-0.384407
-1.55037,-0.80373,-0.440139
-1.53197,-0.812854,-0.527296
-1.52157,-0.818689,-0.585904
-1.51274,-0.824098,-0.644466
-1.50391,-0.830085,-0.715313
-1.4965,-0.836098,-0.775087
-1.49124,-0.84139,-0.803589
-1.48995,-0.842758,-0.783378
-1.49005,-0.842658,-0.75448
-1.49039,-0.842328,-0.694805
-1.49094,-0.841882,-0.605174
-1.49113,-0.841744,-0.575264
-1.49133,-0.841612,-0.54535
-1.49184,-0.841312,-0.470611
-1.49189,-0.841282,-0.463072
-1.49237,-0.841048,-0.395781
-1.49269,-0.840912,-0.350962
-1.49291,-0.840829,-0.321054
-1.49314,-0.840752,-0.291149
-1.49371,-0.840589,-0.216352
-1.49376,-0.840576,-0.208901
-1.49399,-0.840525,-0.179008
-1.49422,-0.840482,-0.149118
-1.49428,-0.840573,-0.112757
-1.49043,-0.841426,-0.0692592
-1.48651,-0.842401,-0.0540331
-1.48002,-0.843363,-0.0450765
-1.46956,-0.844618,-0.0428766
-1.45091,-0.846345,-0.0473722
-1.43652,-0.847503,-0.0536618
-1.41646,-0.849047,-0.0644686
-1.4014,-0.850225,-0.0734654
-1.38074,-0.851898,-0.0854887
-1.35423,-0.854213,-0.0831221
-1.31687,-0.85672,-0.0438449
-1.3022,-0.857071,-0.00845641
-1.26777,-0.856403,0.0491786
-1.26285,-0.856193,0.0555931
-1.24314,-0.855317,0.06306
-1.19806,-0.853138,0.0299874
-1.16783,-0.852585,0.00394958
-1.14856,-0.85267,-0.0120025
-1.111,-0.853407,-0.0310834
-1.111,-0.853407,-0.0310834
-1.08727,-0.854233,-0.0325169
-1.04066,-0.855917,-0.029262
-1.02106,-0.856398,-0.0122975
-0.996249,-0.856435,0.0127757
-0.971693,-0.856065,0.0204589
-0.951723,-0.8556,0.0253109
-0.91173,-0.854494,0.0294833
-0.886722,-0.853754,0.0294698
-0.886722,-0.853754,0.0294698
-0.816667,-0.851801,0.025857
-0.796649,-0.85129,0.0248246
-0.796649,-0.85129,0.0248246
-0.746631,-0.850035,0.0260066
-0.726625,-0.849513,0.0266608
-0.706618,-0.848981,0.0269608
-0.68661,-0.848443,0.0271453
-0.661599,-0.847767,0.0271588
-0.631584,-0.846955,0.0269737
-0.591564,-0.845882,0.0267506
-0.566552,-0.845215,0.0266957
-0.54154,-0.844548,0.0267423
-0.511527,-0.843747,0.0268128
-0.486515,-0.843077,0.0268783
-0.456502,-0.842271,0.0269282
-0.441496,-0.841868,0.0269774
-0.421487,-0.84133,0.0270144
-0.401478,-0.84079,0.027018
-0.376466,-0.840115,0.0270798
-0.35176,-0.839492,0.0269905
-0.324965,-0.838931,0.0257745
-0.309064,-0.838588,0.0244744
-0.294732,-0.838303,0.0228307
-0.28197,-0.83808,0.0208918
-0.28197,-0.83808,0.0208918
-0.270775,-0.837912,0.0186878
-0.256925,-0.837776,0.0150577
-0.253093,-0.837759,0.0138295
-0.246607,-0.837742,0.011385
-0.240701,-0.837733,0.00837373
-0.237204,-0.837713,0.00491248
-0.23508,-0.837717,-0.0164608
-0.234617,-0.837724,-0.0439382
-0.234283,-0.837749,-0.0811865
-0.233944,-0.837788,-0.118427
-0.233603,-0.837836,-0.155624
-0.23319,-0.837915,-0.20037
-0.232986,-0.83796,-0.222706
-0.23231,-0.838142,-0.297153
-0.231975,-0.838253,-0.33442
-0.231714,-0.83835,-0.364179
-0.231388,-0.838483,-0.401456
-0.23107,-0.838629,-0.438727
-0.230818,-0.838751,-0.468533
-0.23051,-0.838918,-0.50583
-0.23003,-0.839204,-0.565479
-0.229796,-0.83936,-0.595382
-0.229512,-0.839561,-0.632685
-0.228912,-0.840043,-0.714936
-0.228602,-0.840326,-0.759822
-0.228405,-0.840522,-0.789732
-0.228211,-0.840726,-0.819721
-0.228026,-0.840933,-0.849651
-0.227802,-0.841198,-0.887078
-0.227546,-0.84153,-0.932054
-0.227383,-0.841759,-0.962085
-0.22708,-0.842226,-1.02205
-0.227009,-0.842347,-1.03707
-0.226871,-0.842589,-1.06707
-0.226743,-0.842835,-1.09706
-0.226621,-0.843085,-1.12706
-0.226477,-0.843405,-1.16461
-0.226399,-0.843598,-1.18711
-0.226276,-0.843924,-1.22461
-0.226067,-0.84459,-1.29963
-0.225979,-0.844931,-1.33717
-0.225908,-0.845271,-1.37463
-0.225856,-0.845658,-1.41724
-0.225734,-0.846425,-1.49598
-0.225679,-0.847731,-1.61003
-0.225969,-0.848964,-1.72693
-0.226743,-0.851098,-1.8967
-0.228923,-0.854961,-2.10862
-0.23166,-0.858785,-2.2517
-0.235793,-0.863641,-2.39437
-0.243057,-0.87078,-2.56936
-0.25254,-0.878448,-2.73768
-0.266478,-0.88609,-2.93193
-0.276809,-0.889244,-3.05252
-0.287386,-0.890899,3.12688
-0.298022,-0.891063,3.04221
-0.31097,-0.889473,2.97219
-0.32396,-0.886997,2.94037
-0.331677,-0.885425,2.94087
-0.334238,-0.884912,2.94441
-0.357679,-0.880786,3.04038
-0.370846,-0.879926,-3.14027
-0.383998,-0.880753,-3.004
-0.399672,-0.884019,-2.79575
-0.409924,-0.887682,-2.63026
-0.419783,-0.892508,-2.44506
-0.428885,-0.898207,-2.24333
-0.436842,-0.90443,-2.02465
-0.443187,-0.911906,-1.80589
-0.447929,-0.920201,-1.5807
-0.451038,-0.928552,-1.33922
-0.452598,-0.937107,-1.08724
-0.452494,-0.947942,-0.755874
-0.450249,-0.957466,-0.415558
-0.450249,-0.957466,-0.415558
-0.443803,-0.967052,0.0589097
-0.432735,-0.972285,0.591532
-0.423055,-0.97254,0.96429
-0.419821,-0.971957,1.08153
-0.415271,-0.970452,1.25291
-0.409609,-0.966267,1.53656
-0.40637,-0.960891,1.80995
-0.404055,-0.95509,2.04828
-0.401679,-0.949386,2.23051
-0.399777,-0.945299,2.3398
-0.397908,-0.94257,2.42736
-0.394707,-0.940773,2.55246
-0.394539,-0.94093,2.58236
-0.394264,-0.941135,2.62716
-0.394264,-0.941135,2.62716
-0.393963,-0.941317,2.672
-0.393807,-0.941402,2.69447
-0.393543,-0.941534,2.73186
-0.393274,-0.941653,2.76927
-0.393001,-0.941765,2.80666
-0.39267,-0.94188,2.85152
-0.392499,-0.941936,2.87397
-0.392273,-0.942,2.9039
-0.392045,-0.942058,2.93382
-0.391756,-0.942121,2.97119
-0.391408,-0.942182,3.016
-0.391982,-0.941985,3.04477
-0.394565,-0.941149,3.07823
-0.399167,-0.939978,3.10946
-0.399167,-0.939978,3.10946
-0.402547,-0.939714,3.13461
-0.408112,-0.939856,-3.11486
-0.416553,-0.940712,-3.06864
-0.437916,-0.945071,-2.95111
-0.451283,-0.948689,-2.88746
-0.462828,-0.951986,-2.84035
-0.477383,-0.956732,-2.81046
-0.510026,-0.967613,-2.86407
-0.522718,-0.971201,-2.90589
-0.535676,-0.974279,-2.9367
-0.552572,-0.977643,-2.96735
-0.570314,-0.980663,-2.98375
-0.589675,-0.983624,-3.00601
-0.6141,-0.986655,-3.03611
-0.630739,-0.988361,-3.05606
-0.65171,-0.990007,-3.06748
-0.669271,-0.991306,-3.08031
-0.692562,-0.992585,-3.10813
-0.717303,-0.993001,3.13446
-0.741806,-0.992469,3.10379
-0.765938,-0.991424,3.09464
-0.790857,-0.990183,3.09311
-0.815845,-0.988972,3.09547
-0.860815,-0.98697,3.10068
-0.860815,-0.98697,3.10068
-0.880813,-0.986143,3.10144
-0.905813,-0.985133,3.10179
-0.935821,-0.983928,3.10128
-0.970832,-0.982499,3.10042
-0.990837,-0.98167,3.09997
-1.01584,-0.980624,3.09969
-1.04585,-0.979364,3.09976
-1.06585,-0.978526,3.09989
-1.08585,-0.97769,3.10006
-1.10585,-0.976856,3.10019
-1.13085,-0.975818,3.10022
-1.14585,-0.975195,3.10021
-1.16586,-0.974364,3.10019
-1.16586,-0.974364,3.10019
-1.19086,-0.973325,3.10018
-1.20586,-0.972701,3.10017
-1.23087,-0.971662,3.10014
-1.26087,-0.970413,3.10012
-1.28087,-0.969581,3.10012
-1.30087,-0.968748,3.10014
-1.32088,-0.967915,3.10012
-1.35588,-0.966459,3.10013
-1.38088,-0.965418,3.10015
-1.40089,-0.964586,3.10012
-1.42089,-0.963754,3.10012
-1.44089,-0.962921,3.10012
-1.46089,-0.962088,3.10013
-1.4859,-0.961047,3.1001
-1.5109,-0.960006,3.10007
-1.53581,-0.958979,3.10008
-1.57591,-0.957325,3.09372
-1.59831,-0.956309,3.08836
-1.61127,-0.955692,3.08452
-1.62527,-0.955005,3.07933
-1.63471,-0.954544,3.0747
-1.64431,-0.954086,3.06876
-1.65259,-0.953862,3.062
-1.65541,-0.953899,3.06035
-1.65947,-0.954115,3.07862
-1.65964,-0.954155,3.10417
-1.65954,-0.954166,3.11894
-1.6593,-0.954178,-3.13459
-1.65904,-0.95418,-3.10478
-1.6588,-0.954177,-3.07503
-1.6585,-0.954165,-3.03786
-1.65814,-0.954129,-2.99319
-1.65796,-0.954105,-2.97086
-1.65772,-0.954068,-2.9411
-1.65749,-0.954025,-2.91134
-1.65725,-0.953972,-2.88148
-1.65697,-0.953903,-2.84425
-1.65679,-0.953856,-2.82188
-1.65657,-0.953784,-2.79207
-1.65629,-0.953682,-2.75483
-1.65596,-0.953543,-2.71008
-1.65558,-0.953363,-2.65788
-1.65506,-0.95307,-2.58329
-1.65501,-0.953041,-2.57582
-1.65464,-0.952786,-2.51598
-1.65441,-0.952615,-2.47853
-1.65418,-0.952437,-2.44116
-1.65396,-0.952248,-2.4037
-1.65392,-0.95221,-2.39624
-1.65359,-0.951889,-2.3363
-1.65343,-0.951722,-2.30636
-1.65328,-0.951551,-2.27641
-1.65291,-0.951101,-2.2015
-1.65259,-0.950624,-2.12656
-1.65244,-0.950378,-2.08913
-1.65225,-0.950019,-2.03659
-1.65207,-0.949652,-1.98418
-1.65189,-0.949222,-1.92429
-1.65181,-0.949003,-1.89436
-1.65172,-0.948723,-1.85689
-1.65165,-0.948443,-1.8195
-1.65158,-0.948156,-1.78204
-1.65153,-0.947927,-1.75213
-1.65149,-0.947697,-1.72222
-1.65153,-0.947533,-1.6926
-1.65214,-0.950222,-1.63666
-1.65226,-0.952379,-1.59171
-1.65218,-0.954803,-1.50265
-1.65193,-0.956322,-1.4361
-1.6511,-0.959348,-1.34686
-1.64901,-0.964852,-1.2352
-1.64416,-0.974103,-1.10255
-1.64054,-0.979817,-1.03786
-1.63452,-0.988567,-0.952962
-1.61615,-1.01254,-0.759499
-1.60017,-1.02964,-0.638599
-1.57822,-1.04706,-0.534379
-1.5544,-1.06193,-0.459648
-1.53494,-1.07138,-0.436835
-1.52366,-1.0764,-0.423237
-1.51172,-1.08137,-0.406669
-1.50209,-1.08512,-0.389379
-1.4961,-1.08724,-0.375288
-1.49085,-1.08889,-0.357716
-1.48803,-1.08954,-0.339375
-1.48749,-1.08954,-0.302798
-1.48771,-1.08947,-0.273045
-1.488,-1.08939,-0.235706
-1.48829,-1.08932,-0.198426
-1.48836,-1.08944,-0.154578
-1.48702,-1.08995,-0.129667
-1.48346,-1.09077,-0.103788
-1.46827,-1.09282,-0.064104
-1.46023,-1.09356,-0.0545201
-1.46023,-1.09356,-0.0545201
-1.43722,-1.09516,-0.0411361
-1.42481,-1.09587,-0.0386436
-1.40741,-1.09676,-0.0382226
-1.39197,-1.09748,-0.0399285
-1.37077,-1.09842,-0.0445379
-1.3433,-1.09965,-0.040659
-1.32901,-1.10019,-0.0300273
-1.2896,-1.10054,0.0165314
-1.26978,-1.10003,0.035742
-1.24495,-1.09893,0.0515518
-1.22007,-1.09753,0.0530318
-1.19501,-1.0963,0.0405344
-1.17994,-1.09573,0.0325486
-1.15484,-1.09504,0.0237256
-1.12979,-1.09452,0.0193159
-1.10976,-1.09416,0.0181343
-1.08976,-1.0938,0.0195066
-1.06976,-1.0934,0.0213164
-1.04475,-1.09286,0.0231284
-1.01474,-1.09215,0.024202
-0.994732,-1.09167,0.0243646
-0.969717,-1.09106,0.0241613
-0.939696,-1.09034,0.0237019
-0.919682,-1.08987,0.0234666
-0.879657,-1.08894,0.0232878
-0.824623,-1.08766,0.0233634
-0.804612,-1.0872,0.0234553
-0.784601,-1.08673,0.0235061
-0.759586,-1.08614,0.0235734
-0.729568,-1.08544,0.0236149
-0.719562,-1.0852,0.0236142
-0.694547,-1.08462,0.0236071
-0.664529,-1.08391,0.0236016
-0.644518,-1.08344,0.0236104
-0.624505,-1.08297,0.0236191
-0.599491,-1.08238,0.0236216
-0.54946,-1.0812,0.0236433
-0.524446,-1.08061,0.0236508
-0.499431,-1.08002,0.0236806
-0.449401,-1.07884,0.0237046
-0.429389,-1.07837,0.0237355
-0.404375,-1.07778,0.0237799
-0.374357,-1.07707,0.023848
-0.355187,-1.07664,0.0216255
-0.321124,-1.0761,0.0106419
-0.3173,-1.07606,0.00915946
-0.284448,-1.07599,-0.00504699
-0.274052,-1.07606,-0.0101902
-0.265226,-1.07615,-0.0148864
-0.257965,-1.07623,-0.0190921
-0.251097,-1.07632,-0.0235658
-0.251097,-1.07632,-0.0235658
-0.244273,-1.07637,-0.0370364
-0.24328,-1.07638,-0.0573154
-0.242674,-1.07642,-0.116712
-0.242401,-1.07643,-0.146826
-0.24199,-1.07646,-0.191981
-0.241577,-1.0765,-0.23708
-0.240963,-1.07665,-0.304764
-0.240696,-1.07674,-0.334834
-0.240432,-1.07684,-0.364908
-0.239474,-1.07727,-0.477701
-0.239287,-1.07737,-0.500302
-0.238984,-1.07755,-0.537898
-0.238689,-1.07773,-0.575496
-0.238401,-1.07793,-0.613096
-0.238176,-1.07809,-0.643178
-0.237902,-1.07831,-0.680824
-0.237742,-1.07844,-0.703382
-0.237535,-1.07863,-0.733461
-0.237283,-1.07887,-0.771064
-0.23704,-1.07912,-0.808713
-0.236809,-1.07937,-0.846313
-0.236545,-1.07969,-0.891435
-0.236137,-1.08025,-0.966687
-0.235914,-1.0806,-1.01185
-0.23561,-1.08114,-1.07954
-0.235428,-1.08151,-1.12472
-0.235164,-1.08215,-1.19997
-0.235051,-1.08247,-1.23761
-0.234932,-1.08287,-1.28274
-0.234814,-1.08334,-1.33543
-0.234746,-1.08367,-1.37307
-0.234592,-1.08435,-1.41787
-0.234374,-1.08574,-1.45316
-0.234193,-1.08768,-1.52909
-0.234255,-1.09028,-1.66122
-0.234541,-1.09189,-1.77484
-0.235099,-1.09342,-1.90461
-0.239748,-1.1002,-2.20448
-0.252239,-1.11362,-2.5384
-0.264069,-1.12293,-2.73627
-0.273251,-1.12783,-2.86069
-0.2955,-1.13368,-3.08867
-0.303024,-1.134,3.13998
-0.312887,-1.13368,3.08884
-0.322656,-1.13296,3.06241
-0.325118,-1.13276,3.05931
-0.334865,-1.13192,3.06277
-0.344531,-1.13121,3.09062
-0.36656,-1.13136,-3.05427
-0.378742,-1.13303,-2.92947
-0.39783,-1.13855,-2.65454
-0.41366,-1.14674,-2.33981
-0.428872,-1.15931,-1.91329
-0.439605,-1.18192,-1.27854
-0.440601,-1.19147,-1.03857
-0.439738,-1.20334,-0.721639
-0.432803,-1.22225,-0.0625327
-0.425583,-1.22905,0.331118
-0.419595,-1.23175,0.590089
-0.410976,-1.23316,0.905151
-0.398996,-1.23159,1.32028
-0.390167,-1.22428,1.83966
-0.388492,-1.21713,2.1666
-0.38823,-1.212,2.35527
-0.387792,-1.20598,2.54161
-0.387263,-1.20127,2.71207
-0.387029,-1.20008,2.77579
-0.386782,-1.19947,2.83673
-0.386355,-1.19958,2.9087
-0.386078,-1.19965,2.94606
-0.386022,-1.19967,2.95352
-0.389387,-1.19863,3.01818
-0.395393,-1.1969,3.05891
-0.40107,-1.19561,3.0847
-0.407987,-1.19477,3.11188
-0.427853,-1.19484,-3.10563
-0.441117,-1.19608,-3.06104
-0.455901,-1.19784,-3.00874
-0.469133,-1.2,-2.96705
-0.486531,-1.2034,-2.93889
-0.504575,-1.2072,-2.9434
-0.523893,-1.21103,-2.96591
-0.561562,-1.21684,-3.00944
-0.576747,-1.21881,-3.02139
-0.59205,-1.2207,-3.02414
-0.608313,-1.22269,-3.03618
-0.608313,-1.22269,-3.03618
-0.630043,-1.22514,-3.06335
-0.658013,-1.22694,-3.11177
-0.676726,-1.22724,-3.13812
-0.700764,-1.22696,3.1148
-0.748636,-1.22554,3.10912
-0.773348,-1.22475,3.10781
-0.798391,-1.22387,3.10437
-0.813409,-1.2233,3.10282
-0.83342,-1.22252,3.10259
-0.853423,-1.22174,3.10299
-0.873425,-1.22097,3.10344
-0.893427,-1.22021,3.10386
-0.933436,-1.2187,3.10432
-0.938436,-1.21851,3.10432
-0.983451,-1.21683,3.10414
-1.00846,-1.21588,3.10404
-1.05347,-1.21418,3.10393
-1.08348,-1.21305,3.10388
-1.10349,-1.21229,3.10391
-1.12849,-1.21135,3.10392
-1.1585,-1.21021,3.10395
-1.17851,-1.20946,3.10398
-1.20352,-1.20851,3.10397
-1.22352,-1.20776,3.10398
-1.27354,-1.20587,3.10394
-1.29354,-1.20511,3.10395
-1.31355,-1.20435,3.10396
-1.33355,-1.2036,3.10394
-1.35356,-1.20284,3.10394
-1.37857,-1.2019,3.10393
-1.40357,-1.20095,3.10395
-1.45859,-1.19887,3.10392
-1.45859,-1.19887,3.10392
-1.4986,-1.19736,3.10388
-1.54587,-1.19582,3.10536
-1.56971,-1.19529,3.10835
-1.58364,-1.19505,3.11108
-1.596,-1.19492,3.11435
-1.60679,-1.19485,3.11806
-1.61808,-1.19484,3.1231
-1.62839,-1.19488,3.12944
-1.63725,-1.19492,3.13869
-1.63937,-1.19492,-3.12684
-1.63931,-1.1949,-3.06503
-1.63895,-1.19487,-3.02052
-1.63871,-1.19484,-2.99086
-1.63812,-1.19474,-2.91654
-1.63789,-1.19468,-2.88688
-1.63761,-1.1946,-2.84972
-1.63727,-1.1945,-2.80511
-1.63717,-1.19446,-2.79018
-1.63696,-1.19438,-2.76043
-1.63675,-1.19429,-2.73059
-1.63649,-1.19418,-2.69334
-1.63618,-1.19402,-2.64865
-1.63604,-1.19394,-2.62631
-1.63583,-1.19383,-2.59645
-1.6354,-1.19355,-2.52935
-1.63517,-1.19338,-2.49204
-1.63494,-1.19321,-2.4547
-1.63455,-1.19287,-2.3875
-1.63431,-1.19263,-2.34268
-1.63399,-1.19229,-2.28286
-1.63381,-1.19207,-2.24545
-1.63363,-1.19184,-2.20802
-1.63349,-1.19166,-2.17812
-1.63337,-1.19147,-2.14822
-1.63321,-1.19123,-2.11076
-1.63296,-1.19077,-2.0434
-1.63281,-1.19046,-1.99848
-1.63271,-1.19025,-1.96847
-1.6326,-1.18998,-1.93103
-1.63242,-1.18943,-1.85622
-1.63227,-1.18886,-1.78135
-1.63222,-1.18858,-1.74399
-1.63212,-1.18817,-1.6621
-1.63211,-1.18813,-1.64618
-1.63209,-1.18937,-1.52849
-1.6317,-1.19226,-1.44528
-1.63084,-1.19662,-1.36854
-1.62218,-1.21933,-1.16374
-1.61476,-1.23399,-1.07501
-1.60054,-1.25798,-0.949574
-1.59146,-1.27163,-0.884345
-1.55984,-1.30917,-0.738115
-1.529,-1.33666,-0.649408
-1.51111,-1.35087,-0.578965
-1.50326,-1.35665,-0.541376
-1.49174,-1.36429,-0.476341
-1.47379,-1.37273,-0.329193
-1.47074,-1.37343,-0.287697
-1.46644,-1.37396,-0.162972
-1.46578,-1.37418,-0.129056
-1.46367,-1.37466,-0.0959775
-1.45914,-1.37523,-0.0551102
-1.45253,-1.37557,-0.0161915
-1.44182,-1.37545,0.0262122
-1.42286,-1.37398,0.0754671
-1.41137,-1.37267,0.0982395
-1.3806,-1.36793,0.148032
-1.35638,-1.3637,0.18043
-1.32316,-1.35742,0.184258
-1.30672,-1.35438,0.173827
-1.25673,-1.34666,0.0899099
-1.23679,-1.34522,0.044808
-1.21215,-1.34463,0.0143943
-1.18297,-1.34429,0.0190482
-1.14306,-1.34328,0.034702
-1.14306,-1.34328,0.034702
-1.08813,-1.34105,0.0456451
-1.05313,-1.33947,0.0435063
-1.02811,-1.33842,0.0400463
-1.00308,-1.33745,0.03723
-0.978072,-1.33654,0.0365056
-0.958067,-1.33581,0.0363468
-0.938066,-1.33509,0.0364881
-0.913066,-1.33417,0.0367203
-0.883065,-1.33307,0.0369149
-0.863064,-1.33233,0.0369943
-0.843063,-1.33159,0.0370147
-0.82306,-1.33085,0.0369762
-0.798059,-1.32993,0.0369809
-0.758055,-1.32845,0.0369551
-0.733054,-1.32752,0.0369865
-0.708051,-1.3266,0.0369754
-0.67805,-1.32549,0.0370139
-0.648047,-1.32438,0.0370056
-0.628046,-1.32364,0.0370415
-0.603043,-1.32271,0.0370321
-0.583043,-1.32197,0.0370468
-0.563042,-1.32123,0.0370655
-0.54304,-1.32049,0.0370647
-0.52304,-1.31975,0.0371152
-0.503036,-1.31901,0.0371165
-0.453034,-1.31715,0.0371614
-0.413032,-1.31566,0.0372161
-0.398322,-1.31513,0.0373039
-0.351467,-1.31328,0.0498195
-0.34779,-1.31312,0.0513627
-0.319092,-1.31165,0.0670548
-0.316395,-1.3115,0.0689319
-0.304369,-1.31079,0.0787875
-0.293182,-1.31015,0.0916024
-0.287679,-1.30984,0.100738
-0.283001,-1.30958,0.110479
-0.280234,-1.30934,0.106633
-0.279234,-1.30926,0.0948638
-0.278367,-1.30919,0.039108
-0.278022,-1.30918,0.0017003
-0.277611,-1.30918,-0.0432135
-0.277337,-1.3092,-0.0731145
-0.276991,-1.30922,-0.110504
-0.276643,-1.30927,-0.147859
-0.276366,-1.30931,-0.177751
-0.276089,-1.30936,-0.207646
-0.275744,-1.30944,-0.24501
-0.27547,-1.30951,-0.274933
-0.275062,-1.30963,-0.319861
-0.2744,-1.30988,-0.394663
-0.274335,-1.30991,-0.402131
-0.274077,-1.31002,-0.432075
-0.273822,-1.31015,-0.462023
-0.27351,-1.31031,-0.499446
-0.27351,-1.31031,-0.499446
-0.272904,-1.31068,-0.574391
-0.272614,-1.31088,-0.611844
-0.272386,-1.31104,-0.641828
-0.272166,-1.31122,-0.671806
-0.271895,-1.31144,-0.709299
-0.271687,-1.31163,-0.739292
-0.271584,-1.31172,-0.754276
-0.271434,-1.31187,-0.776791
-0.27119,-1.31212,-0.814312
-0.270956,-1.31238,-0.851829
-0.270733,-1.31265,-0.889356
-0.270562,-1.31287,-0.919394
-0.270399,-1.3131,-0.949426
-0.270241,-1.31333,-0.979475
-0.270055,-1.31362,-1.01702
-0.269915,-1.31386,-1.04702
-0.269655,-1.31435,-1.10715
-0.269536,-1.31461,-1.13721
-0.269425,-1.31486,-1.16727
-0.269322,-1.31512,-1.19734
-0.269204,-1.31545,-1.2349
-0.269099,-1.31578,-1.27247
-0.268927,-1.31645,-1.34758
-0.26886,-1.31679,-1.38514
-0.268559,-1.31775,-1.42837
-0.26827,-1.31921,-1.44742
-0.268019,-1.32109,-1.47321
-0.267739,-1.32683,-1.60043
-0.268114,-1.33066,-1.7243
-0.269728,-1.33608,-1.90159
-0.275462,-1.34651,-2.14162
-0.281685,-1.35524,-2.29251
-0.281685,-1.35524,-2.29251
-0.298745,-1.37426,-2.55066
-0.313878,-1.38709,-2.7002
-0.340694,-1.40045,-2.89874
-0.355843,-1.40459,-2.97066
-0.369502,-1.40659,-3.03079
-0.380929,-1.40742,-3.09046
-0.388296,-1.40757,-3.13791
-0.395287,-1.40741,3.08632
-0.40328,-1.40665,2.98013
-0.409212,-1.4053,2.92063
-0.417136,-1.40292,2.86142
-0.427113,-1.39946,2.80756
-0.439826,-1.39485,2.77238
-0.457888,-1.38804,2.80485
-0.470675,-1.38386,2.84625
-0.481987,-1.38053,2.88172
-0.496414,-1.37694,2.91354
-0.520059,-1.37171,2.93241
-0.534006,-1.36872,2.94055
-0.549365,-1.36568,2.96322
-0.565806,-1.36297,2.99705
-0.57854,-1.36129,3.00643
-0.591279,-1.35953,3.00527
-0.612006,-1.35671,3.01915
-0.630575,-1.35459,3.04921
-0.650483,-1.3529,3.09305
-0.678487,-1.35237,-3.13762
-0.701805,-1.35256,-3.13847
-0.722541,-1.35257,3.13707
-0.735582,-1.35251,3.13795
-0.76257,-1.35269,-3.12038
-0.790921,-1.35377,-3.08203
-0.805051,-1.35456,-3.07611
-0.848527,-1.35773,-3.05612
-0.873299,-1.36006,-3.03794
-0.917374,-1.36497,-3.02487
-0.970811,-1.37092,-3.04203
-0.999855,-1.37368,-3.05033
-1.04456,-1.37785,-3.04335
-1.07438,-1.38088,-3.03499
-1.11911,-1.38577,-3.02951
-1.14397,-1.38857,-3.02951
-1.17382,-1.39189,-3.03214
-1.19374,-1.39406,-3.03385
-1.21364,-1.39621,-3.03451
-1.21364,-1.39621,-3.03451
-1.23852,-1.39888,-3.03473
-1.25842,-1.40101,-3.03485
-1.27832,-1.40314,-3.03492
-1.31813,-1.4074,-3.03487
-1.33803,-1.40954,-3.03478
-1.3629,-1.4122,-3.03472
-1.38778,-1.41487,-3.03465
-1.4425,-1.42074,-3.03461
-1.45743,-1.42235,-3.03458
-1.4823,-1.42502,-3.03454
-1.53206,-1.43036,-3.0345
-1.55683,-1.43299,-3.03451
-1.57975,-1.43519,-3.0369
-1.62155,-1.43879,-3.05319
-1.63382,-1.43959,-3.06242
-1.64694,-1.4403,-3.076
-1.65761,-1.44066,-3.09125
-1.66718,-1.44066,-3.10834
-1.6716,-1.44064,-3.11825
-1.67692,-1.44057,-3.11573
-1.67758,-1.44052,-3.06774
-1.67721,-1.44048,-3.02252
-1.67696,-1.44045,-2.99232
-1.67666,-1.44041,-2.95452
-1.67643,-1.44036,-2.92429
-1.67594,-1.44026,-2.86385
-1.67541,-1.4401,-2.79581
-1.67508,-1.43997,-2.75041
-1.67485,-1.43988,-2.7202
-1.67441,-1.43968,-2.65979
-1.67414,-1.43954,-2.62201
-1.67357,-1.4392,-2.53899
-1.67323,-1.43896,-2.48618
-1.67299,-1.43878,-2.44847
-1.67281,-1.43862,-2.41827
-1.67272,-1.43854,-2.40322
-1.67232,-1.43818,-2.33545
-1.67204,-1.438,-2.30657
-1.67184,-1.43778,-2.26905
-1.67161,-1.43756,-2.23961
-1.67134,-1.4372,-2.17934
-1.67104,-1.43673,-2.10413
-1.67086,-1.43643,-2.05907
-1.67076,-1.43623,-2.02902
-1.67052,-1.43572,-1.95391
-1.6705,-1.43566,-1.9464
-1.67034,-1.43524,-1.88633
-1.67027,-1.43502,-1.85629
-1.67019,-1.43475,-1.81876
-1.67016,-1.43464,-1.80375
-1.67008,-1.43425,-1.7512
-1.67008,-1.43407,-1.71403
-1.67051,-1.43592,-1.67862
-1.67073,-1.43736,-1.66732
-1.67112,-1.4413,-1.62641
-1.67121,-1.44605,-1.53523
-1.67094,-1.44916,-1.4481
-1.67037,-1.45217,-1.33721
-1.66882,-1.45648,-1.17678
-1.66451,-1.46412,-0.984319
-1.65985,-1.47064,-0.857429
-1.64152,-1.48964,-0.528371
-1.62641,-1.50098,-0.335938
-1.62362,-1.5026,-0.304498
-1.59648,-1.51299,-0.0528166
-1.58055,-1.5155,0.0480225
-1.56112,-1.51548,0.12221
-1.52856,-1.5103,0.183435
-1.48922,-1.5029,0.138179
-1.4723,-1.50025,0.0918704
-1.42595,-1.49858,-0.028243
-1.40163,-1.49993,-0.080861
-1.38214,-1.50174,-0.104496
-1.3577,-1.50448,-0.10729
-1.33812,-1.50653,-0.0897361
-1.27873,-1.51014,-0.03168
-1.25388,-1.51067,-0.0125023
-1.19885,-1.51166,-0.0341618
-1.18382,-1.51221,-0.0402154
-1.16381,-1.51307,-0.0449272
-1.16381,-1.51307,-0.0449272
-1.14379,-1.51401,-0.046985
-1.10379,-1.51594,-0.0485491
-1.0838,-1.51692,-0.0483883
-1.06381,-1.51789,-0.0479142
-1.04382,-1.51885,-0.0475967
-1.02382,-1.5198,-0.0473627
-0.998831,-1.52099,-0.0472118
-0.973837,-1.52217,-0.047122
-0.968839,-1.52241,-0.0471108
-0.948845,-1.52335,-0.0471202
-0.928849,-1.52429,-0.047136
-0.908854,-1.52524,-0.0471642
-0.858867,-1.5276,-0.0472039
-0.828873,-1.52902,-0.0471821
-0.808879,-1.52997,-0.0471781
-0.768889,-1.53186,-0.0471766
-0.743896,-1.53304,-0.0471743
-0.713902,-1.53446,-0.0471896
-0.693908,-1.5354,-0.0471955
-0.673912,-1.53634,-0.0471784
-0.648918,-1.53753,-0.0471684
-0.598932,-1.53989,-0.0472038
-0.578936,-1.54084,-0.0472018
-0.553942,-1.54202,-0.0471933
-0.508953,-1.54415,-0.0471737
-0.483959,-1.54533,-0.0472082
-0.458965,-1.54651,-0.047218
-0.413976,-1.54864,-0.0472009
-0.369281,-1.55074,-0.0472235
-0.35084,-1.5516,-0.0507324
-0.329944,-1.55264,-0.0560378
-0.304808,-1.554,-0.0638219
-0.292599,-1.55469,-0.0684187
-0.279545,-1.55548,-0.0743132
-0.259446,-1.55659,-0.0867295
-0.253483,-1.55674,-0.0935057
-0.251013,-1.55686,-0.105309
-0.249953,-1.55698,-0.142353
-0.249681,-1.55704,-0.17255
-0.248996,-1.55721,-0.248207
-0.248857,-1.55725,-0.263334
-0.248516,-1.55735,-0.3012
-0.248246,-1.55744,-0.331534
-0.247977,-1.55754,-0.361805
-0.247712,-1.55765,-0.392075
-0.247132,-1.55792,-0.460265
-0.246754,-1.55812,-0.505646
-0.246149,-1.55849,-0.581314
-0.245802,-1.55874,-0.626719
-0.245575,-1.55891,-0.656941
-0.245357,-1.55909,-0.687216
-0.244989,-1.55936,-0.747796
-0.244802,-1.55954,-0.777932
-0.244618,-1.55976,-0.815543
-0.244374,-1.56001,-0.8533
-0.243818,-1.56071,-0.951409
-0.243306,-1.56152,-1.057
-0.243146,-1.56182,-1.09471
-0.242913,-1.56231,-1.15505
-0.242688,-1.56288,-1.22293
-0.242581,-1.56321,-1.26063
-0.242486,-1.56353,-1.29834
-0.24231,-1.56433,-1.38882
-0.241785,-1.56676,-1.46641
-0.241461,-1.57174,-1.60461
-0.242448,-1.57749,-1.85283
-0.244525,-1.58206,-2.07659
-0.256527,-1.59622,-2.56629
-0.275782,-1.60851,-2.9567
-0.28036,-1.60994,-3.03056
-0.292039,-1.61187,3.08741
-0.30385,-1.61149,2.95174
-0.310738,-1.61021,2.88956
-0.319829,-1.60767,2.82825
-0.342311,-1.59972,2.79087
-0.35602,-1.59489,2.84618
-0.375028,-1.5897,3.00233
-0.384608,-1.58861,3.11494
-0.39423,-1.58893,-3.03539
-0.415045,-1.59395,-2.66246
-0.426547,-1.5989,-2.36842
-0.434021,-1.60367,-2.17536
-0.440822,-1.60991,-1.97622
-0.446483,-1.61722,-1.77105
-0.451207,-1.62666,-1.49132
-0.451847,-1.62855,-1.43073
-0.451562,-1.65198,-0.569607
-0.442059,-1.66485,0.137585
-0.430283,-1.66846,0.693837
-0.415957,-1.66607,1.27269
-0.407393,-1.65791,1.86256
-0.407393,-1.65791,1.86256
-0.404393,-1.6541,2.09195
-0.400783,-1.64952,2.29125
-0.400783,-1.64952,2.29125
-0.399001,-1.64733,2.36045
-0.397299,-1.6458,2.4165
-0.394396,-1.64456,2.52076
-0.394278,-1.64468,2.54309
-0.393878,-1.64499,2.6102
-0.393728,-1.64509,2.63268
-0.393576,-1.64518,2.65515
-0.393161,-1.6454,2.71495
-0.392566,-1.64566,2.79727
-0.392124,-1.64582,2.85703
-0.391555,-1.64598,2.93187
-0.390977,-1.6461,3.00659
-0.390744,-1.64611,3.06596
-0.395313,-1.64582,3.12884
-0.399509,-1.64586,-3.12929
-0.410106,-1.6465,-3.09568
-0.427222,-1.64885,-3.05241
-0.437712,-1.65059,-3.03407
-0.452228,-1.65287,-3.00398
-0.485201,-1.65917,-2.92359
-0.498714,-1.66239,-2.89783
-0.515366,-1.66669,-2.87996
-0.535472,-1.67202,-2.90021
-0.56463,-1.6786,-2.975
-0.580843,-1.68179,-3.02378
-0.601625,-1.68426,-3.07692
-0.644596,-1.68606,-3.11706
-0.668135,-1.68646,-3.12742
-0.687144,-1.68669,-3.13046
-0.727145,-1.68676,3.13225
-0.747258,-1.68647,3.12125
-0.767043,-1.68599,3.11556
-0.826616,-1.68451,3.12168
-0.841619,-1.68421,3.12337
-0.861626,-1.68383,3.12415
-0.881636,-1.68347,3.12451
-0.896645,-1.68321,3.12443
-0.906651,-1.68304,3.12435
-0.916658,-1.68287,3.12422
-0.941676,-1.68243,3.12396
-0.966694,-1.68199,3.12375
-0.996714,-1.68145,3.12368
-1.00672,-1.68127,3.12368
-1.02673,-1.68091,3.12372
-1.04675,-1.68055,3.12376
-1.09177,-1.67975,3.12382
-1.11679,-1.6793,3.12382
-1.14681,-1.67877,3.12382
-1.15682,-1.67859,3.1238
-1.17683,-1.67823,3.12379
-1.20185,-1.67779,3.12379
-1.22686,-1.67734,3.1238
-1.24687,-1.67698,3.1238
-1.27189,-1.67654,3.12381
-1.30191,-1.676,3.12379
-1.34194,-1.67529,3.1238
-1.37196,-1.67475,3.12382
-1.437,-1.6736,3.12383
-1.46702,-1.67306,3.1238
-1.51706,-1.67217,3.12381
-1.54207,-1.67172,3.1238
-1.56709,-1.67127,3.1238
-1.61713,-1.67038,3.12378
-1.63714,-1.67002,3.12379
-1.6778,-1.66933,3.1237
-1.697,-1.66901,3.12389
-1.72537,-1.66858,3.12344
-1.74582,-1.66828,3.12212
-1.76001,-1.66814,3.12032
-1.76469,-1.66813,3.0725
-1.76517,-1.66809,3.01985
-1.76572,-1.66803,2.95957
-1.76627,-1.66795,2.89949
-1.76689,-1.66778,2.83182
-1.76742,-1.66759,2.77167
-1.76819,-1.66724,2.6814
-1.76875,-1.66693,2.61372
-1.76905,-1.66674,2.57614
-1.76956,-1.66638,2.50845
-1.77021,-1.66584,2.41821
-1.77056,-1.6655,2.36555
-1.77095,-1.6651,2.30539
-1.77139,-1.66456,2.23021
-1.77159,-1.66427,2.1926
-1.77178,-1.66398,2.15499
-1.77207,-1.66351,2.09483
-1.7722,-1.66326,2.06476
-1.7725,-1.66263,1.98955
-1.7726,-1.66238,1.95947
-1.77287,-1.66159,1.8692
-1.77294,-1.66132,1.83913
-1.77301,-1.66105,1.80902
-1.77308,-1.6607,1.77142
-1.77316,-1.66015,1.71123
-1.77324,-1.65979,1.68141
-1.77413,-1.65362,1.6203
-1.77458,-1.6459,1.59164
-1.77417,-1.61613,1.54013
-1.77352,-1.6046,1.52853
-1.77112,-1.57374,1.50285
-1.76884,-1.54939,1.48034
-1.76453,-1.50858,1.46682
-1.7617,-1.47959,1.49026
-1.75867,-1.42515,1.53984
-1.75796,-1.38044,1.56107
-1.75765,-1.35058,1.55578
-1.75728,-1.33051,1.54584
-1.75615,-1.29537,1.53206
-1.75466,-1.26032,1.52679
-1.75466,-1.26032,1.52679
-1.75355,-1.23533,1.52824
-1.7525,-1.21035,1.5317
-1.75098,-1.17036,1.53509
-1.75009,-1.14536,1.53571
-1.74903,-1.11534,1.53524
-1.7474,-1.07032,1.5343
-1.7474,-1.07032,1.5343
-1.74537,-1.0153,1.53404
-1.74464,-0.995294,1.5341
-1.74372,-0.970288,1.53425
-1.74262,-0.940279,1.53438
-1.74097,-0.895264,1.53439
-1.74006,-0.870256,1.53436
-1.73896,-0.840246,1.53433
-1.73823,-0.820239,1.53434
-1.73731,-0.795231,1.53436
-1.7364,-0.770222,1.53434
-1.7353,-0.740212,1.53433
-1.73475,-0.725207,1.53433
-1.7331,-0.680192,1.53433
-1.73292,-0.67519,1.53434
-1.73255,-0.665187,1.53433
-1.73182,-0.64518,1.53434
-1.7309,-0.620172,1.53433
-1.72999,-0.595164,1.53435
-1.72889,-0.565154,1.53435
-1.72706,-0.515137,1.53432
-1.72578,-0.480124,1.53433
-1.72468,-0.450114,1.53433
-1.72321,-0.4101,1.53433
-1.7223,-0.385093,1.53433
-1.72138,-0.360084,1.53435
-1.72138,-0.360084,1.53435
-1.71992,-0.32007,1.53433
-1.7179,-0.265052,1.53432
-1.71717,-0.245044,1.53433
-1.71644,-0.225038,1.53432
-1.7146,-0.17502,1.53434
-1.71442,-0.170019,1.53435
-1.71296,-0.130005,1.53434
-1.71204,-0.104996,1.53433
-1.71112,-0.0799883,1.53432
-1.70966,-0.0399741,1.53435
-1.70874,-0.0149653,1.53434
-1.70618,0.0550695,1.53438
-1.70544,0.0750948,1.53443
-1.7038,0.120147,1.53453
-1.7027,0.15018,1.53458
-1.70215,0.165195,1.53452
-1.70142,0.185219,1.53452
-1.7005,0.210246,1.5345
-1.6994,0.240278,1.53449
-1.69849,0.265306,1.53448
-1.69665,0.31536,1.53447
-1.69574,0.340387,1.53446
-1.69482,0.365415,1.53446
-1.69427,0.380431,1.53447
-1.69354,0.400451,1.53445
-1.6917,0.450505,1.53445
-1.69079,0.475533,1.53445
-1.68987,0.50056,1.53445
-1.68841,0.540603,1.53446
-1.68823,0.54561,1.53447
-1.68677,0.585655,1.53446
-1.68585,0.610681,1.53442
-1.68402,0.660736,1.53437
-1.6831,0.685764,1.53435
-1.6831,0.685764,1.53435
-1.68218,0.710791,1.53435
-1.68108,0.740822,1.53432
-1.68035,0.760845,1.53434
-1.67943,0.785872,1.53434
-1.67888,0.800888,1.53434
-1.67814,0.820909,1.5343
-1.67741,0.840932,1.53431
-1.67667,0.860954,1.53427
-1.67502,0.906002,1.53418
-1.6741,0.93103,1.5342
-1.67244,0.976079,1.53411
-1.67151,1.00111,1.53406
-1.67059,1.02613,1.53401
-1.6689,1.05408,1.53632
-1.66596,1.07477,1.5604
-1.66583,1.08783,1.60201
-1.66687,1.10125,1.65103
-1.66881,1.115,1.68335
-1.67019,1.12467,1.69156
-1.67092,1.1293,1.69069
-1.67115,1.12955,1.68311
-1.67136,1.12861,1.6707
-1.6715,1.12683,1.65784
-1.67158,1.12575,1.64955
-1.67166,1.12442,1.63754
-1.67172,1.12302,1.62592
-1.67181,1.11983,1.60089
-1.67184,1.11702,1.57812
-1.67184,1.11562,1.56678
-1.67186,1.1142,1.55572
-1.67185,1.11252,1.5409
-1.67185,1.10978,1.51774
-1.67187,1.10836,1.50649
-1.67197,1.10562,1.48236
-1.67223,1.10263,1.45424
-1.67229,1.10226,1.45153
-1.67272,1.09937,1.42345
-1.67303,1.09747,1.4044
-1.67338,1.09561,1.38511
-1.67378,1.09377,1.36568
-1.6744,1.09114,1.33551
-1.6745,1.09082,1.33275
-1.67517,1.08832,1.30137
-1.67565,1.08671,1.27999
-1.67598,1.08569,1.26523
-1.67642,1.08442,1.247
-1.67694,1.083,1.22362
-1.67769,1.08105,1.18661
-1.67815,1.08,1.16607
-1.67855,1.07908,1.1437
-1.67901,1.07813,1.12212
-1.6799,1.07644,1.0767
-1.68033,1.07568,1.05299
-1.6807,1.07508,1.03427
-1.68108,1.07451,1.01542
-1.68194,1.07326,0.972793
-1.68248,1.07249,0.943395
-1.68309,1.07168,0.908054
-1.68412,1.07064,0.858559
-1.68479,1.07006,0.829084
-1.68571,1.06935,0.789721
-1.68636,1.06891,0.76591
-1.68685,1.06858,0.746347
-1.68737,1.06827,0.726919
-1.68891,1.06693,0.676674
-1.68963,1.06634,0.660196
-1.69062,1.06559,0.640535
-1.69164,1.06485,0.621006
-1.6926,1.06417,0.607394
-1.69352,1.06355,0.592862
-1.69466,1.0628,0.574589
-1.6958,1.06209,0.556064
-1.69808,1.06074,0.518526
-1.69899,1.06024,0.503369
-1.69991,1.05974,0.488203
-1.70085,1.05926,0.473146
-1.70302,1.0582,0.439837
-1.70425,1.05764,0.421471
-1.70549,1.0571,0.403133
-1.70773,1.0562,0.369773
-1.7092,1.05566,0.34712
-1.70954,1.05556,0.290265
-1.70912,1.05566,0.245164
-1.70857,1.05577,0.185114
-1.7083,1.05582,0.155094
-1.70713,1.05622,0.127918
-1.70378,1.05694,0.0993959
-1.69407,1.05824,0.0646597
-1.68527,1.05902,0.0487776
-1.67436,1.05972,0.0367754
-1.64625,1.06092,0.0233429
-1.62906,1.06146,0.0214231
-1.60564,1.0621,0.0240904
-1.57073,1.06301,0.0146469
-1.55339,1.06311,-0.00968471
-1.53747,1.0628,-0.0353791
-1.51977,1.06196,-0.0674936
-1.49167,1.05954,-0.130918
-1.47784,1.05792,-0.174966
-1.46792,1.05681,-0.226319
-1.46532,1.05667,-0.252376
-1.46418,1.05662,-0.287948
-1.46391,1.05654,-0.318128
-1.46363,1.05645,-0.348278
-1.46311,1.05629,-0.416461
-1.46275,1.05614,-0.4615
-1.46256,1.05602,-0.491153
-1.46208,1.05576,-0.551389
-1.46178,1.05557,-0.589079
-1.46144,1.05533,-0.634279
-1.46122,1.05516,-0.664406
-1.461,1.05499,-0.69453
-1.46044,1.05448,-0.777363
-1.46024,1.05428,-0.807481
-1.45988,1.05387,-0.867714
-1.45966,1.0536,-0.905357
-1.45941,1.05327,-0.950526
-1.45934,1.05315,-0.965582
-1.45897,1.05257,-1.04086
-1.45881,1.05227,-1.07849
-1.45881,1.05227,-1.07849
-1.45851,1.05165,-1.15376
-1.45841,1.0514,-1.18387
-1.45829,1.05108,-1.2215
-1.45822,1.05088,-1.24408
-1.45796,1.04989,-1.35698
-1.45786,1.04928,-1.42471
-1.45755,1.04794,-1.4756
-1.45701,1.04373,-1.51457
-1.45648,1.03176,-1.56626
-1.45791,0.999655,-1.63184
-1.45943,0.984206,-1.65083
-1.46254,0.959054,-1.68053
-1.46531,0.938568,-1.70377
-1.46914,0.912123,-1.71532
-1.47702,0.852638,-1.66476
-1.47987,0.803461,-1.60319
-1.48059,0.763718,-1.58651
-1.48159,0.72408,-1.6101
-1.48483,0.669327,-1.64887
-1.48648,0.649461,-1.65527
-1.48974,0.610066,-1.64244
-1.49225,0.570241,-1.62385
-1.49414,0.530635,-1.61667
-1.49505,0.51067,-1.6171
-1.49623,0.485665,-1.61894
-1.4982,0.445662,-1.62092
-1.50023,0.405672,-1.62189
-1.50355,0.340704,-1.62141
-1.50582,0.295729,-1.62065
-1.50682,0.275737,-1.62046
-1.50806,0.250747,-1.62048
-1.50906,0.230752,-1.62063
-1.51131,0.185769,-1.62095
-1.51332,0.145784,-1.62113
-1.51433,0.125792,-1.62109
-1.5166,0.0808116,-1.62091
-1.5181,0.0508243,-1.62085
-1.52061,0.000842641,-1.62087
-1.52186,-0.024147,-1.62088
-1.52387,-0.0641322,-1.6209
-1.52713,-0.129106,-1.62092
-1.52939,-0.174088,-1.62091
-1.53165,-0.21907,-1.62089
-1.5329,-0.244061,-1.62091
-1.53516,-0.289044,-1.6209
-1.53692,-0.324029,-1.62092
-1.53817,-0.34902,-1.62092
-1.53943,-0.37401,-1.62091
-1.54094,-0.403998,-1.62092
-1.54194,-0.42399,-1.62092
-1.54294,-0.443983,-1.62091
-1.5442,-0.468974,-1.62091
-1.54571,-0.498961,-1.62091
-1.54596,-0.503959,-1.62093
-1.54746,-0.533949,-1.62091
-1.54998,-0.583928,-1.62096
-1.55096,-0.603821,-1.62096
-1.55182,-0.622438,-1.62109
-1.55278,-0.643504,-1.62165
-1.55376,-0.66555,-1.62303
-1.55432,-0.678293,-1.62443
-1.55527,-0.701214,-1.62936
-1.55527,-0.701214,-1.62936
-1.55562,-0.710521,-1.63299
-1.55583,-0.717378,-1.63657
-1.55586,-0.721098,-1.63852
-1.55578,-0.723398,-1.63594
-1.55571,-0.724662,-1.62234
-1.55567,-0.724881,-1.59058
-1.55565,-0.724642,-1.56099
-1.55564,-0.724456,-1.5387
-1.55564,-0.724213,-1.509
-1.55565,-0.723966,-1.4792
-1.55566,-0.723726,-1.44948
-1.55566,-0.723726,-1.44948
-1.55571,-0.723249,-1.39005
-1.55573,-0.723187,-1.38256
-1.55575,-0.723009,-1.36025
-1.55582,-0.722659,-1.3157
-1.5559,-0.722308,-1.27104
-1.55605,-0.72179,-1.20403
-1.55618,-0.721455,-1.15943
-1.55637,-0.721012,-1.09984
-1.5565,-0.720744,-1.06265
-1.55662,-0.720533,-1.03289
-1.55687,-0.720122,-0.973344
-1.55704,-0.71987,-0.936053
-1.55725,-0.719581,-0.891411
-1.5574,-0.719389,-0.861526
-1.55759,-0.71916,-0.82429
-1.55792,-0.71881,-0.764666
-1.55814,-0.7186,-0.727321
-1.5584,-0.718362,-0.682618
-1.55878,-0.718064,-0.622942
-1.55878,-0.718064,-0.622942
-1.55902,-0.717886,-0.585559
-1.55932,-0.717688,-0.540741
-1.55973,-0.717448,-0.481028
-1.55973,-0.717448,-0.481028
-1.56005,-0.717286,-0.436283
-1.56048,-0.717088,-0.376469
-1.5607,-0.717,-0.346601
-1.56093,-0.71692,-0.316743
-1.56115,-0.716847,-0.286888
-1.56144,-0.716763,-0.249503
-1.56178,-0.71668,-0.204769
-1.56196,-0.716643,-0.182361
-1.56099,-0.716953,-0.100163
-1.5577,-0.71708,0.0366695
-1.55559,-0.716769,0.186443
-1.55317,-0.715932,0.294313
-1.54446,-0.7114,0.509733
-1.53822,-0.707156,0.614744
-1.51802,-0.690157,0.876346
-1.50493,-0.675956,1.0418
-1.4971,-0.664974,1.1424
-1.48486,-0.641351,1.2942
-1.48135,-0.63211,1.32955
-1.47649,-0.616398,1.35878
-1.47101,-0.59699,1.33968
-1.46739,-0.583475,1.29916
-1.45904,-0.557168,1.18013
-1.45218,-0.540374,1.07312
-1.44908,-0.534325,1.02785
-1.44519,-0.527982,0.986446
-1.44338,-0.525327,0.978069
-1.44235,-0.523832,0.985222
-1.44222,-0.523693,1.04457
-1.44248,-0.524162,1.11182
-1.44261,-0.524426,1.14916
-1.44287,-0.525024,1.23139
-1.44295,-0.525245,1.26128
-1.44302,-0.52547,1.29116
-1.44311,-0.525756,1.32858
-1.44321,-0.526215,1.38833
-1.4432,-0.526352,1.41782
-1.44206,-0.522245,1.46622
-1.43997,-0.51576,1.48642
-1.43731,-0.503575,1.48514
-1.43551,-0.494396,1.4592
-1.43096,-0.473747,1.39605
-1.42602,-0.454276,1.33037
-1.42219,-0.440003,1.28098
-1.41696,-0.423174,1.2568
-1.41258,-0.409435,1.27495
-1.4077,-0.392395,1.32838
-1.40464,-0.379852,1.37116
-1.39963,-0.350787,1.4262
-1.39963,-0.350787,1.4262
-1.39674,-0.328873,1.45942
-1.39508,-0.313714,1.46868
-1.39083,-0.260731,1.51476
-1.38995,-0.243097,1.53876
-1.3896,-0.225328,1.55175
-1.38926,-0.207772,1.54518
-1.38874,-0.189617,1.54237
-1.38823,-0.170839,1.54996
-1.3882,-0.126707,1.59706
-1.38917,-0.101947,1.62387
-1.39085,-0.0721819,1.63342
-1.39207,-0.0523839,1.63019
-1.39308,-0.0330256,1.61162
-1.39391,-0.00849404,1.59509
-1.39439,0.0344269,1.56928
-1.39418,0.0623607,1.55777
-1.39388,0.0811476,1.55758
-1.39365,0.105464,1.57226
-1.39407,0.135227,1.59992
-1.39478,0.155112,1.61474
-1.39561,0.174784,1.61667
-1.39641,0.193947,1.60459
-1.39716,0.218619,1.59814
-1.39848,0.263588,1.60659
-1.39943,0.288542,1.61341
-1.40075,0.318511,1.61734
-1.40287,0.363496,1.61754
-1.40424,0.393505,1.61542
-1.40491,0.408512,1.6144
-1.40577,0.428516,1.61367
-1.4081,0.483521,1.61279
-1.40894,0.503522,1.6126
-1.40978,0.523521,1.61274
-1.41061,0.543519,1.61292
-1.41146,0.563517,1.6131
-1.41379,0.618513,1.61341
-1.41443,0.633512,1.61339
-1.41634,0.678512,1.61326
-1.4174,0.703511,1.61319
-1.41867,0.73351,1.61318
-1.42036,0.773508,1.61325
-1.42142,0.798508,1.61329
-1.42269,0.828505,1.61333
-1.42354,0.848505,1.61335
-1.4246,0.873503,1.61335
-1.42609,0.908502,1.61337
-1.42822,0.9585,1.61342
-1.42907,0.978498,1.61344
-1.42971,0.993498,1.61346
-1.43056,1.0135,1.61348
-1.43237,1.05751,1.61315
-1.43399,1.1018,1.6071
-1.43439,1.11497,1.60363
-1.43469,1.12658,1.59965
-1.43491,1.13661,1.59525
-1.4351,1.15041,1.5869
-1.43514,1.15841,1.57945
-1.43514,1.15841,1.57945
-1.43516,1.1652,1.53575
-1.43512,1.16575,1.47628
-1.43512,1.16575,1.47628
-1.43505,1.16637,1.40926
-1.435,1.16664,1.37951
-1.43493,1.16699,1.34227
-1.43475,1.16767,1.26789
-1.43466,1.16793,1.23809
-1.43457,1.1682,1.20834
-1.43427,1.16895,1.12627
-1.43414,1.16922,1.09639
-1.43397,1.16955,1.05903
-1.43374,1.16993,1.01418
-1.43338,1.17049,0.946868
-1.43312,1.17084,0.901957
-1.43298,1.17102,0.879491
-1.43284,1.17119,0.857062
-1.43224,1.17183,0.767099
-1.43197,1.17208,0.72958
-1.43135,1.1726,0.647014
-1.43112,1.17277,0.61698
-1.43082,1.17298,0.579403
-1.43051,1.17318,0.541842
-1.43032,1.17329,0.519291
-1.43001,1.17346,0.481728
-1.42935,1.17378,0.406529
-1.42901,1.17392,0.368913
-1.42847,1.17412,0.308747
-1.4277,1.17433,0.226028
-1.42734,1.17441,0.188448
-1.42687,1.17451,0.147275
-1.42571,1.17467,0.0805797
-1.42422,1.17473,-0.018291
-1.42108,1.17422,-0.233668
-1.41784,1.17322,-0.380422
-1.4159,1.1723,-0.46009
-1.41065,1.16898,-0.622988
-1.40585,1.1652,-0.733617
-1.39041,1.14951,-0.997138
-1.38386,1.14086,-1.07304
-1.37415,1.12354,-1.24165
-1.36479,1.09676,-1.35046
-1.3586,1.07203,-1.31999
-1.35563,1.06115,-1.27027
-1.35194,1.04921,-1.20272
-1.34844,1.03953,-1.13492
-1.34585,1.03345,-1.08636
-1.34351,1.02875,-1.05195
-1.34154,1.02532,-1.03197
-1.33909,1.02127,-1.05086
-1.33889,1.02096,-1.08808
-1.33879,1.02078,-1.11061
-1.33847,1.0201,-1.19334
-1.3384,1.0199,-1.21587
-1.33831,1.01964,-1.24597
-1.33821,1.01931,-1.28358
-1.33814,1.01904,-1.31363
-1.33809,1.01884,-1.33622
-1.33802,1.0185,-1.37382
-1.33792,1.01813,-1.40351
-1.33651,1.01289,-1.45642
-1.33429,1.00601,-1.47531
-1.33253,1.00016,-1.47902
-1.33101,0.993854,-1.46743
-1.32652,0.975427,-1.43057
-1.32424,0.96515,-1.41449
-1.32159,0.951992,-1.36792
-1.31439,0.924387,-1.26385
-1.30631,0.901167,-1.20987
-1.30157,0.888665,-1.21827
-1.29969,0.883586,-1.23248
-1.29607,0.873018,-1.26889
-1.28888,0.846507,-1.35622
-1.28526,0.828304,-1.39067
-1.28244,0.812909,-1.39513
-1.27931,0.795764,-1.40217
-1.27544,0.773059,-1.43016
-1.27041,0.735158,-1.50737
-1.2693,0.713506,-1.54504
-1.26898,0.687957,-1.55904
-1.26812,0.653882,-1.53537
-1.26742,0.635935,-1.53193
-1.26625,0.609329,-1.53333
-1.26572,0.595315,-1.54252
-1.26538,0.555773,-1.59183
-1.2663,0.53051,-1.62552
-1.26824,0.500444,-1.65562
-1.2716,0.456019,-1.64134
-1.27334,0.426361,-1.61792
-1.27414,0.406697,-1.6057
-1.27524,0.362491,-1.59515
-1.27585,0.337458,-1.59716
-1.27674,0.307377,-1.60564
-1.27769,0.282321,-1.61146
-1.27875,0.2573,-1.61314
-1.28046,0.217296,-1.61312
-1.28275,0.1623,-1.61135
-1.28336,0.147301,-1.61086
-1.28496,0.107294,-1.61056
-1.28496,0.107294,-1.61056
-1.28576,0.0872891,-1.6107
-1.28656,0.0672826,-1.61099
-1.28737,0.0472771,-1.61122
-1.28818,0.0272726,-1.61142
-1.29002,-0.0177375,-1.61151
-1.29104,-0.0427421,-1.61147
-1.29207,-0.0677455,-1.61142
-1.29288,-0.0877501,-1.61137
-1.29471,-0.132758,-1.61136
-1.29675,-0.182768,-1.61134
-1.29777,-0.207773,-1.61135
-1.2998,-0.257783,-1.6114
-1.30103,-0.287789,-1.61139
-1.30184,-0.307792,-1.61141
-1.30347,-0.3478,-1.61141
-1.30449,-0.372805,-1.61141
-1.30571,-0.402811,-1.61141
-1.30653,-0.422816,-1.6114
-1.30735,-0.442819,-1.61143
-1.30816,-0.462824,-1.61143
-1.30979,-0.502832,-1.61147
-1.31225,-0.562844,-1.61156
-1.31245,-0.567845,-1.61155
-1.31326,-0.587747,-1.61152
-1.31469,-0.631394,-1.60767
-1.31505,-0.646115,-1.60483
-1.3153,-0.659264,-1.6014
-1.31547,-0.670838,-1.59754
-1.31562,-0.691162,-1.58749
-1.31562,-0.699022,-1.58158
-1.31559,-0.707449,-1.56923
-1.31558,-0.708606,-1.55464
-1.31558,-0.708795,-1.52932
-1.31559,-0.708561,-1.49977
-1.31561,-0.708318,-1.47012
-1.31567,-0.707779,-1.4033
-1.31581,-0.707077,-1.31424
-1.31587,-0.706842,-1.2845
-1.31605,-0.706277,-1.21035
-1.31608,-0.706217,-1.20287
-1.3163,-0.705667,-1.12871
-1.31643,-0.705397,-1.09158
-1.31669,-0.704924,-1.02477
-1.31688,-0.704619,-0.980215
-1.31701,-0.704421,-0.950524
-1.3174,-0.703921,-0.86852
-1.31751,-0.70379,-0.846154
-1.3177,-0.703574,-0.80884
-1.31794,-0.703326,-0.764085
-1.31829,-0.703011,-0.704346
-1.31878,-0.702614,-0.622174
-1.31902,-0.702446,-0.584782
-1.31922,-0.702321,-0.554911
-1.31932,-0.702259,-0.539941
-1.31962,-0.702086,-0.495091
-1.31982,-0.701979,-0.46521
-1.32008,-0.70185,-0.427799
-1.32029,-0.701759,-0.397927
-1.32089,-0.701532,-0.315655
-1.32139,-0.701385,-0.24838
-1.32173,-0.701306,-0.203531
-1.32226,-0.701231,-0.136235
-1.32256,-0.701198,-0.097193
-1.3231,-0.701144,-0.0196454
-1.32343,-0.701102,0.0948648
-1.3224,-0.700829,0.171941
-1.32016,-0.699986,0.247506
-1.31563,-0.697984,0.342404
-1.3025,-0.690109,0.511897
-1.29237,-0.682929,0.604375
-1.28022,-0.673716,0.69762
-1.24817,-0.646309,0.885849
-1.24014,-0.637249,0.928241
-1.23268,-0.627963,0.95934
-1.213,-0.599475,0.991296
-1.20419,-0.585653,0.996986
-1.19584,-0.572042,1.00328
-1.19134,-0.564728,1.00766
-1.18417,-0.552343,1.02014
-1.18328,-0.550584,1.02768
-1.18309,-0.550156,1.03629
-1.18312,-0.550119,1.07054
-1.18329,-0.550428,1.11535
-1.1834,-0.550638,1.14524
-1.18352,-0.550904,1.1826
-1.18366,-0.551232,1.22751
-1.18382,-0.551676,1.28731
-1.18396,-0.552185,1.35455
-1.18404,-0.552533,1.39943
-1.18407,-0.552707,1.42186
-1.1832,-0.549585,1.49069
-1.18284,-0.546998,1.50398
-1.18211,-0.539567,1.52441
-1.18123,-0.524958,1.54005
-1.1805,-0.507761,1.54363
-1.18002,-0.496081,1.54159
-1.17928,-0.479584,1.53516
-1.17797,-0.449722,1.53579
-1.17762,-0.414192,1.60754
-1.17961,-0.38958,1.70014
-1.18655,-0.356042,1.88433
-1.19392,-0.334759,1.98867
-1.20539,-0.309458,2.07715
-1.2189,-0.284633,2.11624
-1.24035,-0.247853,2.06605
-1.24716,-0.235285,2.02394
-1.26535,-0.191728,1.81286
-1.27175,-0.164216,1.63252
-1.27441,-0.139995,1.48693
-1.27324,-0.0968164,1.27637
-1.27032,-0.0783854,1.21572
-1.26596,-0.0604647,1.17404
-1.25152,-0.0212286,1.15841
-1.24092,0.00440036,1.22035
-1.23499,0.0216085,1.28587
-1.22638,0.0608569,1.50428
-1.22488,0.0883956,1.64646
-1.22815,0.125685,1.78841
-1.23946,0.17209,1.83908
-1.2457,0.195364,1.80899
-1.25109,0.21904,1.74669
-1.25406,0.238263,1.67269
-1.25562,0.272656,1.53319
-1.25326,0.302832,1.4338
-1.24252,0.356167,1.32358
-1.23666,0.379439,1.33166
-1.23035,0.407148,1.38213
-1.22556,0.440006,1.49095
-1.22435,0.464059,1.5546
-1.22548,0.512792,1.60739
-1.22643,0.542808,1.5851
-1.22648,0.563026,1.55139
-1.22438,0.608418,1.50302
-1.22209,0.638406,1.49561
-1.22094,0.653371,1.4966
-1.21767,0.698254,1.50451
-1.2157,0.728192,1.50907
-1.21507,0.738178,1.50959
-1.21414,0.75316,1.50957
-1.2123,0.783127,1.50953
-1.21076,0.808103,1.50931
-1.20767,0.858053,1.50893
-1.20488,0.903007,1.50879
-1.20333,0.927981,1.50879
-1.20147,0.95795,1.50886
-1.19992,0.982923,1.50898
-1.19683,1.03287,1.50916
-1.19561,1.05275,1.50925
-1.19284,1.10021,1.50972
-1.19185,1.1179,1.51001
-1.19104,1.13313,1.51032
-1.1904,1.14591,1.51062
-1.19001,1.15438,1.51085
-1.18961,1.16413,1.51116
-1.1895,1.16868,1.51122
-1.18951,1.17221,1.50924
-1.18941,1.17463,1.47397
-1.18928,1.17532,1.39834
-1.18919,1.17574,1.3529
-1.18904,1.17629,1.29227
-1.18879,1.17704,1.20876
-1.18868,1.17731,1.17842
-1.18853,1.17763,1.14047
-1.18837,1.17795,1.10253
-1.18824,1.17821,1.0722
-1.18783,1.17888,0.988805
-1.18767,1.17911,0.958441
-1.18745,1.17939,0.920539
-1.18732,1.17956,0.897859
-1.1868,1.18015,0.814521
-1.18666,1.1803,0.799391
-1.18645,1.1805,0.761546
-1.18599,1.18094,0.678287
-1.1858,1.18105,0.648128
-1.18553,1.18126,0.610367
-1.18501,1.1816,0.542348
-1.18471,1.18177,0.504584
-1.1841,1.18208,0.42906
-1.18378,1.18221,0.391303
-1.18327,1.1824,0.3309
-1.18295,1.18251,0.293153
-1.18228,1.18267,0.217665
-1.18195,1.18274,0.179931
-1.17974,1.1832,0.0981721
-1.17659,1.18346,0.0244677
-1.17424,1.18344,-0.0495327
-1.17103,1.18315,-0.168487
-1.1685,1.18252,-0.291613
-1.16446,1.18083,-0.473248
-1.15556,1.17449,-0.779113
-1.14822,1.16763,-0.972181
-1.14057,1.15852,-1.15939
-1.13667,1.15207,-1.26824
-1.12787,1.13178,-1.53962
-1.1243,1.11035,-1.74321
-1.12473,1.0998,-1.8116
-1.12662,1.08957,-1.85514
-1.13427,1.06445,-1.85669
-1.13786,1.05165,-1.80016
-1.13962,1.04388,-1.74858
-1.14118,1.03348,-1.66122
-1.14092,1.01319,-1.43171
-1.13888,1.00223,-1.27379
-1.13437,0.987134,-0.934418
-1.13101,0.980262,-0.659526
-1.12736,0.975855,-0.486864
-1.12083,0.97101,-0.274842
-1.11096,0.967707,-0.00718131
-1.10604,0.967425,0.14462
-1.08707,0.975433,0.938864
-1.07967,0.982502,1.35598
-1.07665,0.988348,1.636
-1.0752,0.994908,1.91244
-1.07539,1.00386,2.2432
-1.08182,1.0192,2.86132
-1.09049,1.0249,-2.97265
-1.09164,1.02529,-2.92214
-1.09597,1.02691,-2.74067
-1.10685,1.03132,-2.41495
-1.10888,1.03286,-2.34283
-1.10976,1.03435,-2.28264
-1.10935,1.03491,-2.19886
-1.1092,1.03509,-2.16892
-1.10906,1.03528,-2.13898
-1.10893,1.03548,-2.10905
-1.10863,1.03598,-2.03424
-1.10849,1.03625,-1.99685
-1.10837,1.03651,-1.95946
-1.10815,1.03706,-1.88459
-1.10808,1.03728,-1.85467
-1.10799,1.03756,-1.81728
-1.10791,1.0379,-1.77247
-1.10781,1.03836,-1.71265
-1.10783,1.03842,-1.67565
-1.10817,1.03606,-1.63334
-1.10836,1.03374,-1.61302
-1.10859,1.01906,-1.54429
-1.10816,1.01198,-1.50922
-1.10715,1.00126,-1.46719
-1.1045,0.985632,-1.41882
-1.10227,0.973694,-1.38491
-1.09962,0.960888,-1.35944
-1.09579,0.943968,-1.34987
-1.09279,0.930659,-1.34953
-1.08886,0.913235,-1.36507
-1.08648,0.902021,-1.38284
-1.07858,0.856318,-1.47843
-1.07858,0.856318,-1.47843
-1.07699,0.839041,-1.51262
-1.07539,0.801175,-1.51678
-1.07456,0.788534,-1.50546
-1.07182,0.752526,-1.50467
-1.07034,0.728313,-1.52621
-1.06954,0.698147,-1.56041
-1.06939,0.655637,-1.55842
-1.06918,0.641389,-1.55414
-1.06893,0.626672,-1.55571
-1.06864,0.581499,-1.57468
-1.06874,0.566433,-1.58081
-1.06897,0.546539,-1.58142
-1.06915,0.526846,-1.57705
-1.06938,0.48181,-1.57481
-1.06948,0.456784,-1.57527
-1.06951,0.451778,-1.57552
-1.06987,0.391704,-1.57838
-1.07008,0.366675,-1.5789
-1.07032,0.33665,-1.57843
-1.07047,0.316634,-1.57806
-1.07066,0.291612,-1.57766
-1.07083,0.26659,-1.57749
-1.07103,0.236562,-1.57748
-1.07117,0.216543,-1.57752
-1.07155,0.16149,-1.57766
-1.07166,0.146475,-1.57768
-1.0718,0.126457,-1.5777
-1.07194,0.106437,-1.57766
-1.07208,0.086419,-1.57762
-1.07229,0.0563908,-1.57761
-1.07249,0.0263624,-1.57764
-1.07274,-0.00867105,-1.57761
-1.07295,-0.0386993,-1.5776
-1.07309,-0.0587181,-1.57763
-1.07329,-0.0887463,-1.57763
-1.0735,-0.118775,-1.57761
-1.07364,-0.138794,-1.5776
-1.07392,-0.178832,-1.5776
-1.07409,-0.203855,-1.57761
-1.0743,-0.233883,-1.57761
-1.07444,-0.253903,-1.5776
-1.07461,-0.278927,-1.57761
-1.07492,-0.323969,-1.5776
-1.07513,-0.353998,-1.5776
-1.07534,-0.384026,-1.57759
-1.07562,-0.424064,-1.57759
-1.07576,-0.444082,-1.57761
-1.07607,-0.489126,-1.57758
-1.07628,-0.519154,-1.57756
-1.07655,-0.559192,-1.57755
-1.0769,-0.614864,-1.57722
-1.07698,-0.630417,-1.57678
-1.07711,-0.662444,-1.57635
-1.07712,-0.66766,-1.57642
-1.07718,-0.687923,-1.57677
-1.07718,-0.694376,-1.57664
-1.07717,-0.698945,-1.57538
-1.07715,-0.701097,-1.53778
-1.07716,-0.700771,-1.49341
-1.07718,-0.700593,-1.4711
-1.07726,-0.699956,-1.38923
-1.0773,-0.699733,-1.35949
-1.07735,-0.699506,-1.32969
-1.07751,-0.69896,-1.25535
-1.07762,-0.698638,-1.21074
-1.07781,-0.698158,-1.14374
-1.07806,-0.697649,-1.06938
-1.07818,-0.697445,-1.03957
-1.07848,-0.696963,-0.965154
-1.07868,-0.696684,-0.920473
-1.07882,-0.696498,-0.890621
-1.07916,-0.696104,-0.823533
-1.0794,-0.695853,-0.778784
-1.07956,-0.695689,-0.748889
-1.07977,-0.695498,-0.711629
-1.07995,-0.695346,-0.681715
-1.08032,-0.69506,-0.621936
-1.08037,-0.695028,-0.614488
-1.08075,-0.694769,-0.554693
-1.0809,-0.694678,-0.532272
-1.08105,-0.694591,-0.509847
-1.0813,-0.694456,-0.47252
-1.08162,-0.694298,-0.427582
-1.08178,-0.694227,-0.405153
-1.08204,-0.69412,-0.367821
-1.08259,-0.693927,-0.293006
-1.08282,-0.693863,-0.263128
-1.08333,-0.693744,-0.195853
-1.0834,-0.693724,-0.0933779
-1.08323,-0.693716,-0.0279478
-1.08135,-0.693369,0.155064
-1.07863,-0.692607,0.255769
-1.06957,-0.68878,0.400392
-1.06342,-0.685522,0.4639
-1.05596,-0.681056,0.526473
-1.03444,-0.666226,0.669505
-1.01678,-0.652691,0.765968
-1.00485,-0.641991,0.821092
-0.974117,-0.607402,0.889611
-0.96307,-0.593772,0.874757
-0.949304,-0.577151,0.847356
-0.935311,-0.560412,0.824414
-0.919643,-0.541885,0.803773
-0.91334,-0.534999,0.793389
-0.906844,-0.528219,0.776159
-0.905377,-0.526733,0.786903
-0.905541,-0.526864,0.864455
-0.905658,-0.526995,0.886926
-0.905807,-0.527172,0.916801
-0.906097,-0.527546,0.9767
-0.906201,-0.527692,0.999165
-0.906455,-0.528086,1.05899
-0.906599,-0.52834,1.09642
-0.906839,-0.528811,1.16379
-0.906938,-0.529027,1.19372
-0.907026,-0.529244,1.22367
-0.907112,-0.529465,1.25359
-0.907254,-0.529911,1.31347
-0.907385,-0.530424,1.38078
-0.907394,-0.53068,1.42528
-0.906861,-0.529269,1.45582
-0.906416,-0.527421,1.47019
-0.905325,-0.521452,1.49096
-0.903025,-0.502666,1.50484
-0.90201,-0.493312,1.50256
-0.900459,-0.47974,1.49477
-0.898716,-0.464059,1.48466
-0.894917,-0.426797,1.46887
-0.893258,-0.410435,1.47741
-0.891447,-0.389207,1.49764
-0.8901,-0.368091,1.52105
-0.889537,-0.354793,1.54028
-0.889457,-0.318195,1.59457
-0.890158,-0.299507,1.62017
-0.893534,-0.250964,1.65316
-0.895658,-0.226165,1.65688
-0.897708,-0.201406,1.64642
-0.898809,-0.186374,1.63893
-0.901532,-0.141282,1.62441
-0.903972,-0.0915328,1.61706
-0.904199,-0.0865473,1.6175
-0.90466,-0.0765603,1.61889
-0.906692,-0.0366272,1.62751
-0.908444,-0.0066866,1.63338
-0.910001,0.0182765,1.6334
-0.91217,0.0532414,1.63176
-0.913386,0.0732243,1.63095
-0.915784,0.113184,1.63044
-0.917876,0.148149,1.63045
-0.918471,0.158137,1.63054
-0.921768,0.213077,1.63098
-0.924175,0.253032,1.63114
-0.925684,0.278006,1.6311
-0.927491,0.307974,1.63099
-0.929597,0.342938,1.63086
-0.9326,0.392886,1.63086
-0.934402,0.422853,1.63091
-0.937709,0.477794,1.631
-0.937709,0.477794,1.631
-0.940415,0.522745,1.63098
-0.943425,0.572692,1.63099
-0.94493,0.597666,1.6308
-0.947321,0.637627,1.63047
-0.948513,0.657606,1.63059
-0.951214,0.702555,1.6312
-0.953027,0.73252,1.6315
-0.956066,0.782464,1.63176
-0.957203,0.801849,1.63186
-0.958199,0.819667,1.63195
-0.959899,0.850597,1.63193
-0.960581,0.86371,1.63163
-0.961166,0.875254,1.63109
-0.962197,0.900481,1.62738
-0.962328,0.905753,1.6254
-0.962419,0.910134,1.62201
-0.962498,0.912762,1.60682
-0.962527,0.913526,1.575
-0.962527,0.913869,1.5377
-0.962517,0.914136,1.5079
-0.962463,0.914686,1.44823
-0.96241,0.91503,1.41097
-0.962347,0.915374,1.37375
-0.962253,0.915786,1.32907
-0.962199,0.91599,1.30673
-0.961984,0.916663,1.23223
-0.961861,0.916993,1.19503
-0.961807,0.917125,1.18011
-0.961695,0.917383,1.15035
-0.961543,0.917702,1.11307
-0.961346,0.918077,1.06836
-0.961097,0.918501,1.0162
-0.960904,0.918796,0.978891
-0.960488,0.919362,0.904282
-0.960267,0.919634,0.866972
-0.959985,0.919949,0.822138
-0.95984,0.920101,0.799713
-0.959279,0.920628,0.717485
-0.959119,0.920765,0.69503
-0.958844,0.920985,0.65757
-0.958504,0.921232,0.612647
-0.958037,0.921539,0.552739
-0.957796,0.92168,0.522783
-0.957177,0.922004,0.447833
-0.956859,0.922147,0.41039
-0.956599,0.922256,0.38035
-0.956338,0.922354,0.350375
-0.956007,0.922467,0.312905
-0.955604,0.922587,0.2679
-0.955333,0.922656,0.237923
-0.95506,0.922717,0.207944
-0.95506,0.922717,0.207944
-0.954715,0.922783,0.170436
-0.953504,0.923032,0.0959603
-0.953125,0.923091,0.0880444
-0.948944,0.923335,-0.0122065
-0.946585,0.923207,-0.0935934
-0.943917,0.922752,-0.193112
-0.939669,0.921633,-0.324634
-0.928333,0.915663,-0.573274
-0.920206,0.909734,-0.700293
-0.912727,0.903366,-0.797544
-0.902197,0.893502,-0.916441
-0.889624,0.878954,-1.05589
-0.881997,0.867689,-1.13917
-0.875421,0.85582,-1.2077
-0.868465,0.840883,-1.26153
-0.863068,0.825719,-1.28284
-0.856176,0.800502,-1.2927
-0.856176,0.800502,-1.2927
-0.853642,0.789868,-1.29667
-0.852728,0.785872,-1.29845
-0.851976,0.781915,-1.30076
-0.851535,0.77952,-1.30652
-0.851277,0.778153,-1.32993
-0.851157,0.777719,-1.37437
-0.85101,0.777218,-1.41911
-0.850687,0.776219,-1.43909
-0.849937,0.772886,-1.46747
-0.848905,0.766122,-1.49434
-0.848211,0.759934,-1.50842
-0.84754,0.7524,-1.51975
-0.84676,0.741091,-1.53039
-0.846158,0.730531,-1.5362
-0.845442,0.715439,-1.54027
-0.844859,0.701852,-1.54104
-0.843469,0.666349,-1.53553
-0.842531,0.643706,-1.52912
-0.84132,0.614704,-1.5376
-0.840664,0.589591,-1.55471
-0.840424,0.559504,-1.56889
-0.84043,0.539669,-1.57182
-0.840478,0.519806,-1.57144
-0.840531,0.479809,-1.57114
-0.840535,0.474806,-1.57103
-0.840524,0.409764,-1.57044
-0.840512,0.364732,-1.57026
-0.840506,0.349722,-1.5702
-0.840498,0.329706,-1.57012
-0.840489,0.30969,-1.57004
-0.840474,0.284671,-1.56996
-0.84045,0.254648,-1.56997
-0.840434,0.234632,-1.56999
-0.840419,0.214617,-1.57002
-0.840401,0.189597,-1.57005
-0.840366,0.139559,-1.57008
-0.840366,0.139559,-1.57008
-0.840335,0.0945241,-1.57006
-0.840313,0.0645008,-1.57004
-0.840284,0.0244699,-1.57003
-0.840249,-0.0255685,-1.57002
-0.840208,-0.0806113,-1.57004
-0.840179,-0.120642,-1.57004
-0.840162,-0.145661,-1.57003
-0.84014,-0.175684,-1.57003
-0.840129,-0.190696,-1.57002
-0.840106,-0.220719,-1.57003
-0.840106,-0.220719,-1.57003
-0.840073,-0.265754,-1.57002
-0.840058,-0.28577,-1.57002
-0.840041,-0.305786,-1.57
-0.840003,-0.355826,-1.56998
-0.839985,-0.380845,-1.57
-0.839963,-0.405866,-1.56999
-0.839947,-0.430886,-1.57
-0.839944,-0.435889,-1.56999
-0.839909,-0.480926,-1.57001
-0.839889,-0.505946,-1.57
-0.839869,-0.535969,-1.56999
-0.839853,-0.555986,-1.56997
-0.839802,-0.609051,-1.56825
-0.839782,-0.617646,-1.56725
-0.839717,-0.633656,-1.5655
-0.839612,-0.651463,-1.56375
-0.839505,-0.666821,-1.56242
-0.839394,-0.682019,-1.5612
-0.839334,-0.690189,-1.56055
-0.839279,-0.698197,-1.55994
-0.839266,-0.70284,-1.5596
-0.839266,-0.704573,-1.55952
-0.839273,-0.706974,-1.55746
-0.839272,-0.708354,-1.54533
-0.83927,-0.708759,-1.52228
-0.839274,-0.708483,-1.48504
-0.839286,-0.708118,-1.43999
-0.839294,-0.707938,-1.41746
-0.839316,-0.70758,-1.37242
-0.839341,-0.707284,-1.335
-0.839374,-0.707052,-1.30501
-0.839425,-0.706819,-1.27508
-0.839599,-0.706247,-1.20023
-0.839703,-0.705969,-1.16282
-0.839795,-0.705746,-1.13284
-0.839917,-0.705476,-1.09544
-0.840079,-0.705157,-1.0505
-0.840166,-0.704996,-1.02803
-0.840412,-0.704589,-0.968135
-0.840412,-0.704589,-0.968135
-0.840752,-0.704099,-0.893304
-0.840936,-0.703864,-0.855864
-0.840973,-0.703818,-0.848379
-0.841088,-0.703681,-0.825964
-0.841207,-0.703548,-0.803463
-0.841754,-0.702998,-0.706176
-0.84193,-0.702844,-0.676262
-0.842159,-0.702654,-0.638827
-0.842396,-0.702473,-0.601395
-0.842687,-0.70227,-0.556489
-0.842884,-0.702143,-0.52661
-0.843139,-0.70199,-0.489186
-0.843609,-0.701743,-0.421795
-0.843768,-0.701668,-0.3994
-0.84393,-0.701597,-0.376906
-0.844204,-0.701485,-0.339494
-0.844536,-0.701366,-0.294629
-0.844705,-0.701312,-0.272142
-0.844988,-0.70123,-0.234742
-0.845331,-0.701147,-0.189882
-0.845564,-0.701098,-0.159974
-0.842453,-0.701627,-0.053788
-0.839764,-0.701444,0.116169
-0.836893,-0.700699,0.272436
-0.836372,-0.700546,0.294874
-0.834751,-0.699938,0.357223
-0.831556,-0.698368,0.434671
-0.825754,-0.694983,0.52997
-0.816192,-0.688351,0.641346
-0.804068,-0.678719,0.755145
-0.79488,-0.670661,0.831625
-0.776768,-0.650679,0.956912
-0.76091,-0.627266,1.02342
-0.742161,-0.596798,0.988336
-0.728574,-0.575733,0.93988
-0.72292,-0.567441,0.912923
-0.716769,-0.559097,0.872241
-0.714966,-0.556899,0.867886
-0.713986,-0.555727,0.912573
-0.7142,-0.556006,0.957362
-0.714469,-0.556392,1.01718
-0.714626,-0.55664,1.05457
-0.714801,-0.556944,1.09942
-0.71491,-0.557152,1.12935
-0.715065,-0.557472,1.16683
-0.715361,-0.558236,1.27898
-0.715431,-0.55846,1.30889
-0.715495,-0.558687,1.3388
-0.715566,-0.558975,1.37625
-0.715625,-0.559262,1.41361
-0.71523,-0.558332,1.45323
-0.714836,-0.556732,1.4686
-0.714015,-0.552392,1.48801
-0.712855,-0.544425,1.50198
-0.710765,-0.526801,1.50523
-0.708823,-0.511274,1.49937
-0.707855,-0.502373,1.49562
-0.704762,-0.471128,1.48117
-0.702807,-0.450899,1.47271
-0.700706,-0.429476,1.47918
-0.697155,-0.387482,1.48481
-0.695302,-0.36616,1.49581
-0.693534,-0.338951,1.52791
-0.693049,-0.324682,1.55122
-0.693169,-0.277893,1.58038
-0.693665,-0.248782,1.59578
-0.69487,-0.204789,1.59705
-0.695677,-0.174941,1.59993
-0.696278,-0.154946,1.60264
-0.697616,-0.114955,1.6059
-0.699034,-0.0749488,1.60625
-0.699913,-0.0499387,1.60561
-0.701454,-0.00491851,1.60454
-0.702292,0.0200934,1.60404
-0.703288,0.0501033,1.60403
-0.704786,0.0951149,1.6044
-0.705794,0.125121,1.60469
-0.706302,0.140125,1.60475
-0.707149,0.165132,1.60475
-0.708165,0.195142,1.60471
-0.708673,0.210146,1.60468
-0.70918,0.225151,1.60467
-0.710531,0.265162,1.60464
-0.711376,0.29017,1.60466
-0.712389,0.320179,1.60468
-0.712728,0.330182,1.60468
-0.714081,0.370193,1.60473
-0.714927,0.3952,1.60474
-0.715773,0.420207,1.60474
-0.716621,0.445214,1.60478
-0.717638,0.475223,1.60481
-0.718317,0.495228,1.60484
-0.719336,0.525237,1.60488
-0.720527,0.560246,1.60492
-0.721209,0.580252,1.60498
-0.722737,0.630865,1.60327
-0.723176,0.646368,1.60163
-0.724004,0.683461,1.59413
-0.724196,0.696721,1.58929
-0.724292,0.710983,1.58058
-0.724304,0.71394,1.57717
-0.724308,0.716046,1.56377
-0.724303,0.716823,1.54055
-0.72426,0.717513,1.46625
-0.724251,0.717582,1.45876
-0.724226,0.717788,1.43644
-0.723997,0.718952,1.31
-0.723839,0.719492,1.2505
-0.723572,0.720216,1.16877
-0.723488,0.720409,1.14646
-0.723368,0.720664,1.11666
-0.723213,0.720977,1.07951
-0.722936,0.721467,1.01993
-0.722785,0.721705,0.990102
-0.722425,0.722223,0.923036
-0.722212,0.722499,0.88579
-0.722031,0.722715,0.855907
-0.721847,0.722931,0.826033
-0.721339,0.723469,0.751055
-0.720902,0.723858,0.691035
-0.720618,0.724088,0.653531
-0.720325,0.724304,0.615983
-0.720086,0.724472,0.585942
-0.719467,0.724854,0.510814
-0.719404,0.724889,0.503314
-0.718821,0.725189,0.435644
-0.718423,0.725366,0.390523
-0.717674,0.725643,0.307823
-0.717116,0.725805,0.24766
-0.716763,0.72589,0.210079
-0.716407,0.72596,0.172486
-0.715628,0.726052,0.0900151
-0.713883,0.726055,-0.102358
-0.710865,0.724752,-0.432912
-0.705959,0.72046,-0.734089
-0.693246,0.70317,-1.226
-0.689923,0.695396,-1.34807
-0.68683,0.675233,-1.58587
-0.68932,0.65054,-1.7229
-0.691395,0.637198,-1.72293
-0.693885,0.612539,-1.57223
-0.692988,0.599,-1.42309
-0.692988,0.599,-1.42309
-0.689475,0.583383,-1.18689
-0.688729,0.581167,-1.14684
