1.03229,-0.344096,1.07786
1.03237,-0.344021,1.07761
1.03301,-0.343341,1.07551
1.03532,-0.340695,1.06603
1.04046,-0.332142,1.08648
1.04277,-0.327346,1.14515
1.04375,-0.323438,1.29142
1.04502,-0.319054,1.48851
1.04521,-0.312418,1.70961
1.04349,-0.305901,2.10753
1.0411,-0.302424,2.24047
1.03416,-0.295469,2.54107
1.02617,-0.291528,2.92672
1.01419,-0.292812,-2.71565
0.999401,-0.304628,-1.98303
0.993452,-0.318007,-1.50771
0.994252,-0.338083,-0.969869
1.00262,-0.35619,-0.58006
1.02395,-0.377405,-0.172752
1.02976,-0.379702,-0.122666
1.04884,-0.381804,0.0512987
1.05534,-0.381245,0.141477
1.06154,-0.380302,0.255699
1.066,-0.379642,0.397715
1.06689,-0.380431,0.541141
1.06351,-0.384225,0.710278
1.05846,-0.389213,0.838625
1.05624,-0.3917,0.894368
1.04727,-0.403729,1.20505
1.04415,-0.410752,1.40958
1.0429,-0.420997,1.75094
1.0438,-0.42691,1.96936
1.04532,-0.432388,2.1946
1.04864,-0.44167,2.76557
1.04864,-0.44167,2.76557
1.04861,-0.443519,3.05829
1.04717,-0.443947,-2.94884
1.04483,-0.44491,-2.69579
1.04371,-0.445522,-2.60418
1.03912,-0.449102,-2.28945
1.03485,-0.455289,-2.03157
1.033,-0.459301,-1.95467
1.03077,-0.465022,-1.93552
1.02926,-0.468887,-1.96463
1.02743,-0.472897,-2.03236
1.02218,-0.481351,-2.26903
1.01869,-0.48516,-2.4331
1.01514,-0.488078,-2.6258
1.01289,-0.489358,-2.75101
1.00985,-0.490531,-2.93622
1.00584,-0.490955,3.08713
1.00119,-0.490094,2.73681
0.996051,-0.487459,2.35746
0.987756,-0.478855,1.7722
0.983918,-0.468162,1.32537
0.983731,-0.461204,1.07536
0.98759,-0.447199,0.604349
0.996345,-0.436318,0.185737
1.00994,-0.431009,-0.257221
1.02269,-0.434468,-0.562846
1.02933,-0.439015,-0.679744
1.03367,-0.442574,-0.876504
1.03356,-0.442447,-0.894456
1.03275,-0.441491,-0.948329
1.03041,-0.438306,-1.03662
1.02218,-0.422788,-1.23261
1.01904,-0.414576,-1.30874
1.01616,-0.403636,-1.42528
1.01593,-0.378914,-1.78843
1.02776,-0.345926,-2.52592
1.04223,-0.328824,3.10902
1.04707,-0.325956,2.93395
1.06038,-0.32244,2.50484
1.0696,-0.323874,2.22477
1.08101,-0.331965,1.81629
1.08384,-0.340072,1.62956
1.08367,-0.355264,1.54753
1.08439,-0.373098,1.71579
1.08622,-0.382323,1.8797
1.09539,-0.402016,2.35264
1.11064,-0.415202,3.0878
1.11305,-0.415336,-2.91673
1.11296,-0.416027,-2.73936
1.11277,-0.416408,-2.63967
1.11295,-0.416545,-2.54486
1.11327,-0.416618,-2.43421
1.11352,-0.416603,-2.32983
1.11367,-0.416543,-2.23456
1.11325,-0.41702,-2.26645
1.1126,-0.417686,-2.34992
1.11086,-0.419064,-2.5685
1.10932,-0.41994,-2.73337
1.10332,-0.421596,-3.06184
1.1,-0.42162,3.08488
1.09594,-0.420991,2.95181
1.08964,-0.418854,2.79087
1.07965,-0.413641,2.60177
1.07172,-0.40847,2.48188
1.05268,-0.391217,2.24404
1.04616,-0.383426,2.18488
1.04029,-0.3754,2.14905
1.02703,-0.355157,2.165
1.02166,-0.347394,2.21245
1.01451,-0.338307,2.29676
1.01451,-0.338307,2.29676
1.0053,-0.328481,2.44471
0.98999,-0.317331,2.74797
0.980989,-0.31349,2.95845
0.970421,-0.311854,-3.02726
0.9634,-0.312771,-2.80563
0.947395,-0.319866,-2.25847
0.938952,-0.326688,-1.9413
0.931705,-0.337331,-1.55905
0.927392,-0.354344,-1.06692
0.926534,-0.375631,-0.548952
0.925965,-0.383054,-0.344731
0.925298,-0.388875,-0.151304
0.924585,-0.3915,0.0151686
0.924037,-0.39147,0.0876268
0.924037,-0.39147,0.0876268
0.923461,-0.391469,0.161953
0.923224,-0.391486,0.191785
0.922933,-0.391515,0.229116
0.92258,-0.391562,0.273947
0.922065,-0.391697,0.34129
0.921786,-0.391792,0.378691
0.921728,-0.391812,0.386145
0.921293,-0.391989,0.445945
0.920968,-0.392142,0.49085
0.92076,-0.392249,0.520716
0.9205,-0.392393,0.5581
0.919759,-0.392882,0.67028
0.919523,-0.393062,0.707667
0.919341,-0.393214,0.73761
0.919164,-0.39337,0.767554
0.918782,-0.393741,0.834889
0.918464,-0.394088,0.894691
0.918133,-0.394503,0.962038
0.917963,-0.394742,0.999457
0.917833,-0.394938,1.02941
0.917677,-0.395189,1.06681
0.917451,-0.3956,1.12671
0.917344,-0.395812,1.15662
0.917116,-0.39635,1.23144
0.916993,-0.396685,1.27635
0.916923,-0.396909,1.30629
0.916806,-0.397359,1.36606
0.916753,-0.39759,1.39597
0.916706,-0.397979,1.45558
0.916978,-0.396651,1.49111
0.917401,-0.392271,1.53187
0.917611,-0.387673,1.55715
0.917608,-0.381716,1.58036
0.916553,-0.363403,1.62496
0.91488,-0.347421,1.6492
0.913465,-0.335083,1.66376
0.911945,-0.321422,1.67929
0.907669,-0.287456,1.69884
0.90467,-0.26445,1.6958
0.902775,-0.249219,1.68759
0.898569,-0.211709,1.63351
0.897363,-0.184813,1.59081
0.89718,-0.170978,1.57172
0.897402,-0.147806,1.55332
0.898074,-0.119997,1.54149
0.898672,-0.101383,1.53672
0.899314,-0.082748,1.53722
0.901009,-0.0430455,1.5154
0.903557,0.00100504,1.50294
0.905544,0.0303238,1.50244
0.906928,0.0503181,1.5001
0.908364,0.070306,1.49781
0.909841,0.0902846,1.49623
0.911346,0.110257,1.49506
0.91325,0.135211,1.49452
0.916297,0.175127,1.49509
0.917434,0.190095,1.49546
0.920812,0.235003,1.49622
0.92305,0.264944,1.49638
0.924168,0.279916,1.49634
0.926032,0.30487,1.49623
0.928272,0.334814,1.49604
0.931267,0.374738,1.49595
0.933141,0.39969,1.49594
0.935014,0.424642,1.49591
0.936705,0.449008,1.49655
0.937254,0.458103,1.49748
0.938429,0.479133,1.50171
0.939412,0.501137,1.51005
0.939755,0.510817,1.51539
0.940065,0.522352,1.52352
0.94025,0.534562,1.53498
0.94024,0.550368,1.55781
0.940213,0.558231,1.58051
0.940212,0.559433,1.59481
0.940213,0.559676,1.61948
0.94022,0.559453,1.64897
0.940238,0.559155,1.68599
0.940256,0.558975,1.70827
0.940289,0.558732,1.73803
0.940397,0.558145,1.81229
0.940438,0.55797,1.83456
0.940531,0.557624,1.87912
0.9407,0.557112,1.94594
0.940876,0.556672,2.00528
0.940977,0.55645,2.03505
0.941082,0.556236,2.06473
0.941224,0.55597,2.1019
0.941406,0.55566,2.14649
0.941668,0.555261,2.20592
0.942031,0.554785,2.28028
0.942862,0.553917,2.42926
0.94318,0.553646,2.48141
0.943659,0.553289,2.55596
0.94391,0.553123,2.59329
0.944063,0.553029,2.61568
0.944689,0.552692,2.70515
0.944961,0.552565,2.74251
0.945629,0.55231,2.83208
0.945971,0.552205,2.87686
0.946431,0.552092,2.9365
0.946784,0.552025,2.98128
0.947025,0.55204,3.0407
0.945887,0.552222,3.06978
0.9376,0.552682,3.13495
0.936347,0.552691,3.14071
0.92348,0.552267,-3.10282
0.900871,0.550635,-3.05387
0.887299,0.549191,-3.01823
0.869188,0.546457,-2.96135
0.85941,0.544511,-2.92589
0.843177,0.540756,-2.87202
0.82709,0.535982,-2.83671
0.807218,0.529362,-2.80553
0.782654,0.520113,-2.7579
0.759932,0.510088,-2.6834
0.740222,0.499557,-2.59582
0.71664,0.484033,-2.47706
0.7018,0.471989,-2.40021
0.673319,0.445799,-2.24863
0.650894,0.423785,-2.1145
0.644666,0.417387,-2.06691
0.639052,0.411172,-2.01456
0.635834,0.406223,-1.98161
0.634594,0.403227,-1.97075
0.633468,0.400252,-1.99488
0.63331,0.399893,-2.03218
0.633071,0.399462,-2.08503
0.632924,0.39922,-2.11525
0.632609,0.398745,-2.17565
0.631945,0.397915,-2.28887
0.631555,0.397504,-2.34923
0.631247,0.397212,-2.39451
0.630762,0.396803,-2.46241
0.630252,0.396429,-2.53029
0.630194,0.396387,-2.5378
0.629958,0.396235,-2.56798
0.629718,0.396091,-2.59815
0.629164,0.395791,-2.666
0.628847,0.395639,-2.70367
0.62859,0.395529,-2.73383
0.628264,0.395399,-2.7715
0.627867,0.395261,-2.81672
0.6276,0.395181,-2.84687
0.627329,0.395104,-2.87698
0.627051,0.395015,-2.91504
0.626673,0.394938,-2.96014
0.626421,0.39489,-2.99017
0.626143,0.394848,-3.02036
0.625799,0.394812,-3.05805
0.625041,0.394784,-3.14093
0.624635,0.394793,3.0971
0.624093,0.394815,3.03688
0.624652,0.394978,2.97575
0.625855,0.395189,2.95541
0.627477,0.395565,2.92635
0.628806,0.395931,2.90082
0.629663,0.396194,2.88349
0.630494,0.396468,2.86587
0.633534,0.397654,2.79227
0.634213,0.397965,2.77307
0.635891,0.398845,2.71824
0.637257,0.399816,2.6597
0.637849,0.400376,2.62598
0.638448,0.401093,2.57845
0.638735,0.401579,2.54035
0.638846,0.401854,2.51339
0.638781,0.402361,2.44112
0.6385,0.402546,2.4036
0.63811,0.40285,2.35074
0.637861,0.4031,2.31303
0.637632,0.403364,2.27529
0.63741,0.403639,2.23758
0.637284,0.403807,2.21495
0.637119,0.404035,2.18482
0.636965,0.404269,2.15465
0.636575,0.404933,2.07175
0.636417,0.405245,2.03408
0.636274,0.405562,1.99637
0.636187,0.405756,1.97381
0.636139,0.405885,1.95871
0.635949,0.406412,1.89844
0.635869,0.406678,1.86828
0.635957,0.407089,1.83147
0.635973,0.407469,1.79431
0.635855,0.407855,1.74912
0.636249,0.408332,1.74113
0.635509,0.409758,1.7436
0.63452,0.412522,1.74682
0.633646,0.416015,1.73956
0.632934,0.422508,1.71918
0.632674,0.424991,1.71186
0.632049,0.429564,1.69686
0.631861,0.430879,1.69177
0.631645,0.432713,1.68472
0.631072,0.438357,1.66007
0.630864,0.440721,1.64809
0.630628,0.443549,1.63235
0.63031,0.448093,1.60352
0.630368,0.459733,1.52095
0.631376,0.470011,1.44539
0.632426,0.476973,1.40179
0.636975,0.496722,1.30756
0.645755,0.523437,1.17625
0.646882,0.526159,1.16377
0.655264,0.544589,1.092
0.662716,0.558177,1.02921
0.67091,0.572345,0.960386
0.675284,0.579827,0.918648
0.679692,0.586968,0.866797
0.682779,0.592293,0.80434
0.683804,0.594052,0.755668
0.684052,0.59433,0.717969
0.684208,0.594471,0.695474
0.684478,0.594691,0.657966
0.684757,0.594897,0.620447
0.684987,0.595053,0.590426
0.68528,0.595237,0.552895
0.68558,0.595409,0.515361
0.686197,0.595718,0.440286
0.686707,0.59593,0.380222
0.686966,0.596025,0.35019
0.686966,0.596025,0.35019
0.687692,0.596243,0.2676
0.687963,0.596309,0.237505
0.688303,0.59638,0.199914
0.688715,0.596446,0.15482
0.693218,0.59749,0.0865412
0.699988,0.598216,0.0394147
0.713716,0.5984,-0.0213167
0.727527,0.59753,-0.0631159
0.747426,0.595016,-0.101993
0.750603,0.594511,-0.113881
0.794959,0.587107,-0.183194
0.811084,0.583946,-0.200099
0.82695,0.580695,-0.205865
0.846343,0.576749,-0.185484
0.866133,0.573371,-0.13704
0.891262,0.570306,-0.0591383
0.904101,0.569709,-0.0244274
0.925875,0.569722,0.0218226
0.954455,0.571148,0.0770091
0.973912,0.572956,0.105148
0.99353,0.57529,0.128711
1.04263,0.582062,0.138935
1.07921,0.58697,0.135505
1.08336,0.587487,0.135007
1.10962,0.590753,0.131325
1.12543,0.592571,0.128595
1.15161,0.595275,0.123156
1.15818,0.595806,0.121446
1.16319,0.596121,0.119842
1.16725,0.596376,0.116734
1.16933,0.596528,0.102593
1.17014,0.596598,0.062894
1.17069,0.59662,0.0030224
1.17117,0.59661,-0.0493714
1.17173,0.59658,-0.10919
1.17207,0.596547,-0.14663
1.17242,0.596502,-0.184039
1.17242,0.596502,-0.184039
1.1727,0.596459,-0.214016
1.17297,0.59641,-0.244026
1.17325,0.596346,-0.274008
1.17358,0.596245,-0.311529
1.17385,0.596152,-0.341543
1.17392,0.596128,-0.349048
1.17438,0.595943,-0.401561
1.17463,0.595828,-0.431541
1.17495,0.595671,-0.469073
1.1752,0.595537,-0.499114
1.17544,0.595397,-0.529103
1.17568,0.595249,-0.559149
1.17591,0.595093,-0.589188
1.17642,0.59472,-0.656757
1.17669,0.594498,-0.69431
1.17701,0.594219,-0.739383
1.17721,0.594027,-0.769409
1.17745,0.593776,-0.80699
1.17786,0.593305,-0.874601
1.17791,0.593251,-0.882107
1.17804,0.593086,-0.904687
1.17824,0.592806,-0.942271
1.17843,0.59252,-0.979824
1.17862,0.592226,-1.01743
1.17879,0.591925,-1.05503
1.17898,0.591555,-1.10015
1.17921,0.591052,-1.16029
1.17934,0.590729,-1.1979
1.17943,0.590468,-1.228
1.17951,0.590205,-1.25804
1.17969,0.589534,-1.33324
1.17976,0.589192,-1.37083
1.17982,0.588847,-1.40842
1.18038,0.58718,-1.4418
1.18136,0.582421,-1.47393
1.18209,0.577574,-1.49107
1.18353,0.563848,-1.51657
1.18405,0.557315,-1.5234
1.18503,0.541983,-1.53302
1.1857,0.53008,-1.53667
1.18651,0.513306,-1.53925
1.18698,0.502229,-1.53995
1.18808,0.47349,-1.54093
1.18808,0.47349,-1.54093
1.18897,0.432202,-1.5745
1.18894,0.427348,-1.58121
1.18855,0.407662,-1.608
1.18688,0.369771,-1.62091
1.18554,0.345073,-1.62887
1.18225,0.295002,-1.6418
1.18079,0.275005,-1.64542
1.1789,0.250047,-1.64505
1.17742,0.230099,-1.6425
1.17394,0.180208,-1.63748
1.17195,0.150256,-1.63563
1.17065,0.130277,-1.63594
1.16768,0.0853163,-1.63777
1.16565,0.0553451,-1.63915
1.16462,0.040363,-1.63936
1.16154,-0.00457396,-1.63888
1.15949,-0.0345322,-1.63839
1.15848,-0.0495122,-1.63827
1.15679,-0.0744796,-1.63815
1.15341,-0.124417,-1.6383
1.15138,-0.15438,-1.63845
1.14866,-0.19433,-1.63855
1.14561,-0.239271,-1.6385
1.14391,-0.26424,-1.63843
1.14222,-0.289208,-1.63842
1.13883,-0.339144,-1.63845
1.13714,-0.364113,-1.63843
1.1351,-0.394075,-1.63843
1.13307,-0.424037,-1.63843
1.13036,-0.463986,-1.63845
1.12832,-0.493948,-1.63845
1.1273,-0.508929,-1.63844
1.12425,-0.553872,-1.63844
1.12222,-0.583833,-1.63843
1.12052,-0.608802,-1.63845
1.11917,-0.628776,-1.63844
1.11781,-0.64875,-1.63846
1.11646,-0.668726,-1.63845
1.1151,-0.6887,-1.63847
1.11374,-0.708675,-1.63845
1.11069,-0.753618,-1.63845
1.109,-0.778586,-1.63846
1.10764,-0.798561,-1.63845
1.10594,-0.823529,-1.63846
1.10425,-0.848498,-1.63847
1.10187,-0.883453,-1.63846
1.10052,-0.903428,-1.63848
1.09882,-0.928396,-1.63848
1.09814,-0.938384,-1.63846
1.09645,-0.963363,-1.63841
1.09475,-0.988355,-1.63832
1.09136,-1.03833,-1.63827
1.08966,-1.06332,-1.63827
1.08593,-1.11829,-1.63832
1.08423,-1.14328,-1.63835
1.08219,-1.17326,-1.63835
1.07947,-1.21324,-1.6384
1.07778,-1.23823,-1.6384
1.07608,-1.26322,-1.63835
1.07506,-1.27821,-1.63838
1.0737,-1.2982,-1.63837
1.06997,-1.35317,-1.63845
1.06861,-1.37316,-1.63843
1.06692,-1.39814,-1.63846
1.06352,-1.44812,-1.63857
1.06215,-1.46811,-1.63864
1.06045,-1.49309,-1.63871
1.05875,-1.51808,-1.63878
1.05704,-1.54307,-1.6389
1.05528,-1.57101,-1.63759
1.05325,-1.60628,-1.63213
1.05259,-1.61942,-1.6288
1.05206,-1.63099,-1.62517
1.05165,-1.64099,-1.62144
1.05138,-1.64942,-1.61777
1.05106,-1.66364,-1.60924
1.05108,-1.66754,-1.6023
1.05111,-1.66882,-1.55433
1.0511,-1.66857,-1.52459
1.0511,-1.66845,-1.50976
1.05108,-1.66821,-1.47994
1.051,-1.66757,-1.39807
1.05097,-1.6674,-1.37575
1.05089,-1.66707,-1.33113
1.05079,-1.66668,-1.27904
1.05074,-1.66651,-1.25674
1.05052,-1.66593,-1.17493
1.05043,-1.66572,-1.14521
1.05033,-1.66551,-1.11542
1.05004,-1.66495,-1.03357
1.04995,-1.66481,-1.01125
1.0498,-1.66457,-0.974084
1.04963,-1.66433,-0.936826
1.04943,-1.66406,-0.892136
1.04928,-1.66388,-0.862277
1.04885,-1.66341,-0.780235
1.04873,-1.66329,-0.757855
1.04873,-1.66329,-0.757855
1.0486,-1.66317,-0.735462
1.04816,-1.6628,-0.660845
1.04793,-1.66262,-0.623469
1.04774,-1.66248,-0.593534
1.04755,-1.66236,-0.56367
1.0473,-1.6622,-0.526282
1.04705,-1.66206,-0.48896
1.04679,-1.66193,-0.451548
1.04653,-1.66181,-0.414139
1.04631,-1.66172,-0.384264
1.04593,-1.66157,-0.331877
1.04532,-1.66138,-0.249622
1.04509,-1.66133,-0.219744
1.04446,-1.66123,-0.137547
1.04422,-1.66121,-0.107598
1.04504,-1.66141,-0.0715052
1.0463,-1.6615,-0.0307095
1.04744,-1.66151,0.0318072
1.05142,-1.66061,0.297012
1.05403,-1.6595,0.384989
1.05791,-1.65741,0.473569
1.06308,-1.65427,0.561926
1.07511,-1.64528,0.690231
1.09012,-1.63213,0.869388
1.09896,-1.62276,0.957667
1.10955,-1.60929,1.06032
1.12624,-1.5789,1.19378
1.13332,-1.56271,1.20671
1.14105,-1.54323,1.18079
1.1446,-1.53448,1.16434
1.14884,-1.52402,1.14243
1.15337,-1.51316,1.11534
1.15764,-1.50336,1.08312
1.15764,-1.50336,1.08312
1.1613,-1.49567,1.05172
1.16247,-1.49348,1.05843
1.16254,-1.49336,1.1253
1.16252,-1.49342,1.13282
1.1623,-1.49391,1.20003
1.16222,-1.49413,1.22992
1.16218,-1.49424,1.2449
1.16203,-1.49469,1.30468
1.16196,-1.49491,1.33456
1.16195,-1.49497,1.342
1.16189,-1.4952,1.37188
1.16184,-1.49544,1.40184
1.16271,-1.49284,1.45641
1.16383,-1.48732,1.47819
1.16449,-1.48343,1.48508
1.16547,-1.47708,1.49023
1.16685,-1.46724,1.49034
1.1678,-1.46034,1.4871
1.16977,-1.44716,1.47773
1.17466,-1.41073,1.45369
1.17666,-1.39497,1.44446
1.17878,-1.37848,1.44045
1.18149,-1.35776,1.44907
1.18556,-1.31777,1.50998
1.18611,-1.26949,1.61318
1.18611,-1.26949,1.61318
1.18459,-1.2408,1.6274
1.18346,-1.22142,1.62116
1.18165,-1.17227,1.59154
1.18155,-1.16726,1.58747
1.18135,-1.13259,1.57259
1.18138,-1.10757,1.56685
1.18149,-1.08257,1.56721
1.18159,-1.05256,1.57047
1.18157,-1.02756,1.57401
1.18141,-0.99255,1.57708
1.18126,-0.967535,1.57761
1.18113,-0.947512,1.57671
1.18099,-0.922481,1.57545
1.18091,-0.902458,1.57473
1.18074,-0.852407,1.57409
1.18066,-0.827385,1.57428
1.18061,-0.812373,1.57451
1.18046,-0.772339,1.57492
1.18033,-0.742312,1.57502
1.18025,-0.722295,1.57502
1.18005,-0.672249,1.57489
1.18003,-0.667244,1.57489
1.17987,-0.627208,1.57488
1.17985,-0.622203,1.57487
1.17977,-0.602185,1.57488
1.17969,-0.582167,1.5749
1.17947,-0.527117,1.57491
1.17939,-0.507099,1.57492
1.17929,-0.482076,1.57491
1.17907,-0.427027,1.5749
1.17897,-0.402004,1.57489
1.17885,-0.371977,1.5749
1.17875,-0.346954,1.57492
1.17865,-0.321931,1.57492
1.17849,-0.281895,1.57491
1.17845,-0.271886,1.57492
1.17822,-0.216835,1.57491
1.17814,-0.196817,1.57492
1.17806,-0.1768,1.57491
1.17786,-0.126754,1.57491
1.17776,-0.101731,1.57491
1.17766,-0.0767087,1.57491
1.17748,-0.0316679,1.57492
1.17736,-0.00163984,1.57493
1.17728,0.0183782,1.57493
1.17718,0.043401,1.57493
1.17708,0.0684231,1.57492
1.17704,0.0784326,1.57493
1.17694,0.103456,1.57493
1.17684,0.128478,1.57493
1.17674,0.1535,1.57493
1.17664,0.178524,1.57494
1.17654,0.203547,1.57494
1.17644,0.228569,1.57494
1.17631,0.258601,1.57494
1.17623,0.278638,1.57493
1.17605,0.323714,1.57494
1.17593,0.353764,1.57493
1.17577,0.393828,1.57493
1.17565,0.423875,1.57495
1.17565,0.423875,1.57495
1.17541,0.48397,1.57497
1.17537,0.493987,1.575
1.17515,0.549074,1.57511
1.17511,0.55909,1.57512
1.1749,0.608799,1.57553
1.17484,0.623939,1.57603
1.17471,0.649502,1.57763
1.17465,0.659936,1.57857
1.17453,0.679155,1.58061
1.17451,0.685977,1.58134
1.1745,0.690699,1.56584
1.1745,0.691572,1.52669
1.17451,0.691775,1.50434
1.17453,0.692053,1.47453
1.17456,0.692335,1.44468
1.17461,0.692693,1.40743
1.17467,0.693053,1.37014
1.17473,0.693338,1.34031
1.17482,0.693695,1.30303
1.17494,0.69412,1.25832
1.17501,0.694331,1.23596
1.17508,0.69454,1.2136
1.17521,0.694886,1.1763
1.17548,0.695495,1.10918
1.17551,0.695563,1.10172
1.17575,0.69602,1.0495
1.17601,0.696465,0.997171
1.17605,0.696527,0.98972
1.17643,0.697073,0.922434
1.1767,0.697421,0.877539
1.17689,0.697646,0.847612
1.17708,0.697864,0.817625
1.17728,0.698079,0.787658
1.17776,0.698534,0.720175
1.17798,0.698725,0.690183
1.17826,0.698953,0.652648
1.17844,0.699086,0.630122
1.17886,0.699378,0.577563
1.17923,0.699612,0.532474
1.17948,0.699757,0.502427
1.17973,0.699897,0.472358
1.18006,0.700057,0.434797
1.18079,0.700368,0.352065
1.181,0.700442,0.3295
1.18128,0.700533,0.299432
1.18162,0.700636,0.261842
1.18198,0.700725,0.224238
1.18226,0.700787,0.194174
1.18262,0.700853,0.156592
1.18488,0.701328,0.0910263
1.18788,0.701575,0.036778
1.19041,0.701603,-0.0332181
1.19387,0.701274,-0.147883
1.19768,0.700264,-0.296134
1.20288,0.697884,-0.455109
1.2041,0.69718,-0.487579
1.20957,0.693608,-0.618554
1.2158,0.688904,-0.74649
1.2227,0.682752,-0.869709
1.23219,0.673023,-1.02061
1.24288,0.658661,-1.20319
1.24844,0.64769,-1.31986
1.25499,0.624397,-1.51299
1.25602,0.612695,-1.57942
1.25495,0.589679,-1.64142
1.25379,0.576952,-1.65619
1.25191,0.55915,-1.67438
1.24969,0.539521,-1.689
1.24489,0.497562,-1.6559
1.24323,0.474987,-1.61201
1.24323,0.474987,-1.61201
1.24326,0.426225,-1.53506
1.24451,0.401496,-1.50897
1.24614,0.376601,-1.50964
1.24779,0.346511,-1.52929
1.24852,0.32639,-1.54329
1.249,0.306328,-1.55022
1.24972,0.261295,-1.55411
1.25022,0.231288,-1.55217
1.25113,0.186288,-1.54711
1.25173,0.161285,-1.5458
1.25247,0.13127,-1.5458
1.25297,0.111258,-1.54603
1.25358,0.0862429,-1.54634
1.25431,0.0562247,-1.54657
1.25528,0.0162026,-1.54658
1.25588,-0.00881132,-1.54654
1.25649,-0.0338242,-1.54645
1.2571,-0.0588374,-1.54642
1.25783,-0.0888537,-1.54638
1.25831,-0.108865,-1.54641
1.25941,-0.15389,-1.54641
1.26001,-0.178903,-1.5464
1.26074,-0.20892,-1.54641
1.26123,-0.228931,-1.54641
1.26172,-0.248942,-1.5464
1.2622,-0.268953,-1.54642
1.2633,-0.313978,-1.5464
1.26391,-0.338991,-1.5464
1.26439,-0.359002,-1.54639
1.265,-0.384016,-1.54638
1.2661,-0.429041,-1.54638
1.26658,-0.449053,-1.54638
1.26769,-0.494109,-1.5464
1.26842,-0.524153,-1.54645
1.2689,-0.544181,-1.54646
1.27011,-0.594248,-1.54646
1.27023,-0.599254,-1.54647
1.27119,-0.639308,-1.54644
1.27252,-0.694381,-1.54638
1.27264,-0.699387,-1.54636
1.27313,-0.719414,-1.54635
1.27361,-0.739439,-1.54637
1.27482,-0.789506,-1.54637
1.27494,-0.794513,-1.54637
1.27531,-0.809532,-1.54635
1.27591,-0.834566,-1.54632
1.27725,-0.889638,-1.54628
1.27773,-0.909664,-1.5463
1.27846,-0.939704,-1.54627
1.27931,-0.97475,-1.54625
1.2798,-0.994775,-1.54625
1.2809,-1.03984,-1.54621
1.2809,-1.03984,-1.54621
1.28199,-1.08489,-1.54619
1.28248,-1.10492,-1.54618
1.28297,-1.12495,-1.54615
1.28346,-1.14497,-1.54616
1.28481,-1.20005,-1.5461
1.28517,-1.21507,-1.54609
1.28566,-1.23509,-1.54606
1.28689,-1.28516,-1.546
1.28763,-1.3152,-1.54598
1.28812,-1.33522,-1.54594
1.28862,-1.35525,-1.5459
1.28911,-1.37527,-1.54589
1.2896,-1.3953,-1.54584
1.2901,-1.41532,-1.5458
1.29122,-1.46038,-1.54569
1.29184,-1.48541,-1.54559
1.29272,-1.52046,-1.54541
1.29346,-1.5502,-1.54532
1.29401,-1.57281,-1.54562
1.29454,-1.59682,-1.5476
1.29511,-1.62619,-1.55021
1.29547,-1.64953,-1.55286
1.29554,-1.65612,-1.55374
1.29559,-1.66307,-1.55489
1.29558,-1.66523,-1.55506
1.29557,-1.66711,-1.54829
1.29556,-1.66801,-1.53057
1.29555,-1.668,-1.50287
1.29551,-1.66741,-1.42797
1.2955,-1.66713,-1.39041
1.29544,-1.66663,-1.32279
1.29538,-1.66635,-1.28527
1.29524,-1.66592,-1.22516
1.29514,-1.66566,-1.18766
1.29501,-1.66532,-1.14274
1.29491,-1.66511,-1.11276
1.29478,-1.66484,-1.07535
1.29458,-1.66448,-1.02292
1.29446,-1.66428,-0.992936
1.29433,-1.66408,-0.963018
1.29405,-1.6637,-0.903119
1.2939,-1.66351,-0.873141
1.29375,-1.66333,-0.843166
1.29356,-1.66311,-0.805775
1.29331,-1.66286,-0.760844
1.29318,-1.66273,-0.738344
1.29305,-1.66261,-0.715917
1.29287,-1.66246,-0.685942
1.29236,-1.66206,-0.603571
1.29217,-1.66193,-0.573675
1.29192,-1.66177,-0.536231
1.29167,-1.66162,-0.498792
1.29141,-1.66148,-0.461352
1.29115,-1.66135,-0.423917
1.2911,-1.66133,-0.416446
1.29088,-1.66123,-0.386486
1.29033,-1.66102,-0.311634
1.29006,-1.66094,-0.274215
1.28989,-1.66089,-0.251732
1.28966,-1.66083,-0.221793
1.28914,-1.66072,-0.154451
1.28909,-1.66072,-0.14698
1.29034,-1.66107,-0.0910497
1.29255,-1.66125,-0.038368
1.2946,-1.66124,0.0496274
1.29841,-1.66048,0.247436
1.30251,-1.65906,0.381617
1.30858,-1.65585,0.521382
1.32205,-1.64613,0.719427
1.33361,-1.63571,0.85241
1.34402,-1.62478,0.962327
1.35375,-1.61184,1.06061
1.36434,-1.59483,1.13965
1.37065,-1.58283,1.16582
1.3798,-1.56423,1.15419
1.3894,-1.54329,1.10085
1.39542,-1.53115,1.05989
1.39956,-1.52319,1.02712
1.40454,-1.5142,0.978461
1.4077,-1.50931,0.947806
1.4091,-1.50729,0.941012
1.41047,-1.50539,0.949228
1.41067,-1.50512,0.97292
1.41058,-1.50526,0.995158
1.41045,-1.50546,1.02496
1.41027,-1.50576,1.06982
1.4101,-1.50607,1.11462
1.40997,-1.50633,1.14453
1.40966,-1.5071,1.25669
1.40955,-1.50743,1.30158
1.40948,-1.50766,1.33147
1.40945,-1.50777,1.34637
1.40936,-1.50818,1.39868
1.40944,-1.50834,1.44999
1.41059,-1.50362,1.49731
1.41155,-1.4967,1.51644
1.41222,-1.4904,1.52429
1.41365,-1.47379,1.52895
1.41472,-1.46068,1.52583
1.41614,-1.44217,1.51756
1.41718,-1.42815,1.5099
1.41832,-1.41277,1.50079
1.41997,-1.39172,1.48856
1.42183,-1.36947,1.49065
1.42388,-1.34145,1.51672
1.42453,-1.32692,1.53646
1.42499,-1.30761,1.54423
1.4262,-1.26645,1.53424
1.42724,-1.23757,1.5433
1.42759,-1.2227,1.55558
1.42776,-1.2028,1.57005
1.42746,-1.16297,1.58774
1.42701,-1.13407,1.57866
1.42697,-1.12919,1.57633
1.42689,-1.09927,1.5719
1.42677,-1.04424,1.57681
1.42661,-1.01923,1.58047
1.42637,-0.994227,1.58201
1.42615,-0.974214,1.58217
1.42593,-0.954196,1.58153
1.42572,-0.934174,1.58067
1.42553,-0.914151,1.57983
1.42518,-0.874111,1.57905
1.42506,-0.859098,1.57897
1.42468,-0.814063,1.57959
1.42433,-0.774032,1.58008
1.424,-0.739004,1.58015
1.42377,-0.713982,1.58008
1.42354,-0.68896,1.57994
1.42336,-0.668942,1.57987
1.42291,-0.6189,1.57983
1.42278,-0.603888,1.57985
1.42251,-0.573862,1.57985
1.42233,-0.553846,1.57987
1.42211,-0.528825,1.57989
1.42184,-0.498799,1.57989
1.42166,-0.478782,1.5799
1.42143,-0.453761,1.57988
1.42116,-0.423736,1.57988
1.42103,-0.408723,1.57989
1.42076,-0.378698,1.57992
1.42049,-0.348673,1.57992
1.42031,-0.328656,1.57992
1.41995,-0.288622,1.57989
1.41972,-0.263601,1.57991
1.41945,-0.233575,1.57991
1.41909,-0.193542,1.5799
1.41904,-0.188537,1.57991
1.41886,-0.16852,1.57992
1.41864,-0.143499,1.57991
1.41814,-0.0884526,1.57993
1.41796,-0.0684358,1.57992
1.41773,-0.0434143,1.57994
1.41724,0.011632,1.57993
1.41706,0.0316495,1.57994
1.41683,0.0566703,1.57994
1.41656,0.0866957,1.57997
1.41615,0.131734,1.57997
1.41588,0.16176,1.57996
1.41552,0.201793,1.57996
1.41529,0.226815,1.57997
1.41506,0.251857,1.57996
1.41492,0.266883,1.57995
1.41474,0.286916,1.57995
1.41451,0.311957,1.57992
1.41411,0.357028,1.57992
1.41389,0.382066,1.57993
1.41366,0.407106,1.57999
1.41344,0.432144,1.58003
1.41298,0.482222,1.58012
1.41275,0.50726,1.58016
1.41229,0.557337,1.58028
1.41215,0.57236,1.58034
1.41175,0.618897,1.58083
1.41158,0.638537,1.58131
1.41143,0.655725,1.58188
1.4113,0.670464,1.58249
1.41121,0.680497,1.58292
1.41111,0.690825,1.58351
1.41102,0.702264,1.58435
1.41099,0.705629,1.58459
1.41095,0.70908,1.56347
1.41097,0.710092,1.48444
1.41099,0.710303,1.46207
1.41104,0.71066,1.42476
1.41109,0.711016,1.38747
1.41126,0.711804,1.30545
1.41136,0.71216,1.26816
1.4115,0.712582,1.22343
1.41155,0.712722,1.20855
1.41171,0.713135,1.1638
1.41183,0.713406,1.13393
1.41212,0.714005,1.06674
1.4123,0.714325,1.02939
1.41245,0.714579,0.999514
1.41265,0.714887,0.962132
1.41287,0.715188,0.92476
1.41314,0.715537,0.879856
1.41357,0.716037,0.812445
1.41367,0.716142,0.797451
1.41382,0.7163,0.774963
1.41425,0.716702,0.714985
1.41476,0.717118,0.647444
1.41505,0.717336,0.609913
1.41535,0.717543,0.57233
1.4156,0.717698,0.542288
1.41591,0.717881,0.504738
1.41617,0.71802,0.474641
1.41649,0.718183,0.437061
1.41669,0.718274,0.414501
1.41702,0.718415,0.376927
1.41743,0.71857,0.331793
1.41785,0.718705,0.286661
1.41848,0.718871,0.219014
1.4189,0.718959,0.17389
1.41944,0.719088,0.143515
1.42339,0.719477,-0.0200444
1.42507,0.719352,-0.119117
1.42761,0.718709,-0.268516
1.43245,0.716723,-0.462926
1.43636,0.714677,-0.596522
1.44411,0.70868,-0.835478
1.45513,0.695373,-1.09408
1.45759,0.691462,-1.14951
1.46198,0.683032,-1.24943
1.46554,0.673897,-1.3362
1.46806,0.664356,-1.4071
1.4712,0.642519,-1.48671
1.47186,0.635222,-1.48635
1.47306,0.623139,-1.45573
1.47511,0.608698,-1.37075
1.47727,0.599164,-1.28374
1.48023,0.589609,-1.17429
1.48406,0.580121,-1.0438
1.49985,0.557764,-0.679954
1.5067,0.551674,-0.57714
1.51504,0.545909,-0.48103
1.52613,0.540708,-0.380359
1.53027,0.539209,-0.353369
1.53399,0.537942,-0.341146
1.53612,0.537225,-0.352423
1.53714,0.53684,-0.422813
1.53739,0.536715,-0.453004
1.5377,0.536549,-0.490725
1.53813,0.536298,-0.543521
1.53837,0.536145,-0.573716
1.53866,0.535944,-0.611422
1.53916,0.535555,-0.67931
1.53938,0.535372,-0.709489
1.53964,0.535135,-0.7472
1.53989,0.534888,-0.784895
1.54018,0.53458,-0.830136
1.54032,0.534421,-0.852753
1.54067,0.533984,-0.913084
1.54087,0.5337,-0.950751
1.5411,0.53335,-0.995962
1.54125,0.533112,-1.02611
1.54138,0.532869,-1.05626
1.54152,0.532622,-1.08636
1.54164,0.532371,-1.11651
1.54176,0.532118,-1.14665
1.54187,0.53187,-1.18457
1.542,0.531523,-1.22954
1.54219,0.530933,-1.29742
1.54229,0.530534,-1.34264
1.54235,0.530266,-1.37278
1.54308,0.527756,-1.44205
1.5436,0.525508,-1.45833
1.54452,0.520082,-1.48102
1.54736,0.502944,-1.51424
1.54865,0.491222,-1.52821
1.54959,0.475645,-1.52354
1.55176,0.451626,-1.49797
1.55353,0.43388,-1.4827
1.55577,0.41101,-1.45229
1.55767,0.396535,-1.42625
1.56239,0.367515,-1.3993
1.56569,0.348826,-1.40445
1.56873,0.330464,-1.41774
1.57423,0.293711,-1.47866
1.57592,0.275727,-1.51903
1.57658,0.257321,-1.55633
1.57664,0.234938,-1.5698
1.57664,0.217443,-1.5652
1.57687,0.179162,-1.56757
1.5768,0.154041,-1.58218
1.57635,0.128898,-1.59658
1.57552,0.0991136,-1.60183
1.57508,0.0842987,-1.59934
1.57387,0.0346548,-1.59254
1.57333,0.00963803,-1.59247
1.57276,-0.0153961,-1.59509
1.57213,-0.0404309,-1.59752
1.57158,-0.0604509,-1.59867
1.57087,-0.08547,-1.59945
1.56958,-0.130488,-1.59895
1.56847,-0.170504,-1.59818
1.56778,-0.195515,-1.59793
1.56642,-0.245541,-1.59796
1.56628,-0.250544,-1.59797
1.56478,-0.305575,-1.59817
1.56478,-0.305575,-1.59817
1.56326,-0.360604,-1.59822
1.56216,-0.400625,-1.59818
1.56148,-0.425638,-1.59818
1.56079,-0.450652,-1.59815
1.55997,-0.480668,-1.59815
1.55955,-0.495676,-1.59815
1.55887,-0.52069,-1.59814
1.55749,-0.570717,-1.59815
1.55681,-0.595731,-1.59814
1.55626,-0.615742,-1.59813
1.55557,-0.640756,-1.59815
1.55475,-0.670773,-1.59816
1.5542,-0.690784,-1.59815
1.55365,-0.710796,-1.59814
1.55241,-0.755821,-1.59811
1.55159,-0.785838,-1.59813
1.55008,-0.84087,-1.59814
1.54953,-0.860882,-1.59818
1.54815,-0.910911,-1.59813
1.54747,-0.935926,-1.59814
1.54678,-0.96094,-1.59812
1.54609,-0.985956,-1.59814
1.54541,-1.01097,-1.59813
1.54458,-1.04099,-1.59814
1.54417,-1.056,-1.59814
1.54348,-1.08101,-1.59816
1.54266,-1.11103,-1.59812
1.54225,-1.12604,-1.59812
1.54156,-1.15106,-1.59815
1.54087,-1.17607,-1.59813
1.54018,-1.20109,-1.59815
1.53963,-1.2211,-1.59815
1.53908,-1.24111,-1.59814
1.53853,-1.26114,-1.59809
1.53716,-1.31121,-1.59792
1.53702,-1.31622,-1.59789
1.53593,-1.35628,-1.59795
1.53538,-1.3763,-1.59797
1.53469,-1.40134,-1.59803
1.53386,-1.43138,-1.59807
1.53262,-1.47644,-1.59811
1.53193,-1.50147,-1.59814
1.53138,-1.5215,-1.5982
1.53114,-1.53122,-1.59815
1.53071,-1.54949,-1.59778
1.53004,-1.58133,-1.59586
1.52982,-1.59491,-1.59432
1.52966,-1.60689,-1.59262
1.52944,-1.63003,-1.58738
1.5294,-1.63921,-1.58387
1.52941,-1.64337,-1.58151
1.52943,-1.64598,-1.57882
1.52946,-1.64795,-1.5384
1.52946,-1.64795,-1.5384
1.52944,-1.64749,-1.47916
1.52942,-1.64726,-1.44942
1.52937,-1.64692,-1.40477
1.52933,-1.64669,-1.37497
1.52927,-1.64641,-1.33782
1.52918,-1.64608,-1.29319
1.52912,-1.64586,-1.26338
1.52905,-1.64564,-1.23366
1.52897,-1.64543,-1.20386
1.52889,-1.64522,-1.17414
1.52867,-1.64475,-1.10719
1.52851,-1.64444,-1.06247
1.52828,-1.64405,-1.00297
1.52816,-1.64385,-0.973139
1.52782,-1.64339,-0.898669
1.52767,-1.64321,-0.868805
1.52753,-1.64303,-0.839003
1.52733,-1.64282,-0.801687
1.52712,-1.64261,-0.764364
1.52696,-1.64246,-0.734532
1.52656,-1.64212,-0.667335
1.52633,-1.64194,-0.629959
1.5261,-1.64177,-0.59258
1.52561,-1.64146,-0.517856
1.52535,-1.64132,-0.480454
1.52509,-1.64119,-0.443042
1.52477,-1.64105,-0.39818
1.52434,-1.64088,-0.338411
1.52434,-1.64088,-0.338411
1.52385,-1.64072,-0.271122
1.52379,-1.6407,-0.263597
1.52333,-1.64059,-0.203773
1.5231,-1.64055,-0.173888
1.52287,-1.64052,-0.144001
1.52343,-1.64059,-0.0655004
1.52393,-1.64059,0.000561605
1.52561,-1.6404,0.0909041
1.52754,-1.64007,0.161289
1.53134,-1.63902,0.237685
1.53719,-1.63702,0.311603
1.55506,-1.62834,0.457826
1.56707,-1.62123,0.532041
1.59047,-1.60585,0.656207
1.61067,-1.59087,0.750836
1.63722,-1.56625,0.846502
1.64973,-1.55215,0.878955
1.66355,-1.53565,0.92022
1.67492,-1.52073,0.964301
1.68386,-1.50788,1.00723
1.69157,-1.4949,1.06075
1.69816,-1.48129,1.14102
1.7002,-1.47474,1.22079
1.70016,-1.47427,1.24637
1.70002,-1.4745,1.29177
1.69987,-1.475,1.35919
1.6998,-1.47529,1.39665
1.69979,-1.47549,1.43389
1.70051,-1.47148,1.49466
1.7009,-1.46752,1.51899
1.7014,-1.45558,1.56226
1.70134,-1.44538,1.58462
1.70123,-1.44071,1.59246
1.70067,-1.42758,1.60918
1.69946,-1.40905,1.62463
1.69867,-1.39864,1.63288
1.69702,-1.37963,1.6492
1.69498,-1.3585,1.66594
1.68952,-1.30297,1.65469
1.68695,-1.26326,1.60927
1.68634,-1.23807,1.58457
1.68613,-1.2132,1.57814
1.68589,-1.18341,1.58328
1.68569,-1.16841,1.58627
1.68527,-1.14342,1.59073
1.68416,-1.09341,1.595
1.68356,-1.0684,1.59472
1.68309,-1.04838,1.59346
1.68265,-1.02836,1.59232
1.68171,-0.983318,1.5911
1.6811,-0.953296,1.59092
1.6807,-0.933284,1.59112
1.6803,-0.913273,1.59135
1.67968,-0.883256,1.59172
1.67936,-0.868247,1.59183
1.67884,-0.84323,1.59182
1.67779,-0.793197,1.5917
1.67727,-0.768181,1.59167
1.67686,-0.748168,1.59163
1.67644,-0.728155,1.59164
1.6754,-0.678122,1.59167
1.67488,-0.653106,1.59169
1.67374,-0.59807,1.59167
1.67332,-0.578057,1.59167
1.67291,-0.558044,1.59168
1.67187,-0.508012,1.59169
1.67124,-0.477992,1.59169
1.67093,-0.462982,1.59168
1.67041,-0.437966,1.59168
1.66979,-0.407947,1.59171
1.66906,-0.372924,1.5917
1.66833,-0.337901,1.5917
1.66791,-0.317888,1.59171
1.66677,-0.262852,1.59173
1.66645,-0.247842,1.59173
1.66552,-0.202813,1.59172
1.665,-0.177797,1.5917
1.66447,-0.15278,1.59173
1.66416,-0.13777,1.59173
1.66374,-0.117758,1.59175
1.66281,-0.072728,1.59175
1.66228,-0.0477113,1.59174
1.66176,-0.0226956,1.59176
1.66124,0.00232116,1.59175
1.6603,0.0473554,1.59175
1.65977,0.0723969,1.59175
1.65914,0.102442,1.59171
1.65894,0.112457,1.59168
1.65863,0.127478,1.59167
1.65769,0.172541,1.5917
1.65749,0.182554,1.5917
1.65666,0.22261,1.59177
1.65603,0.252652,1.5918
1.65572,0.267672,1.59181
1.6551,0.297714,1.59183
1.65416,0.342776,1.59186
1.65353,0.372817,1.5919
1.65301,0.39785,1.59194
1.65238,0.427891,1.592
1.65206,0.442912,1.59204
1.65154,0.467946,1.59212
1.65101,0.492981,1.59217
1.65069,0.508001,1.59221
1.64952,0.563073,1.59242
1.64912,0.582802,1.59255
1.64871,0.605383,1.59286
1.64825,0.629242,1.59377
1.64799,0.643187,1.59478
1.64776,0.655565,1.59622
1.64752,0.668832,1.59818
1.6473,0.681519,1.60258
1.6473,0.68802,1.6053
1.64731,0.693941,1.60798
1.64727,0.699521,1.5929
1.64726,0.700205,1.56797
1.64727,0.700545,1.53068
1.64732,0.701246,1.45607
1.64736,0.701603,1.41875
1.64741,0.70189,1.38889
1.64753,0.702464,1.32927
1.64766,0.702964,1.27703
1.64777,0.703315,1.23974
1.64789,0.703665,1.20248
1.64806,0.704078,1.15767
1.64817,0.70435,1.12783
1.6483,0.704617,1.09799
1.64844,0.704878,1.0681
1.64873,0.705392,1.00835
1.64889,0.70564,0.978425
1.64906,0.705886,0.948518
1.64927,0.706183,0.911145
1.64964,0.706641,0.851225
1.64989,0.706914,0.813758
1.65019,0.70723,0.768823
1.6504,0.707432,0.738796
1.65062,0.70763,0.708788
1.6509,0.707864,0.671295
1.65125,0.708132,0.626235
1.65173,0.708462,0.566124
1.6521,0.708691,0.521063
1.65235,0.708834,0.490967
1.65287,0.709097,0.430827
1.65368,0.709429,0.340611
1.65395,0.709523,0.310538
1.65423,0.70961,0.28043
1.65493,0.709788,0.205259
1.655,0.709803,0.197722
1.65642,0.710289,0.132258
1.66033,0.711,0.0943259
1.66374,0.711332,0.0522659
1.66742,0.711445,-0.0105317
1.6774,0.710048,-0.264678
1.67846,0.709752,-0.298181
1.68309,0.707927,-0.43902
1.68831,0.705034,-0.581719
1.69564,0.699768,-0.759179
1.70953,0.686564,-1.03948
1.71645,0.677857,-1.17885
1.72317,0.665173,-1.35551
1.72803,0.648264,-1.55244
1.72927,0.625211,-1.75027
1.72707,0.61111,-1.82801
1.72242,0.59453,-1.87043
1.71818,0.580831,-1.86307
1.71533,0.570727,-1.8449
1.71228,0.558366,-1.81721
1.71012,0.547175,-1.77985
1.70978,0.544595,-1.76579
1.7097,0.541977,-1.73056
1.7092,0.540192,-1.70386
1.7092,0.540192,-1.70386
1.70773,0.531697,-1.66423
1.7066,0.52226,-1.64292
1.70585,0.514294,-1.63073
1.70448,0.494329,-1.61119
1.70433,0.491453,-1.60923
1.70374,0.479122,-1.60251
1.70254,0.442397,-1.59432
1.70212,0.425345,-1.59472
1.70157,0.402448,-1.59285
1.70117,0.378424,-1.57732
1.7012,0.35862,-1.5572
1.70241,0.319235,-1.52727
1.70361,0.294313,-1.51845
1.70361,0.294313,-1.51845
1.70709,0.224264,-1.53336
1.70778,0.204196,-1.54088
1.70778,0.204196,-1.54088
1.70928,0.154226,-1.53905
1.70991,0.134224,-1.53831
1.71056,0.114218,-1.53822
1.71121,0.0942113,-1.53827
1.71202,0.0692008,-1.53853
1.71361,0.0191792,-1.53902
1.71425,-0.000829302,-1.53911
1.71504,-0.0258378,-1.53907
1.71583,-0.0508463,-1.53894
1.71678,-0.0808566,-1.53885
1.71759,-0.10588,-1.53884
1.71855,-0.135919,-1.53889
1.71902,-0.150937,-1.53891
1.71966,-0.170961,-1.53891
1.7203,-0.190983,-1.5389
1.72109,-0.216011,-1.53892
1.72188,-0.241037,-1.53892
1.72283,-0.27107,-1.5389
1.72347,-0.291093,-1.53889
1.7241,-0.311114,-1.53886
1.72473,-0.331135,-1.53888
1.72473,-0.331135,-1.53888
1.72537,-0.351158,-1.53887
1.72664,-0.391201,-1.53887
1.72664,-0.391201,-1.53887
1.72728,-0.411224,-1.53886
1.72807,-0.43625,-1.53885
1.72886,-0.461278,-1.53886
1.72982,-0.491311,-1.53884
1.73045,-0.511333,-1.53882
1.73125,-0.536359,-1.53882
1.73204,-0.561387,-1.53879
1.73284,-0.586415,-1.5388
1.73379,-0.616448,-1.53881
1.73427,-0.631464,-1.5388
1.73586,-0.681518,-1.53877
1.73666,-0.706545,-1.53877
1.7373,-0.726566,-1.53875
1.73809,-0.751594,-1.53876
1.73889,-0.776621,-1.53877
1.73953,-0.796643,-1.53874
1.74033,-0.82167,-1.53874
1.7416,-0.861712,-1.53873
1.74224,-0.881734,-1.53871
1.74304,-0.906762,-1.53871
1.74479,-0.96182,-1.53869
1.74575,-0.991852,-1.53867
1.74639,-1.01188,-1.53866
1.74703,-1.0319,-1.53866
1.74767,-1.05192,-1.53865
1.74847,-1.07694,-1.53864
1.74943,-1.10698,-1.53863
1.75007,-1.127,-1.5386
1.75136,-1.16704,-1.53859
1.75168,-1.17705,-1.53859
1.75232,-1.19707,-1.53858
1.75296,-1.21709,-1.53858
1.7536,-1.23712,-1.53856
1.7544,-1.26214,-1.53854
1.75489,-1.27716,-1.53853
1.75569,-1.30218,-1.53851
1.7573,-1.35224,-1.53845
1.7581,-1.37727,-1.53844
1.75891,-1.40229,-1.53844
1.75971,-1.42732,-1.53841
1.76052,-1.45235,-1.53835
1.76133,-1.47737,-1.53832
1.76197,-1.49739,-1.53832
1.76278,-1.52242,-1.5383
1.76375,-1.55245,-1.53821
1.7644,-1.57247,-1.53814
1.76505,-1.59249,-1.53809
1.76587,-1.61752,-1.53799
1.76669,-1.64254,-1.53789
1.76759,-1.67123,-1.53757
1.76813,-1.68857,-1.53696
1.76863,-1.70433,-1.53661
1.76907,-1.71854,-1.53656
1.76952,-1.73407,-1.53684
1.76989,-1.74717,-1.53749
1.77006,-1.75384,-1.53801
1.77011,-1.75587,-1.5382
1.77039,-1.76973,-1.54038
1.77042,-1.774,-1.54214
1.77045,-1.77637,-1.55276
1.77047,-1.77751,-1.58836
1.77046,-1.77777,-1.61822
1.77045,-1.77805,-1.64806
1.77042,-1.77833,-1.67793
1.77039,-1.77862,-1.70777
1.77035,-1.77891,-1.73758
1.7703,-1.77919,-1.76745
1.77024,-1.77948,-1.79725
1.77017,-1.77976,-1.8271
1.77008,-1.78012,-1.8644
1.76997,-1.78048,-1.90165
1.76997,-1.78048,-1.90165
1.76979,-1.78096,-1.95388
1.76957,-1.78151,-2.01354
1.76937,-1.78191,-2.05833
1.7693,-1.78204,-2.07328
1.7692,-1.78223,-2.09569
1.76901,-1.78255,-2.13306
1.76881,-1.78286,-2.17041
1.7686,-1.78316,-2.20782
1.76838,-1.78346,-2.24525
1.76819,-1.78369,-2.27519
1.768,-1.78391,-2.30513
1.7675,-1.78444,-2.38007
1.76728,-1.78464,-2.4101
1.76695,-1.78493,-2.45508
1.76695,-1.78493,-2.45508
1.76661,-1.7852,-2.50013
1.76644,-1.78533,-2.52266
1.76614,-1.78554,-2.56023
1.76583,-1.78574,-2.59779
1.76552,-1.78592,-2.63538
1.76513,-1.78613,-2.68046
1.76494,-1.78622,-2.70302
1.76467,-1.78634,-2.73309
1.7644,-1.78646,-2.76319
1.76406,-1.78659,-2.80078
1.76365,-1.78673,-2.8459
1.76337,-1.78681,-2.87598
1.76302,-1.7869,-2.91357
1.76266,-1.78698,-2.95118
1.76266,-1.78698,-2.95118
1.76245,-1.78702,-2.97371
1.76216,-1.78706,-3.00377
1.7618,-1.78711,-3.04138
1.76115,-1.78716,-3.10899
1.76071,-1.78716,3.12911
1.76044,-1.78716,3.09909
1.75934,-1.78701,3.06363
1.75017,-1.78528,3.00623
1.7445,-1.784,2.98941
1.73758,-1.78228,2.97145
1.72719,-1.77945,2.95249
1.71486,-1.7758,2.92197
1.70057,-1.77187,2.89859
1.68139,-1.76683,2.88441
1.66776,-1.76323,2.88955
1.64984,-1.75873,2.91531
1.6348,-1.75543,2.93718
1.61537,-1.75165,2.96237
1.59196,-1.74762,2.98197
1.57619,-1.74512,2.98626
1.55538,-1.74191,2.99719
1.5332,-1.73882,3.02151
1.50965,-1.73628,3.05985
1.46796,-1.73395,3.09638
1.46796,-1.73395,3.09638
1.44853,-1.73312,3.10071
1.42354,-1.73215,3.10435
1.39355,-1.73107,3.10682
1.35854,-1.72984,3.10573
1.33853,-1.72912,3.10466
1.31353,-1.72819,3.10366
1.28352,-1.72705,3.10326
1.26352,-1.72628,3.1033
1.24352,-1.72552,3.10344
1.22353,-1.72476,3.10373
1.19853,-1.72381,3.10395
1.18353,-1.72325,3.10404
1.16353,-1.7225,3.10407
1.16353,-1.7225,3.10407
1.13353,-1.72137,3.10405
1.12353,-1.721,3.10404
1.09853,-1.72006,3.10402
1.06853,-1.71893,3.10402
1.04853,-1.71818,3.104
1.02853,-1.71743,3.10401
1.00852,-1.71668,3.10401
0.97352,-1.71538,3.10408
0.948516,-1.71444,3.10406
0.928514,-1.71369,3.10406
0.908511,-1.71294,3.10403
0.888509,-1.71218,3.10404
0.868508,-1.71143,3.10404
0.843505,-1.71049,3.10404
0.818501,-1.70955,3.10402
0.7935,-1.70861,3.10404
0.748496,-1.70692,3.10404
0.718492,-1.70579,3.10403
0.698489,-1.70504,3.10402
0.673487,-1.7041,3.10402
0.653485,-1.70335,3.10404
0.628481,-1.70241,3.10403
0.598478,-1.70128,3.10402
0.583477,-1.70072,3.10404
0.538473,-1.69902,3.10403
0.51847,-1.69827,3.10402
0.508469,-1.69789,3.10403
0.488466,-1.69714,3.10402
0.468464,-1.69639,3.10401
0.448462,-1.69564,3.10404
0.423458,-1.6947,3.10403
0.393455,-1.69357,3.10402
0.378454,-1.69301,3.10404
0.358451,-1.69225,3.10402
0.338449,-1.6915,3.10403
0.318446,-1.69075,3.10401
0.293444,-1.68981,3.10399
0.278443,-1.68924,3.10401
0.25844,-1.68849,3.104
0.233437,-1.68755,3.10401
0.203434,-1.68642,3.10402
0.16843,-1.6851,3.104
0.118424,-1.68322,3.10399
0.113423,-1.68303,3.10398
0.0734189,-1.68153,3.104
0.0484156,-1.68059,3.10401
0.0234125,-1.67965,3.104
-0.00158956,-1.6787,3.10398
-0.00659015,-1.67851,3.10398
-0.0465941,-1.67701,3.10399
-0.0665968,-1.67625,3.10399
-0.0865995,-1.6755,3.10398
-0.136606,-1.67362,3.10397
-0.186612,-1.67173,3.10393
-0.211615,-1.67079,3.1039
-0.246324,-1.66949,3.10379
-0.277328,-1.66837,3.10513
-0.306979,-1.66741,3.10773
-0.319452,-1.66705,3.10873
-0.332839,-1.66669,3.10973
-0.343776,-1.66643,3.11046
-0.352263,-1.66625,3.11096
-0.357289,-1.66616,3.11121
-0.360746,-1.66617,3.1113
-0.362924,-1.66618,3.10693
-0.364799,-1.66616,3.06427
-0.36507,-1.66614,3.03409
-0.365414,-1.6661,2.99632
-0.365624,-1.66606,2.97363
-0.3659,-1.66602,2.94338
-0.366249,-1.66595,2.90563
-0.366664,-1.66586,2.86039
-0.367142,-1.66571,2.80758
-0.367142,-1.66571,2.80758
-0.36774,-1.66548,2.73964
-0.368128,-1.6653,2.69434
-0.368507,-1.6651,2.64906
-0.368995,-1.66481,2.58865
-0.36935,-1.66458,2.54338
-0.369582,-1.66441,2.51323
-0.36986,-1.6642,2.47549
-0.370133,-1.66397,2.43779
-0.370342,-1.66378,2.40761
-0.370589,-1.66362,2.36962
-0.370795,-1.66339,2.33213
-0.371037,-1.66312,2.28718
-0.371216,-1.66291,2.25702
-0.371436,-1.66264,2.2193
-0.37164,-1.66236,2.18161
-0.371869,-1.66202,2.1364
-0.372011,-1.66178,2.10626
-0.372179,-1.66149,2.0686
-0.372507,-1.66081,1.98574
-0.372612,-1.66056,1.95561
-0.372612,-1.66056,1.95561
-0.372819,-1.65998,1.88782
-0.372898,-1.65971,1.85769
-0.372985,-1.65938,1.82003
-0.373046,-1.65912,1.78991
-0.37311,-1.65878,1.75225
-0.37317,-1.65837,1.70705
-0.37331,-1.6579,1.68529
-0.37419,-1.65294,1.63808
-0.374659,-1.64846,1.62048
-0.37518,-1.64095,1.60345
-0.375578,-1.63135,1.59146
-0.375916,-1.61966,1.58425
-0.376129,-1.61187,1.58138
-0.376363,-1.59678,1.57987
-0.376606,-1.5797,1.58071
-0.376793,-1.56491,1.57551
-0.376771,-1.54935,1.55948
-0.376342,-1.53292,1.53485
-0.37503,-1.51105,1.49339
-0.372812,-1.4847,1.4468
-0.370769,-1.46788,1.44072
-0.36783,-1.44655,1.43861
-0.363805,-1.41853,1.42294
-0.360694,-1.39875,1.40033
-0.353167,-1.35924,1.36127
-0.341831,-1.30681,1.35378
-0.337547,-1.28732,1.35822
-0.333346,-1.26776,1.36437
-0.328234,-1.24327,1.37072
-0.322269,-1.21387,1.37517
-0.320311,-1.20406,1.37613
-0.315448,-1.17952,1.37588
-0.309604,-1.15006,1.37419
-0.305686,-1.13042,1.37303
-0.30175,-1.11079,1.37227
-0.296812,-1.08626,1.3717
-0.286914,-1.0372,1.37178
-0.281969,-1.01267,1.37211
-0.277033,-0.988145,1.37243
-0.267178,-0.939081,1.37278
-0.263238,-0.919454,1.37277
-0.258313,-0.894919,1.37264
-0.252398,-0.865477,1.37249
-0.248509,-0.845948,1.37254
-0.24208,-0.810894,1.38503
-0.241411,-0.806947,1.38772
-0.23643,-0.772871,1.42232
-0.235202,-0.761981,1.43855
-0.234195,-0.750576,1.45945
-0.233821,-0.744909,1.47208
-0.233428,-0.737423,1.49281
-0.233275,-0.732356,1.51086
-0.233172,-0.729034,1.51421
-0.233109,-0.72735,1.50332
-0.233017,-0.726241,1.45013
-0.232972,-0.725979,1.41975
-0.232893,-0.725576,1.37415
-0.232798,-0.725171,1.32853
-0.23262,-0.72457,1.26004
-0.232527,-0.724294,1.22972
-0.232426,-0.724024,1.19938
-0.231971,-0.723052,1.0855
-0.231867,-0.722861,1.06277
-0.231685,-0.722555,1.02483
-0.231492,-0.722256,0.986891
-0.231287,-0.721964,0.948967
-0.231117,-0.721735,0.918664
-0.230894,-0.721459,0.880766
-0.230755,-0.721298,0.858018
-0.230565,-0.721086,0.827742
-0.230405,-0.720878,0.789661
-0.230182,-0.720654,0.751908
-0.229949,-0.720496,0.714158
-0.229635,-0.720198,0.6687
-0.229066,-0.719787,0.593046
-0.228718,-0.719569,0.5477
-0.228181,-0.71927,0.479695
-0.227812,-0.719091,0.434369
-0.227181,-0.718831,0.35884
-0.226859,-0.71872,0.321081
-0.226466,-0.718602,0.275774
-0.226046,-0.718502,0.22223
-0.225898,-0.718476,0.181871
-0.225442,-0.718316,0.135256
-0.223761,-0.717965,0.10966
-0.220539,-0.717595,0.0663344
-0.216124,-0.717453,-0.0255946
-0.212934,-0.717692,-0.112884
-0.205956,-0.719339,-0.354814
-0.201135,-0.721553,-0.551217
-0.187802,-0.731734,-0.965649
-0.179599,-0.741863,-1.21782
-0.17488,-0.752349,-1.38526
-0.17233,-0.771093,-1.72062
-0.172898,-0.778206,-1.81135
-0.174931,-0.787407,-1.90968
-0.178201,-0.796337,-1.98302
-0.179132,-0.798558,-1.99725
-0.183159,-0.807319,-2.03681
-0.187492,-0.815941,-2.04888
-0.197481,-0.835861,-1.9807
-0.203286,-0.849938,-1.89053
-0.2071,-0.865978,-1.67321
-0.207635,-0.879388,-1.43747
-0.207772,-0.890944,-1.11541
-0.206959,-0.900758,-0.559131
-0.204724,-0.904347,-0.363318
-0.20008,-0.908582,-0.128199
-0.185359,-0.909972,0.339249
-0.174415,-0.90617,0.636987
-0.16623,-0.901786,0.838601
-0.156084,-0.894265,1.09457
-0.145604,-0.880243,1.45469
-0.13852,-0.858544,1.88123
-0.134556,-0.844041,2.08484
-0.132902,-0.834591,2.20888
-0.133027,-0.82318,2.38257
-0.136006,-0.811833,2.59532
-0.137719,-0.807403,2.68716
-0.139998,-0.802814,2.78838
-0.144335,-0.797943,2.9354
-0.145024,-0.797882,2.986
-0.145007,-0.797892,2.99398
-0.1445,-0.797974,3.06168
-0.144145,-0.798004,3.10665
-0.143899,-0.798017,3.13661
-0.143652,-0.798019,-3.1166
-0.143105,-0.798014,-3.04912
-0.142803,-0.798007,-3.01163
-0.142505,-0.797996,-2.9742
-0.142267,-0.797985,-2.9442
-0.141969,-0.797969,-2.90676
-0.14168,-0.797932,-2.86937
-0.141391,-0.797863,-2.8319
-0.140828,-0.797681,-2.75704
-0.140608,-0.797596,-2.72712
-0.140387,-0.797504,-2.69715
-0.140173,-0.797406,-2.66724
-0.140173,-0.797406,-2.66724
-0.139907,-0.797273,-2.62978
-0.139595,-0.797101,-2.58486
-0.13939,-0.796978,-2.55491
-0.139143,-0.796818,-2.51752
-0.138663,-0.796468,-2.44262
-0.138433,-0.79628,-2.40519
-0.138217,-0.796086,-2.36779
-0.138084,-0.795963,-2.34531
-0.137917,-0.795798,-2.31542
-0.137755,-0.795627,-2.28543
-0.137596,-0.79545,-2.25547
-0.137296,-0.795085,-2.19562
-0.137157,-0.794896,-2.16563
-0.13712,-0.794848,-2.15818
-0.13683,-0.794406,-2.09076
-0.136683,-0.794155,-2.0534
-0.136437,-0.793684,-1.98602
-0.136293,-0.793363,-1.94112
-0.136207,-0.793145,-1.91115
-0.136106,-0.792869,-1.87373
-0.136,-0.792534,-1.82885
-0.135936,-0.792306,-1.79892
-0.135867,-0.79202,-1.76152
-0.135818,-0.791788,-1.73159
-0.136589,-0.794249,-1.6602
-0.137906,-0.79755,-1.63533
-0.138935,-0.802126,-1.61007
-0.139367,-0.807537,-1.57695
-0.13923,-0.814037,-1.54116
-0.138195,-0.824042,-1.49889
-0.136418,-0.835947,-1.45638
-0.130054,-0.868004,-1.34663
-0.126859,-0.881112,-1.31742
-0.123421,-0.893953,-1.30331
-0.114779,-0.927338,-1.35908
-0.110493,-0.949154,-1.41644
-0.108274,-0.963977,-1.44582
-0.106542,-0.979049,-1.46417
-0.102857,-1.01558,-1.49752
-0.102114,-1.02435,-1.50999
-0.10116,-1.04227,-1.53696
-0.100407,-1.08128,-1.56659
-0.100399,-1.10778,-1.57228
-0.100302,-1.14792,-1.56755
-0.100423,-1.17677,-1.58919
-0.101005,-1.19684,-1.61588
-0.103768,-1.24624,-1.64969
-0.105411,-1.26614,-1.66063
-0.107486,-1.29098,-1.66052
-0.110166,-1.32088,-1.65702
-0.111035,-1.33084,-1.65546
-0.112733,-1.35078,-1.65325
-0.114386,-1.37072,-1.65116
-0.116395,-1.39565,-1.64948
-0.118751,-1.42557,-1.64816
-0.119914,-1.44054,-1.6481
-0.121466,-1.4605,-1.64861
-0.125,-1.50541,-1.65028
-0.126831,-1.52977,-1.65052
-0.128282,-1.55178,-1.64797
-0.1301,-1.58523,-1.63632
-0.130753,-1.60312,-1.62432
-0.131066,-1.62148,-1.60454
-0.13105,-1.62978,-1.59086
-0.131011,-1.63561,-1.57698
-0.130999,-1.63852,-1.56609
-0.130997,-1.63998,-1.55342
-0.130996,-1.64039,-1.52373
-0.131016,-1.63986,-1.45715
-0.131051,-1.6395,-1.41256
-0.131082,-1.63926,-1.38285
-0.131134,-1.63897,-1.34563
-0.131261,-1.63838,-1.27123
-0.131432,-1.63781,-1.19684
-0.131541,-1.63753,-1.15957
-0.131735,-1.63709,-1.10003
-0.13176,-1.63704,-1.09261
-0.131955,-1.63666,-1.04048
-0.132105,-1.63641,-1.00328
-0.132267,-1.63615,-0.965975
-0.132766,-1.63547,-0.861642
-0.132999,-1.6352,-0.816964
-0.133333,-1.63485,-0.757229
-0.133506,-1.63469,-0.727399
-0.134007,-1.63426,-0.645313
-0.13444,-1.63394,-0.578163
-0.134742,-1.63375,-0.533328
-0.134896,-1.63366,-0.510916
-0.135155,-1.63351,-0.473602
-0.135745,-1.63323,-0.39145
-0.13591,-1.63316,-0.369025
-0.13647,-1.63296,-0.294325
-0.136697,-1.63289,-0.264455
-0.136926,-1.63283,-0.234597
-0.137217,-1.63276,-0.197217
-0.137507,-1.63271,-0.159923
-0.137869,-1.63261,-0.105252
-0.137971,-1.63254,0.0355814
-0.137049,-1.63238,0.103786
-0.130784,-1.63072,0.258059
-0.122969,-1.62759,0.360756
-0.107992,-1.61951,0.495585
-0.0985776,-1.61357,0.562815
-0.0664935,-1.59058,0.747545
-0.0538918,-1.57978,0.799595
-0.039483,-1.56496,0.853552
-0.0252302,-1.54868,0.912803
-0.0114509,-1.53046,0.990518
-0.0114509,-1.53046,0.990518
-0.00157992,-1.51347,1.09419
0.000504462,-1.50804,1.16199
0.000565823,-1.50688,1.2075
0.000436532,-1.50706,1.24519
0.000327674,-1.50732,1.28255
0.000253297,-1.50754,1.31255
0.000190385,-1.50777,1.34248
0.000121237,-1.50805,1.37995
0.00017362,-1.50812,1.42448
0.000502501,-1.50682,1.4538
0.000954985,-1.50419,1.48277
0.00140113,-1.50022,1.51093
0.00182651,-1.49337,1.54433
0.00184582,-1.47805,1.59129
0.00125443,-1.46575,1.61547
-0.000296712,-1.44822,1.6391
-0.00188166,-1.43134,1.65595
-0.00424104,-1.40901,1.68325
-0.00619337,-1.39345,1.70351
-0.00893026,-1.3738,1.71466
-0.0113042,-1.35777,1.70889
-0.0136705,-1.34092,1.69071
-0.0159671,-1.32308,1.66351
-0.0174243,-1.3053,1.64458
-0.0186134,-1.28816,1.64209
-0.0217288,-1.24244,1.61708
-0.0225751,-1.2025,1.56452
-0.0223995,-1.18778,1.55659
-0.0214808,-1.13295,1.55429
-0.021395,-1.12794,1.55423
-0.0206415,-1.08291,1.5552
-0.0205626,-1.07791,1.55539
-0.0201792,-1.05289,1.55614
-0.0197404,-1.02287,1.55668
-0.0194575,-1.00285,1.55693
-0.0191065,-0.977828,1.55684
-0.0187534,-0.952805,1.5567
-0.0185391,-0.93779,1.55656
-0.0179593,-0.897753,1.55631
-0.0175923,-0.872731,1.55624
-0.0171519,-0.842705,1.55628
-0.0168595,-0.822687,1.55632
-0.016494,-0.797665,1.55635
-0.0161297,-0.772643,1.55637
-0.0158378,-0.752626,1.55634
-0.0155465,-0.732607,1.55634
-0.015181,-0.707586,1.55632
-0.0148893,-0.687567,1.55633
-0.0144512,-0.657541,1.55634
-0.0137208,-0.607497,1.55634
-0.0136474,-0.602493,1.55632
-0.0133556,-0.582474,1.55632
-0.0130631,-0.562457,1.55633
-0.0126976,-0.537434,1.55632
-0.0126976,-0.537434,1.55632
-0.0119653,-0.487391,1.55629
-0.0115997,-0.462368,1.55631
-0.0113063,-0.442351,1.55629
-0.0110141,-0.422333,1.5563
-0.0106481,-0.39731,1.55629
-0.0103622,-0.37739,1.55631
-0.0102327,-0.367872,1.55631
-0.0100508,-0.35433,1.55631
-0.00978587,-0.33372,1.55627
-0.00955626,-0.315557,1.55622
-0.00936966,-0.299846,1.55617
-0.00924757,-0.289041,1.55614
-0.00915015,-0.279799,1.55617
-0.00908241,-0.272131,1.55621
-0.00903127,-0.264753,1.5563
-0.00902752,-0.260607,1.55645
-0.00901787,-0.256242,1.54529
-0.00900764,-0.255327,1.52395
-0.00899562,-0.255006,1.49451
-0.00897726,-0.254665,1.45715
-0.00895871,-0.254389,1.42724
-0.00887695,-0.253695,1.35234
-0.00881445,-0.253349,1.31481
-0.00872625,-0.253008,1.27732
-0.00859697,-0.252603,1.23229
-0.00852362,-0.252403,1.20976
-0.00844795,-0.252204,1.18725
-0.00822157,-0.251686,1.12721
-0.00806356,-0.25137,1.08968
-0.0078611,-0.250999,1.04466
-0.00756413,-0.25052,0.984605
-0.00736391,-0.25023,0.947042
-0.00736391,-0.25023,0.947042
-0.00697819,-0.24973,0.879462
-0.00670259,-0.249412,0.834381
-0.00626439,-0.248962,0.766777
-0.00600771,-0.248724,0.729189
-0.00574414,-0.248499,0.691651
-0.0054709,-0.248282,0.654057
-0.00524651,-0.248117,0.623978
-0.00496121,-0.247921,0.586421
-0.00442742,-0.247595,0.518733
-0.00412351,-0.247431,0.481171
-0.0038122,-0.247278,0.443561
-0.00349558,-0.247137,0.405951
-0.00310929,-0.246984,0.360829
-0.00251882,-0.246789,0.293173
-0.00211771,-0.246681,0.248051
-0.00177954,-0.246605,0.210441
-0.00137051,-0.246531,0.165323
0.000107578,-0.246184,0.100322
0.00311019,-0.245865,0.0634655
0.00669866,-0.245723,-0.00264522
0.0106136,-0.245921,-0.101169
0.0138561,-0.246462,-0.207055
0.0175163,-0.247466,-0.331369
0.0240839,-0.250582,-0.530884
0.03092,-0.255179,-0.703021
0.0388945,-0.262099,-0.870074
0.0514875,-0.275635,-1.0958
0.0617722,-0.290383,-1.28264
0.0680939,-0.30462,-1.43194
0.06995,-0.310627,-1.48784
0.0735206,-0.331613,-1.64126
0.0729631,-0.349667,-1.72415
0.0714776,-0.359296,-1.75733
0.0653168,-0.388338,-1.78117
0.0616565,-0.405627,-1.7606
0.0563516,-0.439014,-1.67305
0.0539596,-0.481624,-1.58911
0.0538229,-0.507537,-1.56625
0.0547547,-0.55057,-1.53417
0.0562275,-0.580282,-1.50756
0.0593457,-0.624856,-1.50082
0.0610042,-0.649619,-1.50866
0.0627696,-0.679656,-1.51584
0.0638361,-0.699674,-1.519
0.0648594,-0.71967,-1.5195
0.0648594,-0.71967,-1.5195
0.0661367,-0.744654,-1.51917
0.0671654,-0.764641,-1.51886
0.0682034,-0.784626,-1.51855
0.0702949,-0.8246,-1.51835
0.0713451,-0.844588,-1.51836
0.0726546,-0.869572,-1.51846
0.0739623,-0.894557,-1.51857
0.0768296,-0.949523,-1.51866
0.0776121,-0.964514,-1.51864
0.0789156,-0.989498,-1.51862
0.0815262,-1.03947,-1.51854
0.0828325,-1.06445,-1.51851
0.0841403,-1.08944,-1.51851
0.0870144,-1.1444,-1.51852
0.088062,-1.16439,-1.51852
0.0893687,-1.18937,-1.51851
0.0906757,-1.21436,-1.51849
0.0922448,-1.24434,-1.51849
0.0932917,-1.26433,-1.51847
0.0956421,-1.3093,-1.51846
0.0977388,-1.34927,-1.51845
0.0993086,-1.37925,-1.51842
0.100356,-1.39924,-1.5184
0.101664,-1.42422,-1.51835
0.102714,-1.44421,-1.51834
0.10481,-1.48419,-1.51832
0.107437,-1.53415,-1.51817
0.108674,-1.55856,-1.51836
0.10955,-1.57644,-1.51939
0.110918,-1.60764,-1.52457
0.111541,-1.62396,-1.52878
0.112299,-1.65123,-1.54109
0.112444,-1.66241,-1.55064
0.112423,-1.66745,-1.55764
0.112415,-1.66997,-1.55825
0.112409,-1.67086,-1.55446
0.112391,-1.67198,-1.50522
0.112385,-1.67174,-1.47543
0.112375,-1.67144,-1.43806
0.112368,-1.6712,-1.40818
0.112352,-1.67073,-1.34846
0.11227,-1.67015,-1.27354
0.112174,-1.66981,-1.2286
0.112099,-1.66958,-1.19871
0.11188,-1.66903,-1.12389
0.111854,-1.66897,-1.11635
0.111645,-1.66854,-1.05651
0.111533,-1.66833,-1.02661
0.111381,-1.66807,-0.989184
0.111318,-1.66797,-0.974231
0.111086,-1.66763,-0.921853
0.110909,-1.66739,-0.88443
0.110685,-1.66711,-0.839542
0.110608,-1.66702,-0.824592
0.110409,-1.6668,-0.787171
0.110159,-1.66654,-0.742277
0.109986,-1.66638,-0.712309
0.10981,-1.66622,-0.682434
0.109582,-1.66603,-0.645017
0.1093,-1.66581,-0.600127
0.109107,-1.66568,-0.570161
0.108607,-1.66536,-0.495326
0.108297,-1.66519,-0.450447
0.108245,-1.66516,-0.442977
0.107763,-1.66493,-0.375633
0.107491,-1.66483,-0.338211
0.106934,-1.66464,-0.263417
0.10665,-1.66456,-0.226029
0.106073,-1.66443,-0.151271
0.106432,-1.66467,-0.0945508
0.109413,-1.66502,-0.0525146
0.112305,-1.6651,0.0118553
0.114558,-1.66496,0.0873461
0.117131,-1.66448,0.215731
0.119989,-1.66353,0.32935
0.132711,-1.65632,0.646631
0.140523,-1.64979,0.771313
0.160554,-1.62803,1.04807
0.165781,-1.62037,1.12074
0.172058,-1.6092,1.20862
0.172058,-1.6092,1.20862
0.177307,-1.59735,1.28192
0.185267,-1.57277,1.35872
0.188404,-1.56,1.36138
0.191022,-1.5476,1.34862
0.19348,-1.53631,1.33389
0.195585,-1.5266,1.31879
0.197857,-1.51666,1.30015
0.199473,-1.50917,1.28227
0.199718,-1.50797,1.27892
0.200635,-1.50413,1.26765
0.201275,-1.50167,1.26699
0.201602,-1.50041,1.28019
0.201564,-1.50063,1.35082
0.2015,-1.50098,1.39549
0.201461,-1.50122,1.42541
0.202414,-1.49865,1.47352
0.203253,-1.49432,1.49376
0.20435,-1.48635,1.5091
0.2051,-1.47936,1.51436
0.205916,-1.47104,1.51573
0.207066,-1.45874,1.51209
0.210355,-1.42783,1.49077
0.211908,-1.41311,1.47974
0.214045,-1.39284,1.4652
0.2183,-1.35325,1.47515
0.220334,-1.32976,1.50478
0.221507,-1.30526,1.54515
0.221562,-1.26108,1.58547
0.220632,-1.21644,1.59511
0.220214,-1.19663,1.58617
0.21995,-1.1715,1.57304
0.220135,-1.13634,1.55849
0.220435,-1.11629,1.55448
0.2209,-1.09167,1.54738
0.222221,-1.03707,1.55345
0.222669,-1.00709,1.56033
0.222903,-0.9821,1.56414
0.223093,-0.952089,1.56606
0.223191,-0.932073,1.56616
0.22345,-0.88202,1.56446
0.223516,-0.872008,1.56424
0.223688,-0.846984,1.56426
0.223823,-0.826966,1.56426
0.223956,-0.806948,1.56429
0.224088,-0.786929,1.5643
0.224386,-0.741888,1.56431
0.224584,-0.711861,1.56434
0.224912,-0.661815,1.56434
0.22511,-0.631787,1.56432
0.225242,-0.611768,1.56432
0.225374,-0.59175,1.56433
0.225638,-0.551713,1.56432
0.225934,-0.506671,1.56436
0.225934,-0.506671,1.56436
0.226098,-0.481648,1.56435
0.226524,-0.416587,1.56437
0.226951,-0.348519,1.56345
0.227093,-0.327798,1.56198
0.227327,-0.29974,1.55956
0.227554,-0.27567,1.55716
0.227642,-0.265726,1.55621
0.227692,-0.258232,1.55556
0.227692,-0.249528,1.54436
0.227712,-0.248155,1.47796
0.227774,-0.247547,1.4098
0.227867,-0.246929,1.34176
0.227942,-0.246518,1.29655
0.228202,-0.245714,1.20605
0.228486,-0.245061,1.13067
0.228548,-0.244932,1.11561
0.228715,-0.244616,1.0779
0.228892,-0.244306,1.0402
0.229004,-0.244123,1.01758
0.229159,-0.243886,0.987408
0.229578,-0.243313,0.912004
0.229849,-0.242988,0.866742
0.230233,-0.242569,0.806458
0.230434,-0.242371,0.776304
0.23064,-0.24218,0.746151
0.231124,-0.24177,0.678343
0.231373,-0.241544,0.632953
0.23158,-0.241395,0.602934
0.231786,-0.24126,0.572996
0.232015,-0.241112,0.542855
0.232315,-0.240933,0.505139
0.232558,-0.240803,0.474988
0.233182,-0.240514,0.39964
0.233825,-0.240276,0.324306
0.234351,-0.240121,0.264042
0.234953,-0.239986,0.19625
0.236047,-0.239794,0.119449
0.236047,-0.239794,0.119449
0.237496,-0.239634,0.0577116
0.239456,-0.239623,-0.0587032
0.240517,-0.239736,-0.134603
0.240517,-0.239736,-0.134603
0.241796,-0.240035,-0.220111
0.248499,-0.24377,-0.500287
0.257616,-0.250847,-0.721869
0.265681,-0.258274,-0.870547
0.271097,-0.263817,-0.956332
0.282028,-0.277024,-1.11955
0.289611,-0.290015,-1.24315
0.298656,-0.320774,-1.43469
0.301255,-0.343034,-1.46614
0.305174,-0.371536,-1.3864
0.313366,-0.405747,-1.30427
0.321366,-0.434012,-1.29786
0.329729,-0.466242,-1.35986
0.33293,-0.481617,-1.39981
0.33823,-0.517738,-1.46
0.340904,-0.544435,-1.50249
0.342045,-0.562622,-1.52507
0.34372,-0.609289,-1.54354
0.344197,-0.634379,-1.56155
0.344253,-0.654514,-1.57482
0.344061,-0.679312,-1.57819
0.343741,-0.729316,-1.57152
0.343719,-0.74932,-1.5687
0.343751,-0.769326,-1.56647
0.343845,-0.794342,-1.56605
0.344033,-0.84439,-1.56842
0.344085,-0.869414,-1.5691
0.344118,-0.889431,-1.56928
0.344181,-0.92946,-1.56905
0.344216,-0.949475,-1.5689
0.344253,-0.96949,-1.56882
0.34437,-1.02953,-1.56882
0.344399,-1.04455,-1.56883
0.344438,-1.06456,-1.56885
0.344476,-1.08458,-1.56887
0.344505,-1.09959,-1.56889
0.344524,-1.1096,-1.5689
0.344542,-1.1196,-1.56889
0.344589,-1.14462,-1.56888
0.344635,-1.16964,-1.56887
0.344693,-1.19967,-1.56888
0.344711,-1.20967,-1.56887
0.344749,-1.22969,-1.56887
0.344787,-1.2497,-1.56887
0.344871,-1.29474,-1.56886
0.34492,-1.31976,-1.56888
0.344977,-1.34978,-1.56887
0.344995,-1.35979,-1.56885
0.345036,-1.3798,-1.56882
0.345083,-1.40482,-1.56883
0.345133,-1.42984,-1.56882
0.345174,-1.44986,-1.5688
0.345221,-1.47488,-1.56881
0.345279,-1.5049,-1.56881
0.345357,-1.54395,-1.56865
0.345416,-1.56956,-1.56802
0.345549,-1.61294,-1.56656
0.345596,-1.62738,-1.56604
0.345642,-1.6436,-1.56553
0.345634,-1.64804,-1.56544
0.345627,-1.65045,-1.5578
0.345628,-1.65112,-1.49677
0.34562,-1.65088,-1.46687
0.345603,-1.65034,-1.39944
0.34559,-1.65004,-1.36205
0.345534,-1.64951,-1.29464
0.345396,-1.64899,-1.22727
0.3451,-1.64821,-1.12252
0.344836,-1.64768,-1.04764
0.34463,-1.64731,-0.995244
0.344371,-1.64691,-0.935403
0.344089,-1.64653,-0.875538
0.343746,-1.64612,-0.808222
0.343416,-1.64577,-0.7483
0.34289,-1.64529,-0.658561
0.342467,-1.64497,-0.591167
0.342222,-1.6448,-0.553743
0.34177,-1.64452,-0.486457
0.340977,-1.64413,-0.374199
0.340758,-1.64404,-0.34426
0.340312,-1.64388,-0.284388
0.339746,-1.64372,-0.209582
0.339458,-1.64366,-0.1722
0.339252,-1.64367,-0.135109
0.341517,-1.64408,-0.065083
0.343011,-1.64414,-0.00340018
0.347346,-1.64338,0.214298
0.350187,-1.64256,0.295362
0.361956,-1.63693,0.485708
0.368333,-1.63311,0.545658
0.376009,-1.62801,0.605777
0.387302,-1.6198,0.682116
0.408663,-1.60239,0.805842
0.419844,-1.59171,0.861685
0.44503,-1.56107,0.934618
0.460342,-1.54037,0.920902
0.489965,-1.50036,0.89009
0.495548,-1.49245,0.889732
0.503623,-1.48032,0.902079
0.505861,-1.47662,0.912869
0.506161,-1.47601,0.96635
0.505958,-1.47629,1.01113
0.505626,-1.47683,1.09342
0.505387,-1.4773,1.16077
0.505242,-1.47763,1.20573
0.505154,-1.47784,1.23564
0.504968,-1.4784,1.31044
0.504902,-1.47863,1.34033
0.504902,-1.47863,1.34033
0.504835,-1.47891,1.37771
0.504775,-1.4792,1.41516
0.505448,-1.4773,1.4662
0.506152,-1.47339,1.4889
0.507064,-1.46593,1.50826
0.508511,-1.44907,1.52305
0.508511,-1.44907,1.52305
0.510654,-1.41921,1.52055
0.511616,-1.40584,1.51526
0.512866,-1.38722,1.50672
0.514556,-1.36253,1.50142
0.516832,-1.32287,1.54206
0.517063,-1.29937,1.58734
0.516143,-1.27068,1.61314
0.515209,-1.25122,1.62259
0.513885,-1.22668,1.62583
0.512454,-1.20173,1.62953
0.510672,-1.17177,1.63119
0.509769,-1.15678,1.63101
0.507093,-1.11181,1.62915
0.5068,-1.10681,1.62894
0.50622,-1.09682,1.62864
0.505065,-1.07683,1.62848
0.503625,-1.05185,1.62844
0.502185,-1.02687,1.62848
0.500456,-0.996895,1.62856
0.49757,-0.946937,1.62866
0.495546,-0.911965,1.62868
0.493812,-0.88199,1.62867
0.4915,-0.842023,1.62866
0.490056,-0.817043,1.62864
0.488611,-0.792064,1.62866
0.488611,-0.792064,1.62866
0.4863,-0.752096,1.62866
0.483121,-0.697142,1.6287
0.481965,-0.677158,1.62872
0.479941,-0.642187,1.62871
0.477916,-0.607215,1.62872
0.477627,-0.60222,1.62874
0.475312,-0.562253,1.62876
0.473864,-0.537274,1.6288
0.472416,-0.512295,1.62881
0.470097,-0.472328,1.62886
0.468648,-0.447349,1.62888
0.464583,-0.377408,1.62903
0.46342,-0.357426,1.62909
0.461259,-0.315984,1.62724
0.460153,-0.292766,1.62362
0.459714,-0.282479,1.62111
0.459236,-0.270136,1.6171
0.458815,-0.256901,1.61115
0.458529,-0.244276,1.60303
0.458437,-0.236437,1.59551
0.458385,-0.228049,1.5785
0.458383,-0.226605,1.55606
0.458394,-0.22617,1.51989
0.458406,-0.225969,1.49759
0.458432,-0.225695,1.46778
0.458525,-0.225008,1.3934
0.458592,-0.224663,1.35618
0.458673,-0.224323,1.319
0.458824,-0.223783,1.25956
0.458847,-0.223716,1.25208
0.459036,-0.223185,1.19258
0.459254,-0.222669,1.13312
0.459473,-0.222227,1.081
0.45964,-0.22192,1.04382
0.459711,-0.221797,1.0289
0.45982,-0.221617,1.00656
0.460051,-0.221265,0.961861
0.460212,-0.221038,0.932074
0.460425,-0.220752,0.894729
0.46056,-0.220572,0.87225
0.460748,-0.220344,0.8423
0.460947,-0.220125,0.812303
0.461149,-0.219912,0.782331
0.461629,-0.21946,0.71484
0.461907,-0.219225,0.677357
0.46243,-0.218827,0.609779
0.462732,-0.218624,0.572214
0.46304,-0.21843,0.534659
0.463549,-0.218146,0.474516
0.463874,-0.217983,0.436937
0.464205,-0.217835,0.399332
0.46461,-0.217671,0.354207
0.465159,-0.217483,0.294059
0.465718,-0.217329,0.233924
0.466359,-0.217194,0.166249
0.467187,-0.21701,0.128793
0.46893,-0.216758,0.0698802
0.471135,-0.21665,-0.0183009
0.4725,-0.21672,-0.0877399
0.474427,-0.217043,-0.199362
0.476654,-0.217778,-0.33106
0.484473,-0.222863,-0.651002
0.494837,-0.232403,-0.935793
0.500808,-0.239386,-1.0716
0.506243,-0.247652,-1.1999
0.511041,-0.259246,-1.35074
0.51436,-0.278422,-1.53288
0.514436,-0.287932,-1.59072
0.513332,-0.306756,-1.63494
0.51234,-0.327642,-1.5711
0.512343,-0.329947,-1.55698
0.514297,-0.350837,-1.37176
0.517649,-0.364785,-1.1858
0.523113,-0.378352,-0.951699
0.530337,-0.390189,-0.676532
0.543015,-0.403514,-0.18856
0.544632,-0.404569,-0.130114
0.55898,-0.409488,0.4335
0.569012,-0.408529,0.837414
0.575121,-0.406197,1.10962
0.582653,-0.399163,1.58027
0.584824,-0.394025,1.83904
0.584507,-0.381195,2.37204
0.581798,-0.374258,2.62462
0.578984,-0.368853,2.83644
0.576298,-0.365772,3.00917
0.571244,-0.365042,-3.05178
0.56979,-0.365176,-2.991
0.569704,-0.365212,-2.95745
0.569939,-0.365215,-2.92763
0.570474,-0.365165,-2.8604
0.570877,-0.365081,-2.81558
0.571214,-0.364972,-2.76331
0.571762,-0.364751,-2.6886
0.572084,-0.364597,-2.64372
0.572499,-0.364373,-2.58399
0.572751,-0.36422,-2.54663
0.57295,-0.364091,-2.51672
0.573145,-0.363955,-2.48682
0.573659,-0.363553,-2.40454
0.573837,-0.363396,-2.37462
0.574052,-0.363194,-2.33725
0.57426,-0.362985,-2.29986
0.574419,-0.362811,-2.26994
0.574575,-0.362633,-2.24001
0.574761,-0.362405,-2.20261
0.574937,-0.36217,-2.16522
0.575262,-0.361681,-2.09044
0.575382,-0.361479,-2.0605
0.575496,-0.361273,-2.03057
0.575603,-0.361063,-2.00064
0.575821,-0.360583,-1.93332
0.575929,-0.360307,-1.89585
0.576025,-0.36003,-1.85847
0.576171,-0.359523,-1.79118
0.576251,-0.359177,-1.74629
0.576271,-0.358891,-1.67948
0.575937,-0.361257,-1.63696
0.57497,-0.369104,-1.58602
0.574935,-0.374846,-1.56026
0.575241,-0.381725,-1.53257
0.575948,-0.392006,-1.49664
0.578848,-0.412521,-1.43902
0.581578,-0.427587,-1.39842
0.584805,-0.443891,-1.36017
0.592485,-0.477891,-1.35324
0.596394,-0.49557,-1.37287
0.601034,-0.5186,-1.42041
0.605033,-0.548729,-1.456
0.606827,-0.564822,-1.46942
0.608636,-0.582042,-1.48749
0.610473,-0.604981,-1.52116
0.611207,-0.652205,-1.58869
0.6103,-0.681039,-1.61422
0.608571,-0.723734,-1.59998
0.608028,-0.743594,-1.59534
0.607453,-0.768235,-1.59378
0.606976,-0.788265,-1.59632
0.606443,-0.808303,-1.59942
0.60504,-0.853367,-1.60413
0.604016,-0.883387,-1.60488
0.603333,-0.903393,-1.60446
0.602002,-0.943401,-1.60311
0.601193,-0.96841,-1.60275
0.600231,-0.998424,-1.60268
0.599591,-1.01843,-1.60271
0.598949,-1.03844,-1.60277
0.597178,-1.09347,-1.60293
0.596532,-1.11348,-1.60293
0.59524,-1.1535,-1.60292
0.594433,-1.17851,-1.60291
0.593465,-1.20853,-1.60289
0.593143,-1.21853,-1.60287
0.591531,-1.26856,-1.60289
0.590725,-1.29357,-1.60288
0.590725,-1.29357,-1.60288
0.589111,-1.34359,-1.60293
0.588466,-1.3636,-1.60293
0.587658,-1.38862,-1.60294
0.587173,-1.40362,-1.60294
0.584751,-1.47866,-1.60295
0.583296,-1.52368,-1.60298
0.582241,-1.55771,-1.6028
0.581507,-1.58331,-1.60188
0.580698,-1.6151,-1.59903
0.580067,-1.64877,-1.59146
0.580002,-1.65614,-1.5881
0.580013,-1.66233,-1.5832
0.580055,-1.66464,-1.56087
0.58006,-1.66466,-1.53373
0.58001,-1.66388,-1.43733
0.579914,-1.66328,-1.36301
0.579807,-1.66284,-1.29605
0.579676,-1.66241,-1.24396
0.579456,-1.66182,-1.16216
0.579366,-1.66162,-1.13245
0.579163,-1.6612,-1.07292
0.578936,-1.66081,-1.01338
0.578684,-1.66042,-0.953804
0.578551,-1.66024,-0.924048
0.578375,-1.66001,-0.886772
0.578075,-1.65966,-0.827125
0.577755,-1.65932,-0.767443
0.577192,-1.65882,-0.670373
0.576776,-1.65851,-0.603158
0.576586,-1.65838,-0.573293
0.576339,-1.65822,-0.535902
0.576141,-1.65811,-0.506039
0.575678,-1.65787,-0.438759
0.575252,-1.65768,-0.378921
0.575032,-1.6576,-0.348966
0.574536,-1.65743,-0.281677
0.574199,-1.65734,-0.236835
0.573625,-1.65724,-0.162101
0.573559,-1.65732,-0.125253
0.575834,-1.65761,-0.0473768
0.579609,-1.65711,0.245805
0.584774,-1.6549,0.495535
0.593768,-1.6485,0.701518
0.601059,-1.64195,0.812155
0.615858,-1.62498,1.00403
0.626506,-1.60816,1.1093
0.632682,-1.59544,1.14539
0.638597,-1.58227,1.14428
0.646126,-1.56617,1.09834
0.651765,-1.55546,1.03989
0.658259,-1.54492,0.958307
0.666631,-1.5334,0.851025
0.67627,-1.52281,0.736142
0.67627,-1.52281,0.736142
0.685792,-1.51469,0.645087
0.694283,-1.50883,0.597955
0.695695,-1.50791,0.606601
0.696006,-1.50772,0.630244
0.695778,-1.50786,0.667418
0.695496,-1.50807,0.712347
0.695317,-1.50822,0.74228
0.694928,-1.50858,0.809771
0.694928,-1.50858,0.809771
0.694721,-1.50878,0.847164
0.694521,-1.509,0.884633
0.694369,-1.50918,0.914547
0.69422,-1.50937,0.944531
0.69408,-1.50956,0.974442
0.693912,-1.5098,1.0119
0.693782,-1.51,1.04187
0.693694,-1.51014,1.06432
0.693575,-1.51035,1.09428
0.693463,-1.51056,1.12424
0.693359,-1.51077,1.15415
0.693359,-1.51077,1.15415
0.693172,-1.5112,1.2141
0.693146,-1.51125,1.22156
0.693088,-1.51142,1.24399
0.69297,-1.51175,1.28888
0.692872,-1.51209,1.33379
0.69275,-1.5126,1.40116
0.693051,-1.51207,1.44237
0.694302,-1.50675,1.47919
0.695766,-1.50071,1.49293
0.696969,-1.49434,1.50024
0.699521,-1.47761,1.50534
0.701037,-1.46441,1.5062
0.702785,-1.4458,1.5051
0.703967,-1.4317,1.50302
0.705493,-1.41218,1.49879
0.708159,-1.3771,1.49794
0.709741,-1.3537,1.51711
0.710751,-1.32439,1.55397
0.710829,-1.28559,1.57848
0.710829,-1.28559,1.57848
0.710553,-1.26082,1.58624
0.710157,-1.23096,1.58353
0.709711,-1.19089,1.57954
0.709583,-1.17587,1.57907
0.709461,-1.16086,1.5789
0.709142,-1.12082,1.5789
0.708982,-1.10081,1.57898
0.708819,-1.08079,1.57906
0.708655,-1.06077,1.57914
0.708449,-1.03575,1.57916
0.708201,-1.00573,1.57916
0.708077,-0.990712,1.57915
0.707624,-0.935665,1.57913
0.707253,-0.890626,1.57912
0.707006,-0.8606,1.57913
0.706841,-0.840583,1.57914
0.706511,-0.800549,1.57915
0.706345,-0.780531,1.57916
0.705932,-0.730488,1.57917
0.705684,-0.700462,1.57917
0.705519,-0.680445,1.57915
0.705188,-0.64041,1.57916
0.705064,-0.625397,1.57915
0.704857,-0.600376,1.57917
0.704609,-0.57035,1.57919
0.704444,-0.550333,1.57918
0.704071,-0.505294,1.57918
0.703738,-0.465259,1.5792
0.703573,-0.445242,1.57919
0.703323,-0.415216,1.57919
0.703157,-0.395199,1.5792
0.702992,-0.375182,1.5792
0.702618,-0.330143,1.57922
0.702241,-0.285104,1.57923
0.702034,-0.260083,1.57924
0.701573,-0.205035,1.57927
0.701406,-0.185018,1.57927
0.701237,-0.165,1.57929
0.70105,-0.140282,1.57928
0.700816,-0.105296,1.5784
0.700719,-0.090133,1.57771
0.700582,-0.0617461,1.57649
0.70057,-0.047226,1.57606
0.700564,-0.0333652,1.57603
0.700552,-0.0278844,1.57607
0.700536,-0.0231691,1.56528
0.700548,-0.0222286,1.51488
0.700575,-0.0218933,1.47767
0.700621,-0.0214826,1.43302
0.700674,-0.0211371,1.39579
0.700753,-0.0207255,1.35116
0.700815,-0.0204515,1.32142
0.700987,-0.0198428,1.25449
0.700987,-0.0198428,1.25449
0.701125,-0.0194441,1.20987
0.701228,-0.0191814,1.18009
0.701614,-0.0183018,1.08309
0.701753,-0.0180407,1.05324
0.701902,-0.0177857,1.02333
0.702057,-0.017533,0.99344
0.702219,-0.0172871,0.963553
0.70239,-0.0170472,0.933609
0.702798,-0.0165251,0.866246
0.703038,-0.0162467,0.828818
0.70334,-0.0159266,0.783849
0.703549,-0.015722,0.753873
0.703765,-0.0155238,0.723841
0.704041,-0.0152836,0.68634
0.704561,-0.0148806,0.618757
0.704921,-0.0146339,0.573691
0.705167,-0.0144761,0.54363
0.70548,-0.0142925,0.50608
0.705866,-0.0140866,0.460965
0.706127,-0.01396,0.430902
0.706393,-0.0138408,0.400797
0.706661,-0.0137303,0.370729
0.707001,-0.0136023,0.333136
0.707625,-0.0134068,0.265454
0.707976,-0.0133154,0.227862
0.708403,-0.0132236,0.182739
0.709108,-0.0131123,0.110135
0.710429,-0.0129459,0.0212734
0.711219,-0.0129591,-0.0426898
0.712569,-0.0133495,-0.144665
0.7211,-0.0169648,-0.459227
0.7259,-0.020166,-0.584544
0.731665,-0.0245399,-0.713961
0.738395,-0.0303014,-0.845442
0.746095,-0.0375697,-0.975529
0.764655,-0.0641524,-1.31901
0.767698,-0.0723559,-1.40099
0.77179,-0.0970487,-1.58108
0.771273,-0.110552,-1.63211
0.770021,-0.126615,-1.64315
0.76838,-0.150383,-1.6201
0.767529,-0.167974,-1.60834
0.766685,-0.191853,-1.59768
0.765973,-0.223288,-1.58639
0.765845,-0.232759,-1.57974
0.766027,-0.267221,-1.54826
0.768282,-0.316503,-1.5063
0.769643,-0.336428,-1.50104
0.770672,-0.351393,-1.50703
0.771881,-0.371457,-1.51795
0.77382,-0.416604,-1.53507
0.775562,-0.471558,-1.5379
0.776226,-0.491549,-1.53568
0.776942,-0.511533,-1.53281
0.77771,-0.531519,-1.53068
0.77913,-0.566512,-1.52963
0.780368,-0.596511,-1.52941
0.780368,-0.596511,-1.52941
0.783253,-0.666569,-1.53006
0.784871,-0.706603,-1.53022
0.784871,-0.706603,-1.53022
0.786691,-0.751638,-1.53009
0.787502,-0.771653,-1.53
0.788518,-0.796672,-1.52994
0.790554,-0.84671,-1.52989
0.791369,-0.866725,-1.52986
0.792182,-0.88674,-1.52989
0.794424,-0.941784,-1.52988
0.795237,-0.961798,-1.52989
0.796257,-0.986818,-1.52985
0.797481,-1.01684,-1.52981
0.799318,-1.06187,-1.52978
0.800543,-1.0919,-1.52977
0.801156,-1.10691,-1.52976
0.801769,-1.12192,-1.52975
0.804222,-1.18197,-1.5297
0.805245,-1.20698,-1.5297
0.807497,-1.26202,-1.52963
0.808318,-1.28204,-1.5296
0.809343,-1.30706,-1.52957
0.810372,-1.33208,-1.52951
0.810988,-1.34709,-1.52949
0.813045,-1.39712,-1.52945
0.814076,-1.42214,-1.52939
0.815108,-1.44716,-1.52934
0.816762,-1.48719,-1.52922
0.819045,-1.54223,-1.52889
0.820081,-1.56715,-1.52871
0.821021,-1.59035,-1.52988
0.82178,-1.61121,-1.53218
0.82241,-1.6296,-1.53483
0.823132,-1.65395,-1.53977
0.823412,-1.66597,-1.54315
0.823527,-1.67202,-1.54523
0.823656,-1.68145,-1.54944
0.823669,-1.68579,-1.5522
0.823645,-1.69087,-1.53703
0.823638,-1.69117,-1.51954
0.823607,-1.69075,-1.46025
0.82357,-1.69018,-1.38511
0.823507,-1.68968,-1.31749
0.823454,-1.68946,-1.28747
0.823374,-1.68919,-1.24989
0.823281,-1.68893,-1.21238
0.823199,-1.68872,-1.18233
0.823114,-1.68849,-1.15242
0.823018,-1.68827,-1.12244
0.822751,-1.68775,-1.04755
0.822601,-1.68749,-1.01007
0.822508,-1.68734,-0.987629
0.822135,-1.68681,-0.90521
0.822027,-1.68667,-0.882772
0.821876,-1.68648,-0.852786
0.821683,-1.68626,-0.815393
0.82152,-1.68609,-0.785412
0.821394,-1.68596,-0.762914
0.821183,-1.68576,-0.725523
0.821006,-1.6856,-0.695543
0.820594,-1.68527,-0.628185
0.820308,-1.68507,-0.583259
0.820111,-1.68494,-0.553286
0.819911,-1.68481,-0.523312
0.819452,-1.68456,-0.455977
0.819241,-1.68446,-0.42601
0.818974,-1.68434,-0.388575
0.818428,-1.68413,-0.313716
0.817924,-1.68397,-0.246342
0.81764,-1.68391,-0.208928
0.817524,-1.68388,-0.193924
0.817297,-1.68384,-0.164058
0.819565,-1.68435,-0.0976388
0.82217,-1.6845,-0.0105574
0.824222,-1.6844,0.0993792
0.826178,-1.68403,0.242927
0.830016,-1.68241,0.434603
0.840731,-1.67479,0.719126
0.848951,-1.66739,0.876046
0.859252,-1.65569,1.07003
0.870432,-1.63586,1.31677
0.874061,-1.62488,1.42164
0.876888,-1.5994,1.57989
0.876814,-1.59655,1.58997
0.875782,-1.57609,1.61823
0.875021,-1.56113,1.59326
0.875139,-1.54262,1.51857
0.879231,-1.51403,1.30766
0.885765,-1.4948,1.10094
0.891867,-1.48292,0.947187
0.907133,-1.46197,0.598899
0.915535,-1.45393,0.3869
0.926658,-1.44768,0.125979
0.937146,-1.44522,-0.102565
0.948233,-1.4453,-0.353321
0.965148,-1.45018,-0.819748
0.982232,-1.46342,-1.53882
0.984918,-1.46784,-1.74553
0.987848,-1.48002,-2.31871
0.987848,-1.48002,-2.31871
0.98726,-1.48603,-2.60371
0.985422,-1.49117,-2.88195
0.982475,-1.49485,3.12678
0.978945,-1.49696,2.8608
0.969452,-1.49656,2.30531
0.964263,-1.49379,2.03967
0.959568,-1.48936,1.80274
0.956481,-1.48505,1.63217
0.954905,-1.47551,1.32416
0.957569,-1.46718,1.09873
0.957789,-1.4661,0.994446
0.953354,-1.47098,0.786022
0.946607,-1.47722,0.658847
0.941187,-1.48142,0.558639
0.929173,-1.48857,0.320196
0.921684,-1.49125,0.135793
0.912755,-1.49207,-0.129348
0.907009,-1.49112,-0.329539
0.90194,-1.48964,-0.538862
0.897312,-1.48793,-0.747739
0.891403,-1.4853,-1.15942
0.890109,-1.48544,-1.74455
0.890033,-1.48566,-1.78739
0.889592,-1.48708,-1.95133
0.887524,-1.49087,-2.25553
0.886478,-1.49214,-2.33477
0.885341,-1.49331,-2.3882
0.884184,-1.49438,-2.42199
0.882093,-1.49629,-2.41126
0.881279,-1.49718,-2.35745
0.880445,-1.49848,-2.14928
0.88041,-1.49872,-2.02807
0.880515,-1.49882,-1.88403
0.880668,-1.49869,-1.71708
0.880735,-1.49834,-1.5329
0.881924,-1.49883,-1.0829
0.88837,-1.50471,-0.523322
0.892834,-1.50744,-0.34657
0.906892,-1.51025,0.0483098
0.908473,-1.51015,0.0824187
0.922169,-1.50761,0.364178
0.926334,-1.50613,0.468994
0.929219,-1.50438,0.598436
0.92897,-1.50449,0.636021
0.928769,-1.50462,0.665977
0.928255,-1.50501,0.74821
0.928121,-1.50513,0.77068
0.927906,-1.50533,0.808075
0.927661,-1.50559,0.85293
0.927311,-1.50599,0.920257
0.926959,-1.50646,0.995062
0.926794,-1.5067,1.03254
0.926673,-1.5069,1.0624
0.926609,-1.507,1.0774
0.926442,-1.50731,1.12227
0.926337,-1.50752,1.15221
0.926216,-1.50779,1.18961
0.926126,-1.50801,1.21954
0.925909,-1.50862,1.30185
0.925773,-1.50913,1.36915
0.925697,-1.50948,1.41402
0.925689,-1.50976,1.48094
0.925945,-1.50798,1.51617
0.926245,-1.50308,1.55549
0.926161,-1.49516,1.59006
0.925759,-1.48819,1.61036
0.92486,-1.4799,1.62851
0.923729,-1.46766,1.64948
0.920416,-1.44086,1.69301
0.917939,-1.42394,1.72061
0.915052,-1.40631,1.73787
0.908127,-1.36687,1.73661
0.906363,-1.35612,1.73038
0.904505,-1.34488,1.7177
0.899139,-1.30774,1.64973
0.897547,-1.28072,1.59281
0.897328,-1.25864,1.57225
0.897462,-1.24053,1.55529
0.897981,-1.19088,1.57246
0.897897,-1.17249,1.57893
0.897826,-1.16356,1.58264
0.897435,-1.14126,1.58841
0.897033,-1.11296,1.57201
0.897165,-1.09315,1.55133
0.897659,-1.06916,1.5429
0.898611,-1.023,1.55604
0.898959,-1.0033,1.54605
0.900833,-0.958022,1.51117
0.902822,-0.927949,1.49521
0.903809,-0.913263,1.49744
0.907455,-0.858802,1.51123
0.908342,-0.84383,1.51435
0.910033,-0.813848,1.51427
0.912363,-0.773849,1.51029
0.91453,-0.738858,1.50764
0.915802,-0.718872,1.50694
0.917399,-0.6939,1.50719
0.919935,-0.653945,1.50811
0.923371,-0.599002,1.50875
0.924615,-0.57902,1.5088
0.927104,-0.539055,1.5086
0.928665,-0.514078,1.50845
0.93054,-0.484106,1.5084
0.932417,-0.454134,1.50837
0.935233,-0.409175,1.50834
0.936172,-0.394189,1.50832
0.939041,-0.344414,1.52982
0.939806,-0.314791,1.56435
0.939596,-0.290747,1.59422
0.937706,-0.248807,1.63596
0.936354,-0.230584,1.6466
0.934872,-0.21244,1.65469
0.930376,-0.151662,1.60584
0.930077,-0.141584,1.5894
0.929986,-0.121385,1.56072
0.931087,-0.0761589,1.53484
0.932143,-0.0463325,1.53554
0.933089,-0.00695185,1.55697
0.93327,0.0420779,1.5795
0.933,0.06698,1.58219
0.932706,0.0910466,1.58369
0.932478,0.110886,1.57718
0.932518,0.146055,1.56098
0.932997,0.176183,1.54855
0.93438,0.230909,1.54505
0.935005,0.255907,1.54838
0.935622,0.285895,1.55347
0.936163,0.320886,1.55857
0.936457,0.345895,1.56057
0.936981,0.395942,1.55984
0.937329,0.42598,1.5583
0.937589,0.446007,1.55701
0.938109,0.486694,1.55459
0.938395,0.50941,1.55328
0.938512,0.519457,1.55278
0.938771,0.544274,1.55163
0.93884,0.556413,1.55138
0.93885,0.559672,1.55135
0.938855,0.563833,1.55151
0.938808,0.569502,1.5521
0.938761,0.571899,1.56013
0.938744,0.57259,1.61381
0.938783,0.571981,1.68801
0.938822,0.571681,1.72513
0.93888,0.571328,1.76964
0.938944,0.571047,1.80681
0.939091,0.570507,1.8811
0.939162,0.570287,1.91087
0.939389,0.569706,1.99261
0.939508,0.569446,2.02978
0.939638,0.569191,2.06696
0.939776,0.56894,2.10415
0.939892,0.568747,2.13387
0.940078,0.56846,2.1785
0.940212,0.568269,2.20832
0.940386,0.568038,2.24557
0.940681,0.567685,2.30518
0.941076,0.567271,2.3797
0.941329,0.567037,2.42444
0.941685,0.566741,2.48417
0.942201,0.566369,2.56634
0.942399,0.566242,2.59627
0.94265,0.566093,2.63366
0.9429,0.56596,2.67097
0.943111,0.565854,2.70092
0.943698,0.565603,2.78317
0.943914,0.565525,2.81304
0.944191,0.565434,2.85044
0.944358,0.565386,2.87286
0.944987,0.565248,2.9551
0.9451,0.565233,2.97001
0.944229,0.565567,3.00497
0.936804,0.566405,3.07106
0.932927,0.566668,3.10029
0.927771,0.56675,3.11989
0.915525,0.566943,-3.13527
0.907062,0.566619,-3.1022
0.88638,0.564721,-2.99845
0.87522,0.563005,-2.94153
0.858556,0.559764,-2.92187
0.847166,0.557128,-2.92388
0.821598,0.550929,-2.87243
0.808763,0.547063,-2.83004
0.776964,0.534168,-2.66989
0.758056,0.523601,-2.55015
0.745993,0.516317,-2.49416
0.732033,0.507315,-2.4605
0.721492,0.499661,-2.45347
0.708528,0.489201,-2.43648
0.692551,0.475708,-2.41234
0.685503,0.469459,-2.39777
0.680623,0.464953,-2.38299
0.678649,0.463071,-2.37464
0.675869,0.460345,-2.41311
0.675617,0.460109,-2.45078
0.675401,0.459934,-2.48087
0.675178,0.459767,-2.51096
0.674595,0.459384,-2.58617
0.674292,0.459211,-2.62379
0.674108,0.459112,-2.64634
0.673858,0.458987,-2.67643
0.673348,0.458761,-2.73664
0.673024,0.458637,-2.77426
0.672427,0.458439,-2.84196
0.672024,0.458335,-2.8871
0.671751,0.45827,-2.91715
0.671407,0.458205,-2.9548
0.670994,0.458144,-2.99991
0.670785,0.45812,-3.02246
0.669877,0.458075,-3.12028
0.669459,0.45808,3.11778
0.669189,0.458094,3.08772
0.668913,0.458111,3.05763
0.668565,0.458132,3.02006
0.667869,0.458193,2.94494
0.667315,0.458283,2.88485
0.667247,0.4583,2.87733
0.666976,0.458376,2.84729
0.666242,0.458639,2.7646
0.665982,0.45875,2.73456
0.665662,0.458899,2.69699
0.664979,0.45927,2.61428
0.66474,0.459418,2.58423
0.664507,0.459574,2.55415
0.664277,0.459736,2.52409
0.663725,0.46017,2.44889
0.663464,0.460402,2.41132
0.663211,0.460643,2.37374
0.662734,0.461154,2.29853
0.662555,0.461367,2.26847
0.662341,0.461641,2.23088
0.662094,0.461981,2.18576
0.661797,0.462449,2.1256
0.661623,0.462751,2.08798
0.66143,0.463121,2.04287
0.661341,0.46331,2.02029
0.661048,0.464017,1.93758
0.660958,0.464279,1.90752
0.660854,0.464612,1.86989
0.660749,0.465015,1.83231
0.660688,0.465286,1.79468
0.660636,0.465559,1.76462
0.660577,0.465905,1.72703
0.660154,0.467086,1.69992
0.659423,0.470442,1.67067
0.65901,0.473467,1.65435
0.657562,0.490566,1.58924
0.657562,0.490566,1.58924
0.657427,0.498556,1.55169
0.659078,0.519423,1.42754
0.660375,0.527261,1.37359
0.666992,0.550738,1.20953
0.673513,0.56646,1.08859
0.680495,0.582579,0.957972
0.687406,0.600145,0.799911
0.688733,0.604262,0.758614
0.689635,0.607502,0.724607
0.690413,0.61203,0.652681
0.690571,0.612187,0.630137
0.690795,0.612355,0.600134
0.691027,0.612511,0.570116
0.691567,0.612825,0.502519
0.691877,0.612982,0.464973
0.691939,0.613012,0.457457
0.69271,0.613336,0.367237
0.693039,0.61345,0.329661
0.69344,0.613566,0.284528
0.693709,0.613636,0.254486
0.69405,0.613713,0.216888
0.694394,0.613776,0.179295
0.6949,0.613886,0.134484
0.69639,0.614208,0.105496
0.707378,0.615246,0.0293531
0.712135,0.615388,0.00987153
0.719649,0.615365,-0.0149008
0.728505,0.615036,-0.0381747
0.738703,0.614355,-0.0598774
0.753331,0.612911,-0.0852307
0.777334,0.609544,-0.121016
0.805442,0.605006,-0.160523
0.831809,0.600431,-0.179025
0.84981,0.597154,-0.172225
0.87641,0.592723,-0.151376
0.904551,0.588819,-0.108841
0.924117,0.586984,-0.0729778
0.963098,0.585464,-0.0139651
0.987321,0.585245,-0.01191
1.0174,0.584793,-0.0241058
1.0375,0.584227,-0.0352772
1.06164,0.583315,-0.0489234
1.09517,0.58162,-0.0677257
1.11937,0.580198,-0.0799887
1.13628,0.579182,-0.0865774
1.15335,0.578211,-0.0891645
1.15954,0.578022,-0.0880409
1.16775,0.577886,-0.0909284
1.16985,0.577715,-0.113623
1.17065,0.577562,-0.187776
1.17134,0.577391,-0.263487
1.17162,0.577309,-0.293766
1.17229,0.577069,-0.369537
1.17243,0.577016,-0.384678
1.17307,0.576717,-0.460425
1.17339,0.57655,-0.498287
1.17376,0.576336,-0.543675
1.17428,0.575983,-0.611819
1.17463,0.575729,-0.657165
1.17479,0.575596,-0.679862
1.17531,0.575191,-0.763121
1.17544,0.575019,-0.793232
1.17562,0.574837,-0.823344
1.17609,0.574314,-0.898938
1.17634,0.573986,-0.944217
1.17668,0.573474,-1.01212
1.17702,0.572881,-1.08757
1.17714,0.572636,-1.11774
1.17741,0.572011,-1.19317
1.17755,0.571626,-1.23843
1.17765,0.5713,-1.27614
1.17779,0.570771,-1.33648
1.17785,0.570473,-1.38324
1.17787,0.570331,-1.41507
1.17809,0.569667,-1.45277
1.17851,0.567678,-1.47726
1.17953,0.559671,-1.51363
1.17966,0.558291,-1.5171
1.18059,0.544235,-1.53752
1.18092,0.537576,-1.54185
1.18123,0.530164,-1.54446
1.18178,0.516128,-1.54495
1.18259,0.496516,-1.53972
1.18308,0.485564,-1.53506
1.18405,0.465655,-1.52574
1.18604,0.421773,-1.54796
1.18632,0.403253,-1.5615
1.18643,0.362328,-1.57769
1.18468,0.308618,-1.62863
1.18331,0.288516,-1.65136
1.17954,0.243653,-1.66055
1.177,0.213991,-1.65054
1.17369,0.16915,-1.63634
1.17241,0.149294,-1.63199
1.17128,0.130039,-1.6254
1.16876,0.0851192,-1.63021
1.16689,0.0550902,-1.63768
1.16552,0.0350894,-1.64104
1.16155,-0.0198369,-1.64251
1.16012,-0.0398017,-1.64185
1.15835,-0.0647544,-1.64051
1.15627,-0.0947021,-1.63897
1.15322,-0.139638,-1.63815
1.15153,-0.164608,-1.63822
1.14847,-0.209555,-1.63894
1.14676,-0.234523,-1.63922
1.14299,-0.289451,-1.63917
1.14196,-0.304431,-1.63913
1.14059,-0.324404,-1.6391
1.1382,-0.359358,-1.63903
1.13683,-0.379331,-1.63901
1.1341,-0.419279,-1.63902
1.13239,-0.444246,-1.63905
1.12931,-0.489187,-1.63908
1.12794,-0.509161,-1.63907
1.12657,-0.529135,-1.63909
1.1252,-0.549109,-1.63907
1.12247,-0.589056,-1.63907
1.11939,-0.633997,-1.63906
1.11631,-0.678939,-1.63906
1.1146,-0.703905,-1.63908
1.1146,-0.703905,-1.63908
1.11254,-0.733866,-1.63908
1.10878,-0.788794,-1.63909
1.10741,-0.808768,-1.63908
1.1057,-0.833735,-1.63908
1.10399,-0.858702,-1.63909
1.10057,-0.908638,-1.63908
1.0992,-0.928611,-1.6391
1.09749,-0.953579,-1.63909
1.09578,-0.978546,-1.6391
1.09475,-0.993526,-1.6391
1.09201,-1.03347,-1.63912
1.09064,-1.05345,-1.63914
1.08721,-1.10343,-1.6389
1.0855,-1.12842,-1.63883
1.08379,-1.1534,-1.63888
1.08277,-1.1684,-1.63891
1.07968,-1.21337,-1.63903
1.07625,-1.26334,-1.63907
1.07591,-1.26834,-1.63905
1.07522,-1.27833,-1.63906
1.07248,-1.31831,-1.63902
1.07042,-1.34829,-1.63899
1.06871,-1.37328,-1.63902
1.06631,-1.40826,-1.63908
1.06494,-1.42825,-1.63914
1.06219,-1.46823,-1.63918
1.0591,-1.5132,-1.63924
1.0591,-1.5132,-1.63924
1.05593,-1.56376,-1.63489
1.0545,-1.59315,-1.62499
1.05395,-1.60833,-1.61651
1.05353,-1.62332,-1.60465
1.05335,-1.63634,-1.58932
1.05334,-1.64663,-1.56688
1.05334,-1.64854,-1.54585
1.0533,-1.64824,-1.46753
1.0533,-1.64824,-1.46753
1.05323,-1.64772,-1.40061
1.05312,-1.64715,-1.32621
1.05304,-1.64688,-1.28901
1.05291,-1.64645,-1.2296
1.05283,-1.64623,-1.19981
1.05263,-1.64576,-1.1329
1.05248,-1.64546,-1.0883
1.0522,-1.64495,-1.01385
1.05208,-1.64476,-0.98412
1.05194,-1.64457,-0.954284
1.05167,-1.6442,-0.89469
1.05153,-1.64402,-0.864913
1.05137,-1.64385,-0.835051
1.05089,-1.64335,-0.745554
1.05072,-1.6432,-0.715737
1.0505,-1.64301,-0.678382
1.05023,-1.6428,-0.633581
1.04999,-1.64263,-0.596202
1.04975,-1.64247,-0.558822
1.0494,-1.64226,-0.50653
1.04915,-1.64212,-0.469126
1.04888,-1.64199,-0.431726
1.04862,-1.64188,-0.394396
1.04829,-1.64174,-0.349458
1.04813,-1.64169,-0.327032
1.04758,-1.64152,-0.252303
1.04729,-1.64145,-0.214901
1.04717,-1.64143,-0.199935
1.04716,-1.64144,-0.169776
1.04773,-1.64149,-0.112492
1.04836,-1.64149,-0.000334119
1.05073,-1.64116,0.154678
1.05455,-1.63995,0.265266
1.0681,-1.63312,0.485633
1.0779,-1.62656,0.592078
1.09232,-1.61596,0.718611
1.10046,-1.60955,0.781588
1.12872,-1.5807,0.948699
1.13585,-1.57188,0.967623
1.14753,-1.55666,0.965505
1.16054,-1.53841,0.928786
1.17499,-1.51917,0.874563
1.1809,-1.51181,0.847442
1.19332,-1.49803,0.770314
1.19434,-1.49704,0.768053
1.19563,-1.4958,0.775527
1.19593,-1.49551,0.798382
1.19574,-1.49569,0.835498
1.1955,-1.49595,0.880295
1.19534,-1.49613,0.910241
1.19519,-1.49631,0.940173
1.19519,-1.49631,0.940173
1.19502,-1.49655,0.977593
1.19469,-1.49704,1.05242
1.19466,-1.49709,1.05989
1.19443,-1.4975,1.11978
1.19433,-1.49771,1.14973
1.19423,-1.49792,1.17965
1.19411,-1.49819,1.21706
1.19391,-1.49874,1.29187
1.19383,-1.49903,1.32927
1.19377,-1.49925,1.35917
1.19371,-1.49954,1.39656
1.19379,-1.49963,1.44036
1.1942,-1.49833,1.46408
1.19476,-1.49569,1.48286
1.19561,-1.4905,1.49966
1.19655,-1.48321,1.50989
1.19888,-1.46235,1.51163
1.19888,-1.46235,1.51163
1.20066,-1.44579,1.50521
1.20155,-1.43638,1.50104
1.2028,-1.42265,1.49448
1.20414,-1.40757,1.48683
1.20597,-1.38699,1.47893
1.20834,-1.36082,1.49098
1.2102,-1.33317,1.52867
1.21067,-1.31864,1.55413
1.21071,-1.29439,1.57746
1.21047,-1.2665,1.57304
1.2105,-1.24779,1.56182
1.2107,-1.22837,1.5609
1.21086,-1.20347,1.57251
1.21074,-1.18354,1.58371
1.21029,-1.1586,1.59459
1.20979,-1.13862,1.59665
1.20868,-1.09357,1.59305
1.20815,-1.06854,1.59064
1.20756,-1.03851,1.5903
1.20708,-1.0135,1.59046
1.20649,-0.983479,1.59078
1.20609,-0.963467,1.59097
1.20569,-0.943454,1.59105
1.20488,-0.903428,1.59102
1.20478,-0.898424,1.59102
1.20347,-0.83338,1.59086
1.20257,-0.78835,1.59086
1.20227,-0.77334,1.59086
1.20187,-0.753326,1.59088
1.20147,-0.733313,1.59091
1.20097,-0.708297,1.59091
1.20037,-0.678277,1.59094
1.19997,-0.658264,1.59091
1.19957,-0.63825,1.59091
1.19907,-0.613233,1.59092
1.19807,-0.5632,1.5909
1.19807,-0.5632,1.5909
1.19717,-0.51817,1.59094
1.19656,-0.48815,1.59095
1.19576,-0.448123,1.59093
1.19476,-0.398089,1.59092
1.19366,-0.343053,1.59095
1.19285,-0.303025,1.59095
1.19195,-0.257996,1.59094
1.19175,-0.247989,1.59096
1.19145,-0.232979,1.59096
1.19085,-0.202958,1.59096
1.19085,-0.202958,1.59096
1.18994,-0.157928,1.59096
1.18954,-0.137915,1.59097
1.18914,-0.117902,1.59096
1.18813,-0.0678684,1.59098
1.18763,-0.0428515,1.591
1.18713,-0.0178344,1.59099
1.18663,0.0071821,1.59099
1.18652,0.0121859,1.59099
1.18562,0.0572154,1.591
1.18512,0.0822323,1.59102
1.18451,0.112263,1.59103
1.1841,0.132296,1.59097
1.183,0.187378,1.59093
1.1828,0.197391,1.59093
1.1824,0.21742,1.59095
1.1819,0.242454,1.59097
1.1814,0.26749,1.59101
1.1808,0.297532,1.59105
1.1804,0.317559,1.59104
1.1799,0.342595,1.59108
1.17949,0.362622,1.59109
1.17929,0.372636,1.59112
1.17889,0.392663,1.59113
1.17849,0.412692,1.59117
1.17808,0.43272,1.59122
1.17717,0.477781,1.59132
1.17697,0.487795,1.59133
1.17666,0.502816,1.59137
1.17605,0.532857,1.59148
1.17554,0.557889,1.59158
1.17517,0.576941,1.59144
1.17487,0.594424,1.59116
1.17424,0.631274,1.58966
1.17402,0.646031,1.58846
1.17388,0.656065,1.58737
1.17377,0.666406,1.58583
1.17369,0.675582,1.58387
1.17368,0.678846,1.58286
1.17363,0.683702,1.57318
1.17363,0.683702,1.57318
1.17362,0.685281,1.50985
1.17365,0.685627,1.47255
1.17365,0.685699,1.46509
1.17367,0.685913,1.4427
1.1737,0.686128,1.42031
1.17388,0.687061,1.32328
1.17395,0.687348,1.29344
1.17406,0.687701,1.25612
1.17417,0.688054,1.21883
1.17433,0.68847,1.17404
1.17445,0.688742,1.14415
1.1746,0.689079,1.10683
1.17491,0.689669,1.03957
1.17502,0.68986,1.01714
1.17514,0.690049,0.9947
1.17534,0.690355,0.957286
1.1756,0.690715,0.912366
1.17574,0.69089,0.889898
1.17597,0.691175,0.85246
1.17627,0.691504,0.807479
1.17647,0.691714,0.777497
1.17706,0.692261,0.694975
1.17752,0.692625,0.634883
1.17788,0.69288,0.589832
1.17794,0.69292,0.582296
1.17812,0.69304,0.559782
1.17837,0.693193,0.529687
1.17868,0.693374,0.492107
1.17907,0.693573,0.446991
1.17947,0.693756,0.401887
1.17974,0.693867,0.371808
1.18028,0.694065,0.311647
1.18084,0.69423,0.251455
1.18155,0.694388,0.176269
1.18342,0.694684,0.101372
1.18519,0.694831,0.0233763
1.1884,0.694603,-0.167491
1.19042,0.69407,-0.29107
1.19589,0.691623,-0.557064
1.20142,0.687512,-0.726797
1.2119,0.677224,-0.939454
1.2198,0.667962,-1.06803
1.22822,0.654236,-1.21143
1.23278,0.644289,-1.28777
1.23707,0.631559,-1.35577
1.24587,0.593083,-1.32878
1.24862,0.582844,-1.26426
1.25159,0.573484,-1.19192
1.25543,0.563618,-1.10407
1.2593,0.555766,-1.03226
1.26448,0.547448,-0.967584
1.26499,0.54673,-0.964037
1.26688,0.544083,-0.961027
1.26777,0.542814,-0.990269
1.26811,0.542317,-1.05787
1.2683,0.541954,-1.10302
1.26839,0.541768,-1.12557
1.26863,0.541195,-1.19332
1.26875,0.540871,-1.2309
1.26885,0.540541,-1.26853
1.26902,0.539869,-1.34369
1.26909,0.539526,-1.3813
1.2694,0.538564,-1.42479
1.2702,0.537076,-1.44356
1.27445,0.529064,-1.45419
1.27763,0.520396,-1.4591
1.28257,0.501706,-1.47248
1.28567,0.485444,-1.48464
1.28747,0.472913,-1.49374
1.29037,0.443808,-1.51329
1.29234,0.409512,-1.5328
1.29284,0.388339,-1.53391
1.2949,0.350809,-1.48211
1.29921,0.30666,-1.46492
1.29967,0.302423,-1.46463
1.30388,0.261687,-1.5
1.30535,0.232189,-1.55168
1.30543,0.217299,-1.56679
1.30534,0.193738,-1.5771
1.30535,0.166546,-1.55164
1.30568,0.152831,-1.53838
1.30614,0.139604,-1.52558
1.30813,0.104013,-1.50516
1.30983,0.0810998,-1.5054
1.31148,0.0539424,-1.51211
1.31206,0.0445787,-1.51756
1.3135,0.00508017,-1.5598
1.31343,-0.0201696,-1.58901
1.31289,-0.045175,-1.60077
1.31236,-0.0696836,-1.59486
1.31205,-0.0985071,-1.57318
1.31206,-0.118376,-1.56873
1.31233,-0.162594,-1.5685
1.31233,-0.182674,-1.57596
1.31216,-0.202757,-1.58351
1.31113,-0.257869,-1.59056
1.31073,-0.277887,-1.59091
1.30969,-0.337886,-1.58358
1.30934,-0.367889,-1.5804
1.30883,-0.417947,-1.58236
1.30859,-0.437974,-1.58341
1.30826,-0.463001,-1.58421
1.30799,-0.483022,-1.58448
1.3073,-0.533066,-1.58436
1.30723,-0.53807,-1.58432
1.30703,-0.553083,-1.58426
1.30567,-0.653172,-1.58409
1.30534,-0.678194,-1.5841
1.3046,-0.733244,-1.58415
1.30439,-0.748258,-1.58418
1.30412,-0.768275,-1.58421
1.30379,-0.793298,-1.5842
1.30324,-0.833334,-1.58421
1.30297,-0.853352,-1.58419
1.30236,-0.898392,-1.58419
1.30202,-0.923415,-1.58421
1.30175,-0.943433,-1.5842
1.30148,-0.96345,-1.58422
1.3008,-1.0135,-1.58419
1.30026,-1.05353,-1.5842
1.29992,-1.07855,-1.58421
1.29958,-1.10358,-1.58419
1.29897,-1.14862,-1.58422
1.29864,-1.17364,-1.5842
1.29857,-1.17864,-1.58422
1.29796,-1.22368,-1.58422
1.29755,-1.25371,-1.58421
1.2968,-1.30876,-1.58421
1.29626,-1.3488,-1.58421
1.29592,-1.37382,-1.58419
1.29559,-1.39884,-1.5842
1.29504,-1.43888,-1.58423
1.29443,-1.48392,-1.58424
1.29375,-1.53399,-1.58413
1.29324,-1.57377,-1.5839
1.29286,-1.63418,-1.5827
1.29282,-1.64943,-1.58233
1.29281,-1.66872,-1.58159
1.29286,-1.685,-1.58032
1.29288,-1.68854,-1.57873
1.29288,-1.69051,-1.51806
1.29286,-1.69015,-1.47353
1.29286,-1.69015,-1.47353
1.29281,-1.68975,-1.42151
1.2928,-1.68969,-1.41402
