0.146467,-1.32868,2.6916,0.750043,1.87634,5.65949
0.04045,-1.2775,2.69219,0.850863,1.8011,5.66012
-0.0813938,-1.21877,2.69286,0.920616,1.75383,5.66092
-0.189733,-1.16663,2.69346,1.03482,1.67208,5.66169
-0.31391,-1.10698,2.69417,1.13789,1.59834,5.66248
-0.447166,-1.04308,2.69492,1.27203,1.49855,5.66325
-0.57821,-0.980361,2.69568,1.38913,1.41751,5.66392
-0.700259,-0.922059,2.69638,1.46252,1.36659,5.66481
-0.820089,-0.864921,2.69709,1.58004,1.28292,5.66528
-0.969368,-0.793887,2.69799,1.66267,1.22472,5.66625
-1.11203,-0.726174,2.69917,1.6359,1.16393,5.66866
-1.24356,-0.66395,2.70069,1.70803,1.09164,5.70865
-1.40016,-0.590196,2.70262,1.2908,0.993982,5.71061
-1.50463,-0.541198,2.70395,1.39341,0.995836,0.0145592
-1.61827,-0.488101,2.70547,1.53467,0.998771,0.0167783
-1.7957,-0.405616,2.70785,1.69281,1.00198,0.0189427
-1.85847,-0.380874,2.58052,1.86552,0.999049,6.08142
-1.86077,-0.378941,2.28262,1.74122,0.999165,5.9205
-1.86204,-0.376972,2.03117,1.81092,0.998449,5.56601
-1.86285,-0.37439,1.73483,1.8124,0.996513,5.30856
-1.86291,-0.371957,1.46868,1.73657,0.993978,4.89821
-1.83326,-0.295643,1.19614,1.73658,0.951482,4.64873
-1.77184,-0.139455,1.19669,1.75195,0.80922,4.59441
-1.7206,-0.00887503,1.19725,1.77369,0.63742,4.58335
-1.66214,0.140397,1.19798,1.7659,0.498764,4.56036
-1.61108,0.271046,1.19865,1.77848,0.371208,4.52425
-1.54465,0.441409,1.19956,1.78232,0.3216,4.51252
-1.49289,0.574478,1.20034,1.75062,0.171072,4.51307
-1.434,0.726272,1.20125,1.70803,-0.0289779,4.51405
-1.34458,0.957577,1.20274,1.65569,-0.277992,4.51512
-1.29865,1.07679,1.20354,1.64796,-0.374583,4.5165
-1.24923,1.20539,1.20446,1.62374,-0.495084,4.51724
-1.19097,1.35744,1.20556,1.58667,-0.700292,4.51803
-1.12932,1.51891,1.20678,1.5411,-0.923805,4.51961
-1.08655,1.63129,1.20767,1.49285,-1.1384,4.52046
-1.03767,1.7601,1.20871,1.45726,-1.27159,4.52161
-1.00121,1.86019,1.22348,1.43528,-1.40295,4.5223
-0.998929,1.87058,1.07723,1.4226,-1.49477,4.44249
-0.998008,1.87195,0.900644,1.42093,-1.51721,4.24957
-0.996745,1.87325,0.709248,1.41699,-1.52283,4.10608
-0.994493,1.87465,0.427576,1.41611,-1.52448,3.89734
-0.992153,1.87533,0.166277,1.41759,-1.51187,3.48709
-0.988253,1.87526,-0.250068,1.47529,-0.214693,5.18011
-0.857108,1.80496,-0.569301,1.32364,-1.47235,2.67891
-0.696746,1.70237,-0.568599,1.17367,-1.38679,2.61761
-0.572201,1.62282,-0.568066,1.11526,-1.35473,2.60431
-0.434942,1.53525,-0.567506,1.09388,-1.3631,2.60515
-0.320872,1.46257,-0.567005,0.964095,-1.28362,2.60572
-0.22156,1.39935,-0.56658,0.852924,-1.21794,2.60626
-0.0947391,1.31871,-0.566021,0.699052,-1.12833,2.60704
0.0342408,1.2368,-0.565433,0.534306,-1.03025,2.60741
0.142113,1.16837,-0.564951,0.358145,-0.926843,2.60771
0.273298,1.08526,-0.564365,0.271111,-0.875842,2.60818
0.451109,0.972776,-0.563538,0.216348,-0.844124,2.609
0.544286,0.913916,-0.563127,0.0813124,-0.764298,2.6096
0.696812,0.817687,-0.562408,-0.0318064,-0.697721,2.60984
0.785816,0.761603,-0.561994,-0.176922,-0.612162,2.61051
0.872725,0.706891,-0.561571,-0.259774,-0.563531,2.61095
0.982982,0.637551,-0.561039,-0.355003,-0.5083,2.61153
1.0954,0.566938,-0.560512,-0.540054,-0.40002,2.61224
1.19512,0.504369,-0.560031,-0.63105,-0.346871,2.61253
1.30124,0.437859,-0.559523,-0.730037,-0.289011,2.61312
1.46048,0.338197,-0.558738,-0.91099,-0.18297,2.61358
1.67293,0.205508,-0.557701,-1.20379,-0.0110831,2.61423
1.79833,0.127326,-0.55707,-1.39634,0.104346,2.61474
1.85247,0.0977671,-0.642892,-1.65834,0.350394,2.15837
1.85432,0.0959226,-0.924215,-1.57027,0.203962,2.20612
1.85547,0.0938613,-1.18036,-1.53455,0.185898,2.01891
1.85598,0.0920307,-1.38629,-1.47319,0.168909,1.94963
1.85607,0.0893234,-1.67732,-1.47444,0.152564,1.60046
1.81315,-0.0421067,-1.98102,-1.46853,0.259753,1.27289
1.76318,-0.156944,-1.98072,-1.40318,0.376767,1.17688
1.71627,-0.264926,-1.98035,-1.36708,0.498657,1.21355
1.68435,-0.338455,-1.98009,-1.34405,0.566072,1.21372
1.65545,-0.405099,-1.97982,-1.31284,0.665212,1.1914
1.61959,-0.487841,-1.97945,-1.28555,0.747763,1.19111
1.58377,-0.570595,-1.97908,-1.26558,0.800954,1.19162
1.544,-0.662561,-1.97864,-1.24555,0.867124,1.19197
1.51023,-0.740748,-1.97823,-1.23735,0.89442,1.19238
1.48045,-0.809744,-1.97786,-1.16516,1.06895,1.19315
1.44476,-0.892557,-1.97741,-1.13703,1.15722,1.19327
1.40911,-0.975386,-1.97697,-1.10985,1.2323,1.19392
1.36855,-1.06974,-1.97642,-1.067,1.34739,1.19445
1.34187,-1.13189,-1.97605,-1.04104,1.41292,1.19488
1.30731,-1.21246,-1.97556,-1.01321,1.48576,1.19531
1.26196,-1.31839,-1.9749,-0.977498,1.56981,1.19622
1.21373,-1.43126,-1.97417,-0.939149,1.69551,1.19708
1.18719,-1.49347,-1.97375,-0.935303,1.75279,1.19778
1.15871,-1.5603,-1.9733,-0.907123,1.80539,1.20887
1.13321,-1.62023,-1.97289,-0.891749,1.83728,1.22011
1.09598,-1.70783,-1.97227,-0.86783,1.89061,1.22089
1.06271,-1.78623,-1.97171,-0.838163,1.93277,1.22134
1.04312,-1.84442,-2.00032,-0.817655,1.97421,1.22888
1.04244,-1.84572,-2.15166,-0.814673,1.97668,1.09717
1.04101,-1.84739,-2.38288,-0.812564,1.98015,0.854399
1.03997,-1.84822,-2.52356,-0.806663,1.98117,0.762163
1.03841,-1.84909,-2.71436,-0.809271,1.98347,0.59349
1.03694,-1.84959,-2.87998,-0.804124,1.98293,0.470647
1.03502,-1.84986,-3.08585,-0.805991,1.98363,0.231376
1.02331,-1.84735,3.02937,-0.800908,1.98422,0.0467319
0.944022,-1.83102,2.8718,-0.740178,1.98642,0.0370174
0.862594,-1.80455,2.81754,-0.667744,1.9772,6.19413
0.779495,-1.7766,2.81697,-0.578084,1.96955,6.19186
0.701158,-1.75021,2.81643,-0.512026,1.96314,6.19155
0.618088,-1.72217,2.81586,-0.409423,1.95526,6.19061
0.532914,-1.69337,2.81387,-0.32214,1.94741,6.18444
0.438083,-1.66112,2.81356,-0.251004,1.93868,6.1842
0.381191,-1.64175,2.81336,-0.166304,1.93101,6.18266
0.293479,-1.61188,2.81307,-0.0835712,1.92121,6.18176
0.212879,-1.58439,2.81281,-0.026318,1.91584,6.18195
0.141768,-1.56012,2.81259,0.0683468,1.90612,6.17935
0.0706627,-1.53583,2.81237,1.25459,-0.828016,4.2426
-0.0193976,-1.50504,2.81211,1.22845,-0.923603,4.24237
-0.0999693,-1.47748,2.81188,1.19006,-0.999331,4.2421
-0.190014,-1.44665,2.81164,1.14003,-1.0497,4.2419
-0.277681,-1.41661,2.8114,0.498036,1.85931,6.18051
-0.365342,-1.38655,2.81119,0.557315,1.8531,6.18038
-0.445889,-1.35891,2.811,1.49346,-0.83001,4.02728
-0.543011,-1.32556,2.81077,1.43784,-0.896558,4.02705
-0.611705,-1.30196,2.81061,1.37201,-0.97524,4.02685
-0.694604,-1.27346,2.8104,1.28781,-1.0814,4.02653
-0.7775,-1.24495,2.81021,1.22376,-1.15967,4.02628
-0.876964,-1.2107,2.80997,1.17602,-1.21788,4.02613
-0.955112,-1.18378,2.8098,1.12463,-1.2806,4.02593
-1.03088,-1.15767,2.80963,1.06631,-1.35167,4.02587
-1.11139,-1.1299,2.80943,1.00959,-1.42088,4.02562
-1.17768,-1.10703,2.8093,0.972611,-1.46587,4.02551
-1.23214,-1.08823,2.80916,0.927145,-1.52129,4.0253
-1.31026,-1.06125,2.80899,0.89344,-1.56244,4.02528
-1.38128,-1.0367,2.80883,0.850761,-1.61434,4.02508
-1.44993,-1.01297,2.80868,0.842176,-0.90457,4.0253
-1.52567,-0.986767,2.80852,1.79081,0.375233,5.86733
-1.59194,-0.963831,2.80838,0.701627,-0.71114,4.02468
-1.66531,-0.938426,2.80823,0.595259,-1.84057,4.02441
-1.74578,-0.910553,2.80806,0.554051,-1.52181,4.02419
-1.82387,-0.883485,2.80792,0.550062,-1.57123,4.02359
-1.85612,-0.877162,2.75382,-1.4454,1.77711,1.54759
-1.8572,-0.876625,2.62775,-1.44547,1.78904,1.44167
-1.85835,-0.875842,2.48172,-1.4454,1.80081,1.30412
-1.8596,-0.874658,2.30048,1.22093,-1.6218,4.08107
-1.86057,-0.873395,2.11464,-1.44391,1.80477,1.04663
-1.86118,-0.872207,1.96889,-1.44304,1.8155,0.821667
-1.86156,-0.871074,1.83825,-1.44227,1.81616,0.638746
-1.8618,-0.869713,1.68753,-1.44099,1.85467,0.46009
-1.86183,-0.868145,1.51682,-1.43941,1.85501,0.27174
-1.86129,-0.865601,1.38106,-1.43787,1.85562,0.209122
-1.82788,-0.77467,1.17758,-1.37346,1.85173,0.0781061
-1.77891,-0.656679,1.17793,-1.23795,1.83954,6.20653
-1.71948,-0.513196,1.17848,-1.07904,1.83258,6.21939
-1.67449,-0.404402,1.17896,-0.948716,1.82369,6.22053
-1.61426,-0.258541,1.17965,-0.817689,1.80127,6.22044
-1.57607,-0.165907,1.18012,-0.606723,1.79606,6.2562
-1.52649,-0.045455,1.18075,-0.529803,1.7886,6.25661
-1.4789,0.0703942,1.18139,-0.415452,1.78387,6.25071
-1.42663,0.197865,1.18214,-0.28414,1.77814,6.24528
-1.35647,0.369435,1.18319,-0.147503,1.77446,6.24611
-1.31294,0.476125,1.18387,-0.0879865,1.82115,6.259
-1.27609,0.566603,1.18447,-1.20536,-1.7032,2.20351
-1.24967,0.631576,1.1849,0.0512209,-0.631738,4.02782
-1.22234,0.698882,1.18538,0.934868,-0.680609,4.02836
-1.17717,0.810313,1.18616,0.883816,-0.706055,4.02943
-1.14147,0.898555,1.1868,0.380066,1.72699,6.21578
-1.10396,0.991467,1.18748,0.486783,1.71984,6.2166
-1.06744,1.08208,1.18816,0.588522,1.71336,6.21727
-1.04126,1.14715,1.18867,0.645945,1.7102,6.21777
-1.00859,1.22851,1.1893,0.784944,1.70091,6.21858
-0.986212,1.28431,1.18976,0.850802,1.69619,6.21902
-0.961068,1.3471,1.19025,0.92597,1.69046,6.21964
-0.930381,1.42386,1.19088,1.00045,1.68474,6.22021
-0.903453,1.49133,1.19144,1.09625,1.67919,6.22064
-0.871004,1.57278,1.19212,1.16454,1.67335,6.22117
-0.8474,1.64064,1.19578,1.23829,1.66693,6.22296
-0.846569,1.6467,1.0531,1.24999,1.66469,6.10981
-0.838692,1.65492,0.805962,-0.269857,1.65079,2.34561
-0.717884,1.77159,0.765833,1.41491,1.58767,5.74066
-0.637317,1.84876,0.764484,1.54196,1.53069,5.7392
-0.636357,1.84961,0.639137,1.59104,1.51561,5.64715
-0.634811,1.85052,0.448467,-1.33511,1.78571,1.66137
-0.633305,1.85106,0.277858,-1.33501,1.78703,1.49672
-0.631912,1.85132,0.127341,0.0211197,1.50113,6.19865
-0.628999,1.85116,-0.157758,0.0232817,1.50034,5.9478
-0.565104,1.82802,-0.348769,0.0771447,1.47366,5.78001
-0.461663,1.79011,-0.351899,0.157475,1.41975,5.75632
-0.360557,1.753,-0.351497,0.232288,1.37828,5.74246
-0.254731,1.71421,-0.351055,0.331421,1.31565,5.72875
-0.167705,1.68235,-0.350676,0.385581,1.27242,5.71743
-0.0971344,1.65654,-0.350372,0.426459,1.24129,5.7012
-0.0194952,1.62818,-0.350013,0.432126,1.20521,5.64079
0.0699176,1.59555,-0.349583,0.430314,1.26447,5.77101
0.138164,1.57068,-0.349283,0.465699,1.24908,5.77155
0.211125,1.54411,-0.348934,-1.11965,-0.131396,1.42031
0.305283,1.50987,-0.348475,-1.10812,-0.0547335,1.42063
0.390038,1.47909,-0.348049,-1.10133,-0.00971516,1.42097
0.481872,1.44579,-0.347586,-1.0964,0.0230716,1.42151
0.578432,1.41082,-0.347105,-1.08217,0.118019,1.42166
0.675008,1.3759,-0.346608,-1.06381,0.240898,1.42229
0.752754,1.34783,-0.346183,-1.05044,0.330053,1.42264
0.830512,1.3198,-0.345776,-1.04202,0.386462,1.42312
0.927136,1.28501,-0.345254,-1.02626,0.49228,1.42346
1.02378,1.25027,-0.344725,-1.0113,0.593932,1.42399
1.1393,1.20882,-0.344076,-0.982059,0.790665,1.42491
1.25486,1.16745,-0.343412,-0.962847,0.925032,1.42575
1.3728,1.12531,-0.342716,-0.942573,1.05515,1.42613
1.48369,1.08578,-0.342039,-0.923041,1.19579,1.42719
1.59696,1.04548,-0.341356,-0.907017,1.30596,1.42787
1.69138,1.01196,-0.340783,-0.886841,1.44959,1.4285
1.84142,0.962834,-0.351871,-0.861648,1.6219,1.42933
1.84322,0.961949,-0.563885,-0.853938,1.6536,1.2836
1.84465,0.96081,-0.760239,-0.851253,1.67262,1.0626
1.83879,0.948824,-0.853884,-0.843689,1.69778,0.888924
1.82957,0.940076,-0.910865,-0.848775,1.65344,0.885571
1.82147,0.932763,-0.95582,-0.846947,1.67863,0.802569
1.8155,0.928594,-1.01967,-0.847055,1.67834,0.733952
1.81475,0.910046,-1.09954,-0.843858,1.6813,0.616738
1.82886,0.885279,-1.10336,-0.80991,1.71131,0.702601
1.82951,0.883518,-1.30401,-0.808829,1.71656,0.525375
1.83875,0.851039,-1.43622,-0.774737,1.74109,0.486032
1.83808,0.821721,-1.61655,-0.753886,1.79184,0.122335
1.83274,0.719844,-1.62271,-0.654305,1.79506,0.107023
1.82613,0.592296,-1.62234,-0.530176,1.79508,6.25556
1.82085,0.489754,-1.62202,-0.436401,1.79347,6.25606
1.81496,0.374708,-1.6217,-0.348136,1.78903,6.25647
1.80874,0.252155,-1.62131,-0.206137,1.78854,6.2568
1.80407,0.159612,-1.62102,-0.0266256,1.77906,4.90171
1.80067,0.092083,-1.62084,0.0417896,1.77924,4.90187
1.7958,-0.00546339,-1.62052,0.116588,1.78033,6.25696
1.79045,-0.113017,-1.62019,0.205626,1.77976,6.25726
1.78429,-0.23808,-1.61983,0.344891,1.78434,3.15198
1.77938,-0.338132,-1.61954,0.600484,1.83693,0.0325341
1.77512,-0.425679,-1.61925,0.671564,1.83927,0.0327709
1.77052,-0.520732,-1.61898,0.752422,1.84191,0.0327539
1.76558,-0.623289,-1.61867,0.859743,1.84549,0.032971
1.76115,-0.715842,-1.61839,0.963637,1.84889,0.0331478
1.75758,-0.790887,-1.61817,1.05656,1.85203,0.0334334
1.75379,-0.870934,-1.61794,1.11251,1.85387,0.0337268
1.74955,-0.960989,-1.61768,1.20302,1.85701,0.0340826
1.74627,-1.03103,-1.61746,1.28795,1.8599,0.0344731
1.74195,-1.12359,-1.61718,1.35643,1.8623,0.0347181
1.73813,-1.20615,-1.61693,1.42612,1.86472,0.0351426
1.73466,-1.28119,-1.61673,1.47327,1.86655,0.0354319
1.73122,-1.35624,-1.61648,1.53574,1.86896,0.0357283
1.72802,-1.42629,-1.61628,1.6244,1.87187,0.035837
1.72461,-1.50134,-1.61605,1.67533,1.87382,0.0358927
1.72121,-1.5764,-1.61585,1.73077,1.8759,0.035938
1.71749,-1.65895,-1.61559,1.75464,1.87699,0.0361822
1.71335,-1.75152,-1.61531,1.80257,1.87886,0.0364646
1.71047,-1.8201,-1.61445,1.83633,1.88015,0.036529
1.71032,-1.84109,-1.68209,1.8597,1.88067,0.0290879
1.71014,-1.8425,-1.83297,1.86118,1.88051,6.13929
1.7097,-1.84386,-1.98299,1.85721,1.88001,6.01042
1.70914,-1.84492,-2.10822,1.85667,1.87916,5.8455
1.70827,-1.84613,-2.26355,1.86936,1.87884,5.74713
1.70727,-1.84714,-2.41395,1.8952,1.87894,5.54535
1.70629,-1.84788,-2.54433,1.89589,1.878,5.435
1.70496,-1.84861,-2.70486,1.88489,1.8768,5.2967
1.70364,-1.84909,-2.85533,1.88552,1.87517,5.10779
1.70239,-1.84934,-2.99078,1.88588,1.87433,4.99926
1.70069,-1.84942,3.11184,1.88644,1.87287,4.93693
1.6602,-1.84198,2.97863,1.89697,1.85268,4.64467
1.56417,-1.82161,2.92307,1.8841,1.7568,4.57733
1.47126,-1.80094,2.92247,1.87524,1.69248,4.57294
1.39058,-1.78294,2.92193,1.86104,1.6028,4.57143
1.31017,-1.76496,2.91973,1.84905,1.52706,4.56498
1.24178,-1.74953,2.91963,1.83847,1.45893,4.56443
1.17095,-1.73354,2.91952,1.82609,1.37877,4.56428
1.09768,-1.717,2.9194,1.8186,1.32303,4.5642
1.02928,-1.70155,2.91919,1.80779,1.24946,4.564
0.948661,-1.6833,2.91894,1.7952,1.16039,4.56362
0.85339,-1.66172,2.9188,0.756366,-0.773453,4.26629
0.775222,-1.644,2.91862,1.77237,0.870735,4.58528
0.69218,-1.62516,2.9185,1.76215,0.790897,4.58514
0.616469,-1.60798,2.91844,1.75235,0.714305,4.58509
0.550528,-1.59301,2.9184,1.74267,0.638619,4.58504
0.465048,-1.5736,2.91837,1.73399,0.570871,4.58501
0.391783,-1.55697,2.91837,1.72463,0.497972,4.58491
0.316074,-1.53978,2.91837,1.71873,0.45206,4.58487
0.223271,-1.51871,2.91837,1.71632,0.433286,4.58488
0.110928,-1.4932,2.91836,1.70351,0.333086,4.58501
0.0156791,-1.47158,2.91836,1.68973,0.225546,4.58493
-0.0575884,-1.45494,2.91835,1.68173,0.163145,4.58501
-0.157721,-1.4322,2.91838,1.67414,0.104025,4.585
-0.235871,-1.41446,2.91841,1.6622,0.0105149,4.5852
-0.34089,-1.39062,2.91844,1.6498,-0.0862997,4.5852
-0.465446,-1.36236,2.9185,1.636,-0.188177,4.58499
-0.582677,-1.33576,2.91857,1.61279,-0.37558,4.58497
-0.682814,-1.31305,2.91865,1.59981,-0.476265,4.58502
-0.763414,-1.29478,2.91872,1.58888,-0.562156,4.58507
-0.834245,-1.27873,2.91878,1.57823,-0.644785,4.58506
-0.924618,-1.25826,2.91889,1.56722,-0.731381,4.58519
-1.00767,-1.23945,2.91899,1.55771,-0.805819,4.58517
-1.09071,-1.22065,2.91909,1.54263,-0.923462,4.58552
-1.17132,-1.20242,2.91922,1.53266,-1.00215,4.58571
-1.26415,-1.18143,2.91937,1.52142,-1.0888,4.5858
-1.33011,-1.16653,2.91949,1.51076,-1.17004,4.58605
-1.41561,-1.14723,2.91968,1.50052,-1.25594,4.58613
-1.51089,-1.12574,2.91988,1.48918,-1.3442,4.58638
-1.61839,-1.10151,2.92016,1.47704,-1.44072,4.58657
-1.73811,-1.07456,2.9205,1.46069,-1.56897,4.58686
-1.81286,-1.06149,2.90287,1.45012,-1.6582,4.59195
-1.81513,-1.06102,2.74447,1.44639,-1.67556,4.46369
-1.81612,-1.06053,2.62871,1.44403,-1.68388,4.35063
-1.8175,-1.05956,2.45251,1.44369,-1.68811,4.1855
-1.82943,-1.04688,2.3318,1.43633,-1.69879,3.99051
-1.85001,-1.02442,2.23867,1.40806,-1.72654,3.91719
-1.85097,-1.02293,2.04797,1.40825,-1.71913,3.72464
-1.85149,-1.02169,1.90243,1.40575,-1.72923,3.55584
-1.85189,-1.01991,1.70664,1.40408,-1.73825,3.3643
-1.85196,-1.01846,1.5511,1.40299,-1.72454,3.22306
-1.85115,-1.01512,1.38173,1.40574,-1.70535,3.01019
-1.82511,-0.943446,1.19715,1.37092,-1.68652,2.93209
-1.79591,-0.868853,1.19716,1.27356,-1.71935,2.86115
-1.76209,-0.78257,1.19745,1.18923,-1.70205,2.86561
-1.72738,-0.69394,1.19779,1.1003,-1.68484,2.86182
-1.69544,-0.612296,1.19815,1.01152,-1.65535,2.86218
-1.66444,-0.532974,1.19849,0.933356,-1.62198,2.86267
-1.63256,-0.451304,1.19889,0.972748,-1.64143,2.86837
-1.60253,-0.374291,1.19927,0.938041,-1.6312,2.86872
-1.57162,-0.294933,1.19966,0.863157,-1.61025,2.86872
-1.54075,-0.215561,1.20009,0.770152,-1.58421,2.86939
-1.51172,-0.140847,1.20051,0.70113,-1.56499,2.86974
-1.48543,-0.0731264,1.2009,0.627173,-1.54445,2.87006
-1.46008,-0.0077315,1.20125,0.551611,-1.5235,2.87043
-1.42843,0.0740267,1.20173,0.468363,-1.50045,2.87109
-1.40404,0.137108,1.20211,0.397824,-1.4808,2.87143
-1.37697,0.207209,1.20257,0.347982,-1.46703,2.87189
-1.35083,0.274986,1.20298,0.304653,-1.45537,2.87243
-1.32291,0.347449,1.20345,0.261854,-1.44351,2.87293
-1.30133,0.403558,1.20381,0.233945,-1.43599,2.87329
-1.27527,0.471368,1.20428,0.240006,-1.43803,2.87367
-1.25194,0.532174,1.20469,0.222723,-1.43315,2.87392
-1.23401,0.578954,1.20503,0.169768,-1.41864,2.87463
-1.20714,0.649135,1.20552,0.115284,-1.40408,2.87512
-1.18388,0.70997,1.20596,0.044527,-1.38557,2.87563
-1.14905,0.801243,1.20661,-0.0502949,-1.36537,2.87618
-1.12229,0.871468,1.20714,-0.143382,-1.33423,2.87651
-1.09646,0.939367,1.20766,-0.212229,-1.31467,2.87704
-1.07156,1.00494,1.20816,-0.297425,-1.29183,2.87762
-1.03959,1.08926,1.20882,-0.375618,-1.27082,2.87825
-1.00945,1.16892,1.20947,-0.490947,-1.24008,2.87911
-0.982891,1.23922,1.21005,-0.586739,-1.21347,2.87974
-0.96256,1.29313,1.21048,-0.658598,-1.19422,2.88016
-0.928142,1.38456,1.21127,-0.746938,-1.17052,2.88079
-0.904356,1.44788,1.21181,-0.79393,-1.13921,2.88118
-0.886758,1.49479,1.21221,-0.790222,1.52228,1.48788
-0.868302,1.54405,1.21263,-0.784219,1.61518,1.48808
-0.838465,1.62383,1.21336,-0.777523,1.69903,1.48846
-0.81306,1.69189,1.21398,-0.77352,1.75162,1.48898
-0.791173,1.75066,1.21484,-0.768653,1.81231,1.48989
-0.767426,1.81552,1.21775,-0.762252,1.88719,1.49071
-0.765057,1.83428,1.17401,-0.759693,1.91544,1.46561
-0.764425,1.83559,1.03211,-0.759641,1.91651,1.35914
-0.763778,1.83653,0.915913,-0.759826,1.90671,1.21121
-0.762871,1.83754,0.769752,-0.761459,1.88571,1.03229
-0.761832,1.83841,0.623721,-0.761841,1.86198,0.832875
-0.760929,1.83897,0.507984,-0.760839,1.85876,0.702599
-0.759754,1.83951,0.367156,-0.755526,1.92025,0.591681
-0.758692,1.83983,0.246504,-0.754791,1.92028,0.337411
-0.75766,1.84002,0.130951,-0.753824,1.92048,0.219727
-0.735107,1.8426,0.0368536,-0.746091,1.92108,0.083793
-0.686561,1.84463,0.0201904,-0.702806,1.92196,0.0336528
-0.619785,1.84548,0.0200618,-0.635807,1.92217,0.0390445
-0.611066,1.8448,-0.0911349,-0.616359,1.92038,6.21909
-0.549085,1.83268,-0.223026,-0.579387,1.91333,6.09379
-0.475807,1.8159,-0.227155,-0.513968,1.89488,6.02657
-0.402591,1.79896,-0.227666,-0.431284,1.87272,6.02337
-0.336706,1.78368,-0.22815,-0.369854,1.85829,6.00797
-0.278382,1.77016,-0.230302,-0.31009,1.83656,5.99827
-0.219882,1.75644,-0.230474,-0.247013,1.8278,6.04268
-0.161378,1.74271,-0.23061,-0.188355,1.816,6.04253
-0.102876,1.72897,-0.230755,-0.121776,1.80163,6.04209
-0.0346149,1.71294,-0.231,-0.0508042,1.7845,6.04181
0.0360896,1.69629,-0.231306,0.00894362,1.77129,6.04137
0.106789,1.67963,-0.231598,0.104905,1.73835,6.04086
0.184797,1.66122,-0.231917,0.183732,1.71886,6.04059
0.282297,1.63816,-0.232325,0.266651,1.70361,6.04009
0.369783,1.6174,-0.234071,0.386951,1.63997,5.98527
0.474509,1.59243,-0.234035,0.49498,1.60698,5.9853
0.542707,1.57618,-0.234021,0.584285,1.57937,5.98534
0.647455,1.55122,-0.234027,0.662184,1.55563,5.98521
0.752208,1.52625,-0.233979,0.788706,1.51664,5.98565
0.822858,1.50941,-0.233943,0.870544,1.49176,5.98571
0.883762,1.49489,-0.233901,0.922878,1.47571,5.98571
0.966594,1.47516,-0.233844,0.972592,1.47113,5.98594
1.06161,1.45253,-0.233765,1.09594,1.42813,5.98595
1.16393,1.42816,-0.23367,1.18452,1.40124,5.98611
1.25895,1.40555,-0.233574,1.27477,1.3681,5.9862
1.35153,1.38352,-0.233444,1.37429,1.33768,5.98632
1.43438,1.36383,-0.233346,1.46851,1.31053,5.98652
1.57814,1.32967,-0.233101,1.57524,1.27676,5.98669
1.68535,1.30422,-0.232913,1.73264,1.23388,5.98693
1.7989,1.2776,-0.230649,1.83396,1.20398,5.98726
1.81991,1.27622,-0.343014,1.87719,1.1876,5.94154
1.82122,1.27564,-0.493973,1.87209,1.18679,5.77624
1.82292,1.27446,-0.71036,1.88212,1.18077,5.60566
1.82417,1.27318,-0.916345,1.88315,1.17872,5.37932
1.82569,1.27011,-1.29324,1.88451,1.17691,5.01219
1.83893,1.21428,-1.40696,1.89069,1.14759,4.81698
1.84272,1.17349,-1.52881,1.89723,1.06818,4.76885
1.83751,1.13431,-1.66786,1.89248,1.0596,4.57291
1.8284,1.03872,-1.6832,1.87837,0.984251,4.53884
1.81444,0.951645,-1.74228,1.85742,0.893054,4.47476
1.78712,0.793713,-1.74194,1.84189,0.767863,4.43904
1.77006,0.695001,-1.74174,1.80282,0.626553,4.47036
1.75048,0.581475,-1.74146,1.77833,0.521987,4.47087
1.73432,0.487689,-1.74122,1.76127,0.472586,4.47104
1.71606,0.381555,-1.74091,1.74611,0.352119,4.47142
1.69064,0.233453,-1.74047,1.73176,0.262329,4.47177
1.67162,0.122369,-1.74013,1.6965,0.099091,4.47221
1.65728,0.0384344,-1.73987,1.67256,0.0121369,4.44171
1.63791,-0.0751318,-1.73947,1.65474,-0.0789805,4.45752
1.61984,-0.1813,-1.73913,1.62815,-0.195478,4.47316
1.60097,-0.29241,-1.73875,1.59949,-0.284379,4.47362
1.57922,-0.420815,-1.73828,1.56594,-0.508412,4.47382
1.55753,-0.549232,-1.73778,1.53053,-0.651465,4.47434
1.53216,-0.699888,-1.73719,1.50561,-0.77388,4.47476
1.51351,-0.811039,-1.73676,1.47077,-0.935503,4.47526
1.48996,-0.951842,-1.73617,1.43704,-1.07006,4.47564
1.46731,-1.08772,-1.7356,1.40624,-1.18131,4.47627
1.4431,-1.23349,-1.73495,1.37852,-1.29312,4.47677
1.41532,-1.40152,-1.7342,1.3447,-1.45963,4.47745
1.39091,-1.5498,-1.73349,1.30345,-1.63886,4.47859
1.37672,-1.63631,-1.7331,1.28459,-1.71013,4.47897
1.35692,-1.75743,-1.7325,1.25504,-1.84019,4.47954
1.34738,-1.83369,-1.74802,1.23766,-1.92079,4.48186
1.34684,-1.83601,-1.9303,1.23738,-1.90703,4.32428
1.34615,-1.83757,-2.11744,1.23617,-1.90867,4.12378
1.34505,-1.83902,-2.31884,1.23437,-1.9297,3.99424
1.3438,-1.84014,-2.50014,1.23336,-1.9215,3.83673
1.34249,-1.84094,-2.66623,1.23042,-1.93139,3.64652
1.34073,-1.84162,-2.88278,1.2287,-1.93135,3.32326
1.33763,-1.84226,-3.08565,1.22507,-1.93727,3.19787
1.28816,-1.84425,-3.12877,1.18763,-1.94257,3.09041
1.17493,-1.83275,2.92366,1.10589,-1.9295,2.95099
1.09673,-1.81542,2.9224,1.01661,-1.90437,2.90251
1.03317,-1.80127,2.92244,0.956939,-1.88811,2.90411
0.940378,-1.78071,2.92133,0.868555,-1.86543,2.90299
0.867188,-1.76427,2.92068,0.781785,-1.84825,2.90147
0.808558,-1.75111,2.92073,0.725491,-1.83648,2.90153
0.674194,-1.72097,2.92088,0.623209,-1.81534,2.90693
0.55935,-1.69522,2.92096,0.487714,-1.78848,2.9031
0.439607,-1.66837,2.92111,0.403764,-1.76777,2.90331
0.307642,-1.6388,2.9213,0.283243,-1.7343,2.90196
0.180555,-1.61035,2.92156,0.244866,-1.72868,2.88999
0.112122,-1.59505,2.92168,0.161441,-1.70893,2.88358
0.0461296,-1.5803,2.92183,0.0679549,-1.69132,2.8837
-0.0369744,-1.56174,2.92203,0.00241104,-1.67405,2.8838
-0.117639,-1.54374,2.92224,-0.0923473,-1.64669,2.88415
-0.190974,-1.52739,2.92246,-0.133078,-1.65173,2.90309
-0.249644,-1.51433,2.92263,-0.211792,-1.63067,2.90315
-0.322984,-1.49801,2.92283,-0.262581,-1.62071,2.90338
-0.391441,-1.48279,2.92305,-0.354496,-1.59445,2.9035
-0.469678,-1.46542,2.92329,-0.550758,-1.52678,2.88501
-0.550367,-1.44752,2.92354,-0.619758,-1.50787,2.8854
-0.63595,-1.42856,2.92382,-0.729265,-1.48066,2.88587
-0.728876,-1.40801,2.92413,-0.812426,-1.45418,2.88615
-0.812027,-1.38964,2.92442,-0.88354,-1.43874,2.88632
-0.875615,-1.37561,2.92465,-0.944497,-1.42165,2.88659
-0.946545,-1.35998,2.92491,-1.00741,-1.40242,2.88679
-1.05906,-1.33523,2.92532,-1.08282,-1.38281,2.88709
-1.19606,-1.30515,2.92584,-1.20669,-1.34883,2.88766
-1.38445,-1.26392,2.92658,-1.39067,-1.30301,2.88823
-1.47988,-1.24309,2.92697,-1.48399,-1.27009,2.88859
-1.60224,-1.21644,2.92747,-1.60783,-1.24622,2.88895
-1.6928,-1.19676,2.92786,-1.71676,-1.22237,2.88944
-1.75644,-1.18295,2.92812,-1.79819,-1.20071,2.88966
-1.83329,-1.16974,2.91669,-1.86225,-1.18652,2.89501
-1.83631,-1.16915,2.73044,-1.87082,-1.18125,2.78855
-1.83787,-1.16827,2.54384,-1.87222,-1.18184,2.54348
-1.83909,-1.1673,2.35776,-1.87436,-1.16987,2.36076
-1.84039,-1.16567,2.13147,-1.87425,-1.17492,2.14234
-1.84141,-1.16332,1.85007,-1.88506,-1.14201,1.90382
-1.84173,-1.16082,1.57904,-1.87545,-1.15659,1.60914
-1.83902,-1.14818,1.45207,-1.85781,-1.16052,1.47963
-1.81333,-1.02169,1.35845,-1.89349,-1.07008,1.37564
-1.79057,-0.916405,1.35756,-1.83568,-0.945038,1.35309
-1.76558,-0.801648,1.35519,-1.84648,-0.840758,1.3427
-1.75058,-0.733162,1.355,-1.82536,-0.769747,1.34114
-1.73556,-0.664678,1.35479,-1.81167,-0.690451,1.34897
-1.71246,-0.559482,1.35429,-1.79094,-0.600965,1.34831
-1.68443,-0.432283,1.35366,-1.75691,-0.457051,1.34749
-1.66282,-0.334449,1.35319,-1.73588,-0.353469,1.34709
-1.63953,-0.22929,1.35266,-1.71695,-0.262951,1.34607
-1.60586,-0.0776851,1.35189,-1.68513,-0.137957,1.34474
-1.5704,0.0809446,1.3499,-1.6498,-0.00145877,1.34417
-1.52762,0.271508,1.34984,-1.62307,0.136721,1.34416
-1.49908,0.398576,1.34987,-1.5816,0.318459,1.34413
-1.45518,0.594062,1.34991,-1.53312,0.503802,1.34428
-1.42445,0.730903,1.35,-1.49961,0.652769,1.3443
-1.38387,0.911738,1.35014,-1.45899,0.827637,1.34451
-1.3592,1.02171,1.35025,-1.41808,1.0092,1.34415
-1.33783,1.11702,1.35036,-1.39116,1.11389,1.34445
-1.31374,1.22455,1.35053,-1.37071,1.2189,1.34469
-1.29296,1.31742,1.35073,-1.34559,1.31918,1.34492
-1.27327,1.40541,1.35092,-1.32565,1.39285,1.34502
-1.25197,1.50073,1.35115,-1.30727,1.48196,1.34521
-1.22906,1.6034,1.35143,-1.2824,1.59306,1.34545
-1.20563,1.70852,1.35173,-1.26264,1.68811,1.34593
-1.18387,1.80631,1.35206,-1.24131,1.79151,1.3461
-1.17256,1.86802,1.31258,-1.22569,1.86054,1.36152
-1.17187,1.86996,1.09632,-1.22368,1.87196,1.17025
-1.17006,1.87237,0.779767,-1.22459,1.85847,0.911173
-1.16796,1.8739,0.503638,-1.22217,1.86131,0.599875
-1.16545,1.8748,0.217634,-1.21995,1.86207,0.294572
-1.16274,1.87496,-0.0733837,-1.21357,1.87731,6.15571
-1.14772,1.86771,-0.29438,-1.20983,1.87661,5.94106
-1.02143,1.80773,-0.513084,-1.12273,1.80926,5.70337
-0.916676,1.74872,-0.512629,-1.00884,1.74684,5.71457
-0.79224,1.67872,-0.512085,-0.930605,1.69624,5.72401
-0.696158,1.62473,-0.51164,-0.826633,1.64634,5.72573
-0.586945,1.56343,-0.511137,-0.719603,1.59089,5.73472
-0.486441,1.50709,-0.510647,-0.633148,1.53904,5.73766
-0.394652,1.45569,-0.510218,-0.518332,1.47947,5.73829
-0.305029,1.40554,-0.509772,-0.491682,1.43381,5.72838
-0.180392,1.3359,-0.509178,-0.383341,1.43328,5.79045
-0.0688398,1.27365,-0.508626,-0.293789,1.38529,5.79099
0.0514999,1.20659,-0.508024,-0.174605,1.32131,5.79162
0.158746,1.14691,-0.507497,-0.0460935,1.25308,5.79242
0.268213,1.08606,-0.506943,0.0586832,1.19706,5.7929
0.390858,1.01799,-0.506304,0.160274,1.14268,5.79334
0.476296,0.970631,-0.505862,0.340735,1.04146,5.79331
0.570521,0.918456,-0.505369,0.493667,0.977402,5.79353
0.66258,0.867539,-0.504893,0.557641,0.931328,5.79501
0.807292,0.787615,-0.504126,0.702087,0.843699,5.7959
0.921352,0.724723,-0.503535,0.836565,0.778216,5.79685
1.04862,0.654657,-0.50285,1.02256,0.679126,5.79767
1.18032,0.582265,-0.502148,1.14909,0.610493,5.7984
1.27474,0.530442,-0.501631,1.24363,0.550527,5.79893
1.37138,0.477464,-0.501087,1.34606,0.503767,5.79941
1.50102,0.406506,-0.50039,1.43755,0.454945,5.79998
1.6285,0.336841,-0.499675,1.57622,0.3809,5.80081
1.74293,0.274427,-0.498812,1.69939,0.31019,5.80164
1.84769,0.21771,-0.496323,1.81013,0.260995,5.80262
1.86449,0.212925,-0.639019,1.84425,0.246935,5.74339
1.86592,0.211619,-0.83559,1.82514,0.251858,5.55059
1.86701,0.210129,-1.03655,1.82532,0.25598,5.29167
1.86789,0.20806,-1.28261,1.83653,0.251901,5.15319
1.86823,0.20563,-1.54892,1.83699,0.247302,4.85216
1.86589,0.198064,-1.75921,1.84758,0.244697,4.65998
1.81737,0.0696803,-2.00821,1.82358,0.138327,4.3362
1.75901,-0.0551142,-2.00779,1.81208,0.0087092,4.28134
1.69437,-0.193571,-2.00721,1.77204,-0.0511203,4.24538
1.64674,-0.295735,-2.00674,1.59695,-0.181932,4.26916
1.58648,-0.425177,-2.0061,1.62287,-0.295457,4.24709
1.52419,-0.559201,-2.0054,1.56593,-0.441122,4.24706
1.44095,-0.738729,-2.00439,1.54286,-0.585558,4.24586
1.36734,-0.897878,-2.00343,1.45543,-0.791603,4.24785
1.31171,-1.01842,-2.00268,1.3662,-0.954646,4.24862
1.25827,-1.13446,-2.00192,1.31896,-1.05374,4.24946
1.20074,-1.25965,-2.00107,1.26881,-1.1674,4.25032
1.15166,-1.36667,-2.00034,1.20738,-1.28364,4.25095
1.09745,-1.48511,-1.99948,1.14923,-1.4126,4.25176
1.04127,-1.60816,-1.99859,1.08918,-1.53577,4.25273
0.969637,-1.76546,-1.99739,1.00975,-1.68038,4.254
0.938784,-1.84407,-2.11247,0.946682,-1.82056,4.2473
0.936655,-1.84649,-2.45476,0.945741,-1.81084,3.83646
0.933492,-1.84814,-2.83654,0.941649,-1.8247,3.45423
0.930322,-1.84851,3.10526,0.938975,-1.79772,3.10054
0.83042,-1.82437,2.8266,0.865714,-1.82628,2.88931
0.698183,-1.77669,2.79222,0.69899,-1.7782,2.82365
0.536082,-1.71746,2.78945,0.549059,-1.74167,2.82718
0.416216,-1.67338,2.78881,0.393517,-1.7009,2.8269
0.284607,-1.62486,2.78789,0.275382,-1.67265,2.82625
0.153329,-1.57624,2.78582,0.166382,-1.60497,2.8213
0.0171966,-1.52562,2.78528,0.119216,-1.55793,2.79701
-0.156489,-1.46091,2.78465,-0.0350655,-1.50445,2.7965
-0.306669,-1.40486,2.78413,-0.169494,-1.44934,2.79602
-0.468548,-1.34434,2.78359,-0.34358,-1.39018,2.79507
-0.595213,-1.29691,2.78318,-0.438757,-1.35262,2.79436
-0.700752,-1.25735,2.78285,-0.658669,-1.27598,2.79436
-0.827383,-1.20984,2.78247,-0.759184,-1.23609,2.7941
-0.935239,-1.16932,2.78215,-0.872258,-1.19404,2.79352
-1.03605,-1.13142,2.78183,-0.987966,-1.15207,2.79323
-1.14623,-1.08995,2.78148,-1.09489,-1.11125,2.79289
-1.25404,-1.04933,2.78115,-1.19762,-1.07066,2.79261
-1.3595,-1.00956,2.78083,-1.27364,-1.03906,2.79235
-1.5001,-0.956476,2.78042,-1.43983,-0.990924,2.79218
-1.5985,-0.919284,2.78011,-1.53284,-0.953891,2.7918
-1.70392,-0.879403,2.77982,-1.65153,-0.914669,2.79151
-1.83236,-0.831489,2.78662,-1.76865,-0.874596,2.79128
-1.84659,-0.829418,2.65351,-1.8226,-0.843391,2.7253
-1.84867,-0.827887,2.38162,-1.83106,-0.840575,2.50249
-1.85007,-0.826159,2.14523,-1.83328,-0.840913,2.24361
-1.85115,-0.823821,1.84893,-1.83456,-0.83474,1.9836
-1.85144,-0.820765,1.51241,-1.84751,-0.830273,1.62333
-1.82728,-0.72682,1.30576,-1.82121,-0.762499,1.27457
-1.7899,-0.589046,1.30606,-1.77912,-0.629985,1.26199
-1.76172,-0.485098,1.30625,-1.794,-0.551843,1.32218
-1.72636,-0.354552,1.30656,-1.76107,-0.421172,1.32241
-1.69955,-0.255423,1.30684,-1.73382,-0.292191,1.32268
-1.67276,-0.156288,1.30714,-1.71038,-0.216603,1.3229
-1.64666,-0.0595603,1.30748,-1.68003,-0.118065,1.32323
-1.61343,0.0637781,1.30792,-1.66306,-0.0218723,1.32397
-1.57246,0.216161,1.30851,-1.63734,0.0583295,1.32433
-1.51992,0.412122,1.30938,-1.60695,0.182752,1.32509
-1.47853,0.566989,1.31009,-1.5431,0.428933,1.32586
-1.44434,0.69526,1.31069,-1.50365,0.57735,1.32676
-1.41666,0.799347,1.31124,-1.47802,0.683858,1.32712
-1.38968,0.901028,1.31177,-1.45072,0.77454,1.3276
-1.35827,1.01967,1.31239,-1.42343,0.890623,1.328
-1.33332,1.11412,1.31292,-1.37381,1.07655,1.32872
-1.29759,1.24976,1.31368,-1.33954,1.19655,1.31273
-1.26133,1.38785,1.31451,-1.30359,1.33457,1.29775
-1.21759,1.55506,1.31557,-1.26037,1.49971,1.29849
-1.16458,1.75868,1.31691,-1.19646,1.70408,1.29999
-1.14988,1.8313,1.26193,-1.17427,1.81569,1.30514
-1.14828,1.83435,0.899654,-1.17313,1.82583,1.05923
-1.14561,1.83661,0.52785,-1.1652,1.82852,0.70716
-1.14375,1.8374,0.312004,-1.1524,1.83574,0.44397
-1.13975,1.83842,0.0706322,-1.15135,1.83562,0.220512
-1.07577,1.84412,0.10137,-1.11177,1.84266,0.13153
-1.05194,1.84628,-0.0262239,-1.08009,1.81019,0.111194
-0.971527,1.83228,-0.227073,-1.04344,1.80599,6.15893
-0.792362,1.77289,-0.337236,-0.875859,1.75024,5.93085
-0.681522,1.73398,-0.339603,-0.721857,1.72688,5.92797
-0.532774,1.68138,-0.340302,-0.566494,1.69249,5.92451
-0.341561,1.61357,-0.341443,-0.380358,1.62914,5.92273
-0.235361,1.57578,-0.342126,-0.327535,1.59657,5.92247
-0.134151,1.53971,-0.344232,-0.183665,1.55245,5.91682
-0.00215579,1.49237,-0.344611,-0.0863782,1.50602,5.91468
0.127473,1.44583,-0.345032,0.00865233,1.47517,5.90262
0.228819,1.40938,-0.345327,0.198793,1.39879,5.90141
0.349006,1.36612,-0.345662,0.290755,1.36769,5.90108
0.495098,1.31347,-0.346054,0.447488,1.29698,5.89702
0.692994,1.24205,-0.346614,0.659116,1.21045,5.89625
0.798995,1.20374,-0.346896,0.794246,1.1597,5.89629
0.902627,1.16625,-0.347173,0.89589,1.11803,5.89607
1.01096,1.12703,-0.347463,0.984883,1.0784,5.89582
1.15695,1.07411,-0.347869,1.14725,1.01767,5.89538
1.2582,1.03738,-0.348137,1.24805,0.972951,5.89514
1.39474,0.987797,-0.348479,1.38468,0.913873,5.89428
1.47949,0.956998,-0.348694,1.47995,0.879361,5.89415
1.60424,0.911613,-0.34902,1.57277,0.839411,5.89369
1.72662,0.86705,-0.349315,1.70382,0.790583,5.89324
1.83207,0.832651,-0.411178,1.80713,0.746247,5.90825
1.83408,0.831429,-0.657972,1.81621,0.743353,5.71577
1.8358,0.829658,-0.919663,1.82539,0.736979,5.41714
1.83681,0.82803,-1.14064,1.81977,0.73586,5.14132
1.83744,0.826063,-1.36672,1.82445,0.732164,4.94982
1.8427,0.785429,-1.44546,1.82173,0.713942,4.75416
1.83812,0.755641,-1.68886,1.88765,0.673422,4.55478
1.81077,0.637962,-1.87651,1.81712,0.56379,4.36046
1.76473,0.492269,-1.87708,1.783,0.440043,4.36128
1.72769,0.375258,-1.87752,1.74863,0.340582,4.35801
1.68908,0.253489,-1.87797,1.69462,0.194187,4.35516
1.6527,0.138898,-1.87838,1.66572,0.127473,4.35437
1.6178,0.0290949,-1.87876,1.69083,0.108357,4.362
1.57448,-0.106946,-1.87923,1.63423,-0.032014,4.3616
1.51891,-0.281144,-1.87985,1.57949,-0.201307,4.36118
1.47239,-0.42668,-1.88038,1.52471,-0.334406,4.36059
1.39444,-0.669985,-1.88128,1.40677,-0.656289,4.35992
1.32317,-0.891758,-1.8821,1.31808,-0.898765,4.35916
1.26633,-1.06818,-1.88275,1.26194,-1.06156,4.35835
1.2217,-1.20643,-1.88328,1.21279,-1.19998,4.35793
1.18085,-1.33274,-1.88376,1.17348,-1.30332,4.35746
1.13145,-1.48525,-1.88434,1.13637,-1.4117,4.35708
1.07885,-1.64725,-1.88496,1.06421,-1.5998,4.35633
1.04244,-1.7592,-1.8854,1.01403,-1.73209,4.35565
1.01694,-1.84692,-1.9075,0.976251,-1.84787,4.37593
1.0146,-1.85058,-2.36527,0.96676,-1.85283,4.03564
1.01181,-1.85242,-2.72192,0.963484,-1.85836,3.56
1.00637,-1.85308,2.96917,0.95624,-1.8632,3.02308
0.853794,-1.78259,2.69964,0.865811,-1.82482,2.64036
0.702086,-1.71084,2.70019,0.69856,-1.73987,2.6573
0.518616,-1.62422,2.70095,0.503779,-1.68998,2.69748
0.335082,-1.53774,2.70173,0.330523,-1.59974,2.70476
0.190019,-1.46951,2.70237,0.19622,-1.5618,2.71172
-0.0072475,-1.37692,2.70327,0.0438186,-1.49451,2.71262
-0.129732,-1.31954,2.70384,0.00801982,-1.49032,2.71346
-0.231827,-1.27177,2.70435,-0.119327,-1.43123,2.71397
-0.40658,-1.19016,2.7052,-0.256503,-1.36517,2.71466
-0.629095,-1.08651,2.70633,-0.449157,-1.26687,2.71542
-0.788107,-1.01264,2.70716,-0.728888,-1.15904,2.71666
-0.942636,-0.940995,2.70797,-0.916477,-1.06801,2.71718
-0.974837,-0.931963,2.78775,-0.98563,-1.03087,2.72491
-0.973645,-0.932312,3.00878,-0.993201,-1.02768,2.92724
-1.08145,-0.938977,-2.97737,-1.02717,-1.03121,3.19761
-1.17152,-0.957426,-2.9141,-1.15614,-1.05732,3.35818
-1.28342,-0.983071,-2.95147,-1.24523,-1.0687,3.31346
-1.35815,-0.994947,-3.00689,-1.31794,-1.07781,3.25188
-1.43286,-1.00464,-3.01582,-1.38869,-1.09208,3.21979
-1.48197,-1.0106,-2.93349,-1.46297,-1.10234,3.22678
-1.48101,-1.01056,-2.78699,-1.48129,-1.10526,3.44129
-1.48002,-1.01047,-2.63568,-1.47573,-1.10857,3.54215
-1.47846,-1.01017,-2.38796,-1.47436,-1.10848,3.79464
-1.47792,-1.00974,-2.26878,-1.47485,-1.10885,3.92705
-1.47736,-1.00903,-2.10753,-1.48192,-1.10723,4.08971
-1.477,-1.00841,-1.97844,-1.47401,-1.10522,4.24349
-1.4766,-1.00727,-1.76017,-1.46759,-1.10441,4.48589
-1.47648,-1.00609,-1.55934,-1.4728,-1.1029,4.7252
-1.47648,-1.00472,-1.35127,-1.4732,-1.10206,4.95831
-1.47652,-1.0038,-1.21273,-1.47546,-1.10051,5.09159
-1.47669,-1.00218,-0.970312,-1.47607,-1.10007,5.28863
-1.47698,-1.00099,-0.7847,-1.47717,-1.09902,5.55273
-1.4775,-1.00041,-0.653356,-1.47793,-1.09868,5.65455
-1.47811,-0.999961,-0.521966,-1.47869,-1.10391,5.7951
-1.47852,-0.999721,-0.437648,-1.47846,-1.10778,5.88416
-1.4794,-0.999351,-0.266611,-1.4803,-1.09797,6.07341
-1.43905,-1.00812,-0.172906,-1.46279,-1.105,6.17158
-1.37674,-1.01781,-0.140964,-1.40638,-1.10671,6.20077
-1.32505,-1.02496,-0.134967,-1.34377,-1.11051,6.19521
-1.27432,-1.03164,-0.12718,-1.30488,-1.11373,6.19939
-1.23947,-1.03602,-0.12301,-1.26675,-1.11443,6.19895
-1.17371,-1.04395,-0.117352,-1.21301,-1.11227,6.20488
-1.12981,-1.04917,-0.119194,-1.16281,-1.11686,6.20463
-1.09291,-1.05361,-0.120618,-1.14803,-1.11696,6.20622
-1.05102,-1.05875,-0.123368,-1.10193,-1.11735,6.20481
-0.974263,-1.06851,-0.128656,-1.04585,-1.11821,6.2033
-0.903529,-1.07794,-0.1352,-0.960866,-1.11937,6.19821
-0.816939,-1.09013,-0.143331,-0.880955,-1.12195,6.22877
-0.718571,-1.10657,-0.181894,-0.790185,-1.15506,6.15783
-0.65836,-1.11656,-0.147628,-0.712725,-1.17769,6.16611
-0.597873,-1.12413,-0.102687,-0.642279,-1.18764,6.20623
-0.510025,-1.13148,-0.0700247,-0.552475,-1.19102,6.23739
-0.448937,-1.13561,-0.0659441,-0.497341,-1.19316,6.24026
-0.399843,-1.13883,-0.0651552,-0.462458,-1.19503,6.24139
-0.325696,-1.14365,-0.064479,-0.395618,-1.19705,6.24225
-0.25855,-1.14803,-0.0656255,-0.301798,-1.19815,6.24178
-0.199395,-1.15213,-0.0724352,-0.234807,-1.19939,6.24134
-0.140236,-1.1568,-0.084548,-0.184642,-1.20141,6.23594
-0.101109,-1.16008,-0.160436,-0.0998827,-1.20442,6.19253
-0.0999214,-1.16021,-0.283187,-0.0946139,-1.20459,6.08328
-0.0983911,-1.1605,-0.44082,-0.090995,-1.20509,5.94185
-0.0964106,-1.16164,-0.6761,-0.0821201,-1.20729,5.72224
-0.0951172,-1.16291,-0.861687,-0.0831667,-1.20863,5.53771
-0.0941263,-1.16432,-1.04006,-0.0818338,-1.20972,5.36019
-0.0930128,-1.16741,-1.37946,-0.08362,-1.21185,5.03898
-0.0928669,-1.16936,-1.57552,-0.0835737,-1.21481,4.78074
-0.0929811,-1.17113,-1.76364,-0.0913694,-1.2165,4.60009
-0.0932172,-1.17277,-1.93138,-0.0806444,-1.21805,4.41291
-0.0944299,-1.17548,-2.234,-0.0819178,-1.22018,4.14864
-0.095312,-1.17645,-2.36682,-0.0834616,-1.22197,3.95927
-0.09703,-1.17777,-2.58776,-0.0720398,-1.22269,3.75877
-0.09972,-1.17887,-2.88683,-0.0718335,-1.2231,3.52096
-0.102295,-1.17915,3.13491,-0.0811802,-1.22352,3.24575
-0.105214,-1.17887,3.03609,-0.0771848,-1.22222,3.00006
-0.148323,-1.17725,-3.12695,-0.107053,-1.22347,3.16152
-0.241337,-1.18112,-3.0854,-0.183825,-1.22808,3.23196
-0.308669,-1.18427,-3.10301,-0.250417,-1.23303,3.22855
-0.410211,-1.18694,-3.1227,-0.349052,-1.23607,3.19817
-0.513574,-1.18945,-3.11369,-0.440884,-1.24045,3.20128
-0.616232,-1.19277,-3.10632,-0.547059,-1.24242,3.20644
-0.734028,-1.19746,-3.09902,-0.648328,-1.24294,3.21399
-0.849783,-1.20284,-3.09238,-0.774625,-1.24879,3.21904
-0.908144,-1.20582,-3.0883,-0.837172,-1.25183,3.22237
-0.969511,-1.20922,-3.08409,-0.890054,-1.26043,3.2257
-1.05408,-1.21397,-3.08615,-0.952796,-1.26302,3.22381
-1.1537,-1.21965,-3.08341,-1.07308,-1.26646,3.2249
-1.20293,-1.22272,-3.07497,-1.15898,-1.26522,3.22944
-1.26606,-1.22772,-3.05278,-1.20307,-1.264,3.22994
-1.36189,-1.23848,-3.0132,-1.30592,-1.27452,3.26495
-1.46461,-1.25279,-2.99604,-1.40251,-1.28322,3.28831
-1.50482,-1.25832,-2.93624,-1.45961,-1.29501,3.30086
-1.50314,-1.25833,-2.65403,-1.47605,-1.30292,3.5627
-1.50224,-1.25822,-2.51482,-1.47647,-1.30205,3.75119
-1.50111,-1.25779,-2.31387,-1.47587,-1.29906,3.90523
-1.50008,-1.25641,-2.0061,-1.49218,-1.29846,4.21482
-1.49959,-1.25508,-1.75056,-1.4911,-1.29768,4.43933
-1.49949,-1.25407,-1.57706,-1.50752,-1.27944,4.74106
-1.49949,-1.25253,-1.34174,-1.50819,-1.27245,4.91098
-1.49953,-1.25148,-1.18592,-1.5395,-1.26853,5.10864
-1.49974,-1.24978,-0.931002,-1.54008,-1.26658,5.37605
-1.5,-1.24882,-0.777652,-1.54059,-1.2654,5.45958
-1.50078,-1.24804,-0.589239,-1.54269,-1.2645,5.6006
-1.50181,-1.24743,-0.378463,-1.65243,-1.25261,5.86986
-1.49272,-1.24896,-0.130011,-1.65378,-1.25241,6.14779
-1.36812,-1.2621,-0.0935507,-1.53655,-1.26088,6.19735
-1.28408,-1.27065,-0.107305,-1.46383,-1.26667,6.1936
-1.18721,-1.28187,-0.120403,-1.35089,-1.28004,6.1822
-1.13036,-1.28882,-0.12252,-1.27965,-1.28302,6.18469
-0.99282,-1.30652,-0.130366,-1.0826,-1.32242,6.14302
-0.932162,-1.31348,-0.0983762,-0.99113,-1.33846,6.16277
-0.851275,-1.32003,-0.0686383,-0.90574,-1.34951,6.20929
-0.788137,-1.32445,-0.0719664,-0.852823,-1.35787,6.21662
-0.724998,-1.32925,-0.0790263,-0.803571,-1.36664,6.2269
-0.667887,-1.33405,-0.0879525,-0.78006,-1.4119,6.2258
-0.59395,-1.33938,-0.0586266,-0.708919,-1.44436,6.24633
-0.536001,-1.34156,-0.0186078,-0.649314,-1.44314,0.0255548
-0.455681,-1.34314,-0.0210953,-0.543209,-1.44121,0.0253113
-0.401464,-1.34434,-0.0227178,-0.483809,-1.4401,0.0233106
-0.347259,-1.34556,-0.0224824,-0.436888,-1.43934,0.022324
-0.29005,-1.34681,-0.0210549,-0.352666,-1.44112,0.0228725
-0.204779,-1.34811,-0.0109464,-0.28164,-1.43591,0.0291881
-0.0727921,-1.35002,-0.0167566,-0.151957,-1.43134,0.0274688
-0.0678957,-1.3502,-0.233217,-0.0980553,-1.43969,6.13958
-0.0661678,-1.35049,-0.411017,-0.0960521,-1.44002,5.9764
-0.064711,-1.3511,-0.573626,-0.0830279,-1.44239,5.75591
-0.0631523,-1.35237,-0.779114,-0.0863924,-1.44163,5.62776
-0.0618958,-1.35393,-0.984983,-0.0804529,-1.44334,5.31575
-0.0614094,-1.35477,-1.08552,-0.0796965,-1.43369,5.24271
-0.0608764,-1.35603,-1.22631,-0.0709373,-1.43331,5.10888
-0.0604533,-1.35779,-1.4124,-0.0707181,-1.43525,4.90615
-0.0603606,-1.35953,-1.58832,-0.0706718,-1.43633,4.75395
-0.0604852,-1.36128,-1.77386,-0.0752728,-1.437,4.59748
-0.0607222,-1.3629,-1.93908,-0.0714489,-1.43857,4.45166
-0.0612501,-1.36458,-2.11655,-0.0791782,-1.43287,4.23478
-0.0622199,-1.3659,-2.28172,-0.0797784,-1.43424,4.06367
-0.0643509,-1.36773,-2.56776,-0.0810408,-1.44256,3.78815
-0.0661288,-1.3686,-2.77131,-0.0829288,-1.41738,3.56449
-0.0677639,-1.36905,-2.94475,-0.0849765,-1.41305,3.45469
-0.0706632,-1.36917,3.0395,-0.0880213,-1.41286,3.12131
-0.133967,-1.36254,3.06691,-0.162093,-1.35029,2.97505
-0.199963,-1.36396,-3.03379,-0.235425,-1.35587,3.14519
-0.286097,-1.37897,-2.92544,-0.328443,-1.37265,3.2864
-0.40904,-1.40453,-2.94486,-0.433877,-1.39143,3.28541
-0.467341,-1.41556,-2.96321,-0.508734,-1.39341,3.27123
-0.541513,-1.42862,-2.97013,-0.585642,-1.41451,3.26532
-0.672307,-1.45018,-2.98283,-0.699334,-1.41779,3.25422
-0.748549,-1.46263,-2.97663,-0.814519,-1.43646,3.25821
-0.794095,-1.47021,-2.97696,-0.827318,-1.45355,3.27012
-0.84878,-1.47872,-2.99678,-0.858555,-1.47461,3.2839
-0.939964,-1.48886,-3.05468,-0.940273,-1.47535,3.22802
-1.03204,-1.49647,-3.06122,-1.02989,-1.50564,3.22799
-1.11142,-1.50142,-3.09443,-1.092,-1.54187,3.21415
-1.18678,-1.50374,-3.13867,-1.14072,-1.5539,3.18358
-1.25546,-1.50135,3.07816,-1.23251,-1.55437,3.12349
-1.30471,-1.49756,3.05457,-1.27668,-1.55456,3.10585
-1.37082,-1.49108,3.03559,-1.33411,-1.55114,3.09783
-1.44577,-1.48251,3.02163,-1.38686,-1.54778,3.08963
-1.49534,-1.47672,3.0304,-1.43655,-1.55029,3.09194
-1.49371,-1.47677,-3.00135,-1.44778,-1.54693,3.25096
-1.49246,-1.47674,-2.80899,-1.44532,-1.54309,3.42504
-1.49151,-1.47671,-2.66012,-1.44534,-1.54245,3.61978
-1.49075,-1.47661,-2.54343,-1.4461,-1.54143,3.71758
-1.49021,-1.47651,-2.4566,-1.44447,-1.54112,3.84318
-1.48932,-1.47605,-2.28795,-1.4423,-1.54009,3.99215
-1.48863,-1.47518,-2.08949,-1.44176,-1.53903,4.20274
-1.48805,-1.47394,-1.84376,-1.45256,-1.536,4.39735
-1.48832,-1.47375,-1.55194,-1.45753,-1.52939,4.67375
-1.48832,-1.47236,-1.33895,-1.4717,-1.52778,4.93518
-1.48837,-1.47128,-1.17817,-1.48054,-1.52631,5.12752
-1.48842,-1.47072,-1.0941,-1.48101,-1.52584,5.20158
-1.48852,-1.46997,-0.982705,-1.51213,-1.45438,5.25978
-1.48894,-1.46853,-0.750109,-1.61468,-1.44862,5.48229
-1.48953,-1.46797,-0.611223,-1.61561,-1.44796,5.70724
-1.48998,-1.46765,-0.51461,-1.61608,-1.44767,5.80833
-1.49081,-1.46722,-0.348439,-1.61679,-1.44751,5.95704
-1.49145,-1.467,-0.227058,-1.61736,-1.44713,6.01948
-1.44589,-1.47298,-0.0993711,-1.5907,-1.44984,6.18622
-1.35292,-1.48281,-0.110635,-1.49826,-1.45915,6.19324
-1.282,-1.49143,-0.128934,-1.38487,-1.48477,6.12865
-1.20736,-1.49955,-0.0916789,-1.27823,-1.55447,6.20388
-1.10939,-1.50757,-0.0752886,-1.15976,-1.68211,6.23225
-1.03379,-1.51035,-0.00654294,-1.10755,-1.67753,0.0554001
-0.971456,-1.51114,-0.0201187,-1.0326,-1.67804,0.0388929
-0.925265,-1.51214,-0.0224504,-0.996451,-1.67913,0.0201995
-0.83401,-1.51326,-0.00558204,-0.930863,-1.67739,0.0288147
-0.714601,-1.51329,0.002076,-0.760931,-1.67043,0.0443245
-0.625234,-1.51327,-0.00110652,-0.690709,-1.66826,0.043518
-0.528842,-1.51352,-0.00449682,-0.589997,-1.66519,0.040241
-0.473622,-1.5138,-0.00585264,-0.537467,-1.66224,0.0393609
-0.415382,-1.51418,-0.00733978,-0.494407,-1.65528,0.0423627
-0.325967,-1.51537,-0.0184689,-0.372833,-1.65289,0.0319208
-0.290839,-1.51602,-0.0175297,-0.325817,-1.65039,0.0316354
-0.238637,-1.51692,-0.0174838,-0.289084,-1.65034,0.0331496
-0.189454,-1.51775,-0.0163777,-0.241105,-1.64881,0.03387
-0.133245,-1.51863,-0.0150751,-0.174158,-1.64823,0.0355371
-0.110082,-1.51893,-0.041384,-0.153728,-1.64646,0.0383902
-0.108583,-1.51904,-0.199484,-0.127294,-1.64698,6.17606
-0.10717,-1.51924,-0.344898,-0.126296,-1.64732,6.01693
-0.10506,-1.51999,-0.575069,-0.131256,-1.64922,5.80857
-0.103839,-1.52094,-0.732897,-0.124002,-1.64789,5.62828
-0.102683,-1.5222,-0.908546,-0.12302,-1.64949,5.41718
-0.10207,-1.5231,-1.02158,-0.122053,-1.6478,5.32662
-0.101377,-1.52452,-1.18504,-0.120925,-1.64895,5.18349
-0.100809,-1.5267,-1.41635,-0.115363,-1.6508,4.98437
-0.100608,-1.5295,-1.59353,-0.119805,-1.65247,4.74767
-0.100761,-1.53142,-1.79691,-0.114999,-1.6543,4.60966
-0.100947,-1.53268,-1.92477,-0.111096,-1.65616,4.43904
-0.101944,-1.53514,-2.19494,-0.113698,-1.65801,4.16097
-0.10366,-1.53695,-2.44806,-0.11369,-1.6593,3.93446
-0.104787,-1.53775,-2.58868,-0.132237,-1.66613,3.76602
-0.10601,-1.53837,-2.72938,-0.132807,-1.66656,3.59095
-0.10705,-1.53874,-2.8425,-0.13405,-1.66686,3.48554
-0.108695,-1.53907,-3.01346,-0.133344,-1.66696,3.32362
-0.110508,-1.53911,3.0838,-0.136649,-1.66712,3.15951
-0.113403,-1.53894,3.10643,-0.129504,-1.66647,3.0611
-0.167524,-1.53798,-3.12593,-0.172299,-1.66626,3.13422
-0.252464,-1.54178,-3.07686,-0.239829,-1.67143,3.21451
-0.330786,-1.54621,-3.09396,-0.316227,-1.67767,3.20955
-0.399129,-1.54891,-3.1088,-0.394794,-1.68111,3.19162
-0.476447,-1.55129,-3.11185,-0.460145,-1.68412,3.18806
-0.543703,-1.55328,-3.11183,-0.530222,-1.68747,3.18818
-0.623245,-1.55565,-3.11192,-0.610416,-1.69065,3.19013
-0.705888,-1.55804,-3.11304,-0.705026,-1.6979,3.19295
-0.778497,-1.55988,-3.11834,-0.759915,-1.70015,3.19254
-0.89043,-1.56204,-3.1241,-0.857857,-1.70829,3.187
-0.968082,-1.5632,-3.12796,-0.926621,-1.71351,3.18432
-1.03062,-1.56392,-3.13154,-1.00829,-1.72075,3.19007
-1.09827,-1.56412,3.13941,-1.075,-1.72701,3.18137
-1.17298,-1.56345,3.12696,-1.15381,-1.73689,3.17057
-1.22652,-1.56231,3.11494,-1.20305,-1.74824,3.16274
-1.29119,-1.55979,3.09388,-1.24902,-1.75062,3.15667
-1.35681,-1.55588,3.07344,-1.34404,-1.7645,3.13302
-1.42339,-1.55008,3.04125,-1.40455,-1.76544,3.10981
-1.52179,-1.53846,3.01319,-1.50047,-1.76139,3.06762
-1.56466,-1.53339,3.00296,-1.54675,-1.75885,3.06253
-1.56566,-1.53329,2.89871,-1.55749,-1.77538,2.99708
-1.56754,-1.53299,2.69638,-1.55929,-1.7764,2.79262
-1.56915,-1.53213,2.50867,-1.55571,-1.77543,2.59144
-1.57019,-1.53124,2.36823,-1.54527,-1.77518,2.41472
-1.57125,-1.52999,2.19744,-1.53999,-1.77432,2.28897
-1.57208,-1.52859,2.02905,-1.54114,-1.77633,2.15122
-1.57265,-1.52708,1.86308,-1.54249,-1.77455,1.96228
-1.57337,-1.5226,1.64522,-1.59634,-1.66666,1.79117
-1.57471,-1.48485,1.57078,-1.60282,-1.64628,1.59869
-1.57487,-1.43977,1.5868,-1.62523,-1.6707,1.5926
-1.57734,-1.36671,1.61812,-1.64287,-1.59905,1.61245
-1.58197,-1.28058,1.62844,-1.66732,-1.50687,1.65268
-1.58518,-1.19407,1.59501,-1.67123,-1.40581,1.62816
-1.5869,-1.08759,1.5824,-1.67373,-1.32489,1.60948
-1.58748,-1.04344,1.58541,-1.67672,-1.24441,1.60912
-1.58836,-0.99127,1.58944,-1.67874,-1.2132,1.61217
-1.58975,-0.921027,1.59151,-1.682,-1.13591,1.61529
-1.59067,-0.876868,1.59137,-1.68336,-1.1001,1.6144
-1.59192,-0.816655,1.59177,-1.68543,-1.04696,1.61474
-1.59347,-0.743395,1.59212,-1.68766,-0.989579,1.61608
-1.59531,-0.656082,1.5916,-1.69168,-0.896699,1.61385
-1.59699,-0.577812,1.59289,-1.6942,-0.838222,1.61496
-1.598,-0.532656,1.59331,-1.6973,-0.78635,1.61612
-1.59942,-0.468425,1.59247,-1.69998,-0.73414,1.61815
-1.60098,-0.391131,1.58968,-1.70314,-0.668238,1.61788
-1.60292,-0.275691,1.58646,-1.70851,-0.572282,1.61446
-1.60401,-0.203419,1.58529,-1.71163,-0.478164,1.61207
-1.60521,-0.126145,1.58709,-1.71503,-0.403546,1.61349
-1.60655,-0.0448518,1.58742,-1.73811,-0.218792,1.62242
-1.60668,0.00854526,1.56126,-1.74084,-0.158619,1.60552
-1.60522,0.0749583,1.53854,-1.74183,-0.103409,1.58185
-1.60219,0.158291,1.53237,-1.74114,-0.0164682,1.56926
-1.59967,0.233794,1.54124,-1.74192,0.0541508,1.57579
-1.59959,0.235716,1.40247,-1.74512,0.0997752,1.48163
-1.59932,0.237676,1.20193,-1.74124,0.0830745,1.26514
-1.59886,0.239225,1.03937,-1.74426,0.103,1.11953
-1.59831,0.240053,0.939289,-1.73938,0.125359,1.06923
-1.59703,0.241468,0.746315,-1.73952,0.131373,0.885619
-1.59515,0.242806,0.510327,-1.74731,0.130791,0.70327
-1.59351,0.243511,0.326818,-1.74512,0.13395,0.400464
-1.57138,0.245848,0.0638848,-1.74385,0.134287,0.084212
-1.50342,0.249899,0.0580537,-1.66047,0.13981,0.0987498
-1.46326,0.252043,0.0484674,-1.62571,0.144779,0.110772
-1.38682,0.254624,0.0225226,-1.5627,0.150581,6.19381
-1.34466,0.257253,0.105019,-1.51625,0.15848,0.0669552
-1.30193,0.262307,0.120676,-1.48009,0.168451,0.154201
-1.24921,0.267671,0.0776615,-1.4378,0.177444,0.180131
-1.17442,0.269541,-0.0140472,-1.35286,0.18478,0.0775937
-1.09301,0.267597,-0.029318,-1.28776,0.188643,0.0614375
-1.02778,0.265705,-0.0282359,-1.2114,0.190573,0.0576236
-0.929461,0.263373,-0.0206483,-1.11433,0.204142,0.0659443
-0.867187,0.261893,-0.0264455,-1.04485,0.209936,0.0673953
-0.756728,0.25827,-0.0363551,-0.945927,0.216219,0.0640811
-0.665384,0.254601,-0.0428712,-0.834272,0.227267,0.070685
-0.607108,0.251634,-0.0577746,-0.765028,0.238577,0.0652175
-0.535813,0.246532,-0.0813125,-0.700147,0.242779,0.0549504
-0.475683,0.241132,-0.0965314,-0.62161,0.24569,0.0348383
-0.384719,0.232162,-0.0988571,-0.533475,0.247235,0.0350444
-0.280787,0.221936,-0.0973161,-0.446397,0.251007,0.0314616
-0.195732,0.213926,-0.0985931,-0.387081,0.251948,0.0336403
-0.193216,0.213751,-0.274109,-0.317722,0.226896,6.0902
-0.191958,0.213531,-0.400528,-0.315583,0.226267,5.95649
-0.190388,0.212896,-0.575257,-0.313994,0.225127,5.78925
-0.189578,0.212302,-0.677851,-0.268044,0.224738,5.70412
-0.188211,0.210939,-0.875965,-0.311802,0.214188,5.56159
-0.186751,0.208475,-1.17247,-0.307485,0.207484,5.21617
-0.186075,0.205591,-1.47666,-0.306321,0.206102,4.98622
-0.186113,0.203339,-1.70774,-0.307727,0.202408,4.65666
-0.186291,0.201807,-1.8655,-0.309557,0.198525,4.43699
-0.186747,0.19976,-2.07549,-0.309741,0.196929,4.32418
-0.187814,0.198209,-2.26564,-0.310389,0.197434,4.16947
-0.189007,0.19702,-2.43613,-0.304206,0.202871,3.96485
-0.189835,0.1964,-2.54158,-0.298057,0.207146,3.85037
-0.191272,0.195609,-2.70989,-0.279621,0.207109,3.65795
-0.192564,0.195143,-2.85069,-0.262322,0.206366,3.55368
-0.193893,0.194864,-2.98896,-0.282615,0.206158,3.37495
-0.195422,0.194775,3.14091,-0.265216,0.206346,3.23225
-0.196561,0.194817,3.02332,-0.267039,0.206279,3.10972
-0.247829,0.199209,3.07907,-0.296409,0.205817,3.13465
-0.332888,0.202603,3.11707,-0.376908,0.201138,3.17785
-0.414218,0.204517,3.11821,-0.478042,0.200503,3.19398
-0.500637,0.207113,3.1072,-0.595192,0.201945,3.17435
-0.565845,0.209124,3.11489,-0.659183,0.201626,3.19084
-0.703395,0.212885,3.1138,-0.745749,0.193897,3.1923
-0.789763,0.215578,3.10799,-0.873037,0.191396,3.1701
-0.88905,0.218001,3.12399,-0.99289,0.197843,3.1735
-0.933115,0.218381,-3.1402,-1.0461,0.187339,3.20157
-1.06299,0.218502,3.13799,-1.09321,0.188951,3.19169
-1.11237,0.218564,-3.1401,-1.18979,0.172764,3.20309
-1.21337,0.219637,3.12253,-1.25232,0.182088,3.17479
-1.29683,0.219853,-3.13175,-1.34014,0.176335,3.19606
-1.39472,0.218107,-3.10643,-1.43576,0.214202,3.187
-1.39354,0.218187,-2.92786,-1.46161,0.240386,3.30761
-1.39249,0.218405,-2.753,-1.45549,0.241063,3.48177
-1.39178,0.218748,-2.61519,-1.45039,0.150473,3.64815
-1.39126,0.219085,-2.50403,-1.44997,0.146212,3.75411
-1.39039,0.219866,-2.28838,-1.44944,0.146987,3.92224
-1.38969,0.220858,-2.0619,-1.45186,0.195974,4.1679
-1.38924,0.221987,-1.83772,-1.45757,0.247847,4.36364
-1.38911,0.222812,-1.67718,-1.47437,0.249316,4.60137
-1.40719,0.168186,-2.04398,-1.49238,0.204216,4.28997
-1.40682,0.169007,-1.87322,-1.49785,0.201553,4.33546
-1.40658,0.170223,-1.64738,-1.50936,0.12486,4.6267
-1.40656,0.171446,-1.45119,-1.50948,0.203461,4.83418
-1.40655,0.172562,-1.27491,-1.50969,0.214746,5.00258
-1.40664,0.173776,-1.09395,-1.51198,0.215398,5.14165
-1.40684,0.175094,-0.895864,-1.51092,0.250745,5.36893
-1.40761,0.176404,-0.643243,-1.44039,0.272244,5.62851
-1.40887,0.177197,-0.380449,-1.51784,0.218865,5.83219
-1.40994,0.177551,-0.179726,-1.51947,0.219358,5.98435
-1.36572,0.174719,-0.0445075,-1.4886,0.217125,6.14805
-1.30155,0.172161,-0.0366452,-1.43206,0.215918,6.15896
-1.1791,0.167275,-0.0416845,-1.3167,0.209223,6.15571
-1.12489,0.164848,-0.0476525,-1.23716,0.205252,6.15087
-1.06666,0.161809,-0.0554572,-1.18224,0.199234,6.14348
-0.996452,0.15773,-0.059829,-1.10995,0.198585,6.14185
-0.898163,0.151108,-0.0717601,-1.02749,0.177542,6.12987
-0.83307,0.146584,-0.0668702,-0.954406,0.171852,6.13408
-0.762913,0.141808,-0.0689709,-0.876838,0.16239,6.14658
-0.720775,0.13871,-0.0786804,-0.830024,0.158132,6.153
-0.653594,0.132506,-0.101812,-0.772106,0.154786,6.14812
-0.566602,0.12211,-0.131026,-0.679132,0.1422,6.12395
-0.488895,0.111235,-0.144686,-0.60946,0.128474,6.10979
-0.391468,0.0970112,-0.144595,-0.544849,0.124852,6.1327
-0.316872,0.0848014,-0.177082,-0.478485,0.130802,6.10791
-0.236899,0.0674864,-0.240668,-0.354652,0.109011,6.04194
-0.225666,0.0654341,-0.341724,-0.316434,0.102668,5.99207
-0.223565,0.0646589,-0.572392,-0.337816,0.0943313,5.77397
-0.22204,0.0634285,-0.77287,-0.351682,0.0963966,5.57036
-0.220682,0.0617391,-0.996315,-0.322506,0.09914,5.34845
-0.220121,0.0607158,-1.11697,-0.314743,0.0976888,5.20243
-0.219428,0.0586829,-1.33827,-0.316784,0.0879073,4.99817
-0.219082,0.0565196,-1.48127,-0.31641,0.0855962,4.85861
-0.219083,0.054982,-1.63974,-0.316266,0.0838225,4.7064
-0.219288,0.0529283,-1.85322,-0.316265,0.0812477,4.50322
-0.21948,0.0518189,-1.96601,-0.31612,0.0879601,4.39171
-0.220116,0.0501845,-2.14358,-0.317262,0.0888538,4.23889
-0.221574,0.0484354,-2.37402,-0.324578,0.088447,4.06417
-0.222905,0.0473759,-2.54723,-0.322832,0.0869714,3.82605
-0.224482,0.0465344,-2.73063,-0.320464,0.0854428,3.64938
-0.2255,0.0461719,-2.84126,-0.319332,0.0838149,3.51669
-0.227515,0.0458052,-3.04993,-0.321116,0.0838046,3.28024
-0.228427,0.0457816,-3.1404,-0.322114,0.0838712,3.23113
-0.229861,0.0458916,3.07594,-0.32335,0.083563,3.14533
-0.229818,0.0458602,3.10956,-0.32371,0.0835505,3.19673
-0.231133,0.0459012,2.97834,-0.324576,0.0835614,3.13564
-0.283906,0.054267,3.01753,-0.366111,0.0839383,3.12143
-0.367066,0.0603648,3.11166,-0.460299,0.0774944,3.22385
-0.443215,0.061488,3.13738,-0.51484,0.0691445,3.25187
-0.548649,0.0620563,3.13401,-0.606651,0.0605146,3.25393
-0.597853,0.0624794,3.13203,-0.669305,0.0552387,3.24451
-0.6721,0.062897,3.13884,-0.717783,0.0553465,3.24199
-0.719227,0.062829,-3.13455,-0.767931,0.0528513,3.23499
-0.761301,0.0622134,-3.11909,-0.801793,0.0472401,3.24239
-0.814406,0.0606713,-3.1056,-0.857813,0.040895,3.26248
-0.896642,0.0575939,-3.10357,-0.925813,0.0350386,3.26136
-0.936744,0.0560121,-3.10042,-0.98576,0.0256367,3.27033
-0.989916,0.0538653,-3.10266,-1.035,0.017909,3.26934
-1.04913,0.0517,-3.10702,-1.09517,0.0117519,3.26541
-1.1003,0.049939,-3.10734,-1.15253,0.00131103,3.26357
-1.14747,0.048392,-3.11027,-1.19025,-0.00437595,3.26146
-1.20569,0.0466984,-3.11446,-1.2455,-0.011409,3.25054
-1.28796,0.0443631,-3.11204,-1.32064,-0.0221813,3.24525
-1.35819,0.0422415,-3.11079,-1.39359,-0.0312028,3.24608
-1.40408,0.0409361,-3.04693,-1.45505,-0.0419776,3.27392
-1.40302,0.0409523,-2.88302,-1.45422,-0.0417907,3.37995
-1.40136,0.0410775,-2.63004,-1.4531,-0.0422757,3.63013
-1.40027,0.0412585,-2.45915,-1.45232,-0.0293233,3.81793
-1.39924,0.0418588,-2.25576,-1.45219,0.00937071,3.95307
-1.39881,0.0424067,-2.13164,-1.45189,0.0105429,4.16986
-1.39828,0.0433432,-1.93807,-1.45186,0.0113102,4.31021
-1.39795,0.0443954,-1.73961,-1.44966,0.228279,4.4459
-1.39847,0.0400137,-1.64836,-1.44959,0.241441,4.57414
-1.40393,0.00168305,-1.78436,-1.45189,0.201263,4.4871
-1.42947,-0.0738588,-1.99589,-1.47087,0.142138,4.2779
-1.45516,-0.126573,-2.04974,-1.49181,0.0937051,4.10164
-1.48257,-0.182577,-1.99781,-1.5351,0.0613895,4.02105
-1.49661,-0.221355,-1.71592,-1.56707,-0.0114987,4.29887
-1.49651,-0.21984,-1.47037,-1.56176,-0.0129297,4.68718
-1.49653,-0.218464,-1.26228,-1.55771,-0.0154596,4.9728
-1.4966,-0.217466,-1.11379,-1.56222,-0.0146057,5.10403
-1.49671,-0.216592,-0.982615,-1.56306,-0.0142281,5.22453
-1.49733,-0.214944,-0.702815,-1.57289,0.0441392,5.43084
-1.49821,-0.214262,-0.509505,-1.57315,0.0269366,5.6652
-1.49893,-0.213884,-0.365741,-1.57521,-0.0389017,5.75898
-1.50026,-0.21351,-0.120357,-1.57924,-0.03856,5.96399
-1.46596,-0.21184,0.0676662,-1.57625,-0.0668035,6.17066
-1.37427,-0.203287,0.108144,-1.47026,-0.063799,6.1435
-1.30887,-0.194632,0.153859,-1.392,-0.0625746,0.0650586
-1.214,-0.185907,0.0440777,-1.33477,-0.060564,6.22584
-1.17677,-0.184585,0.0288297,-1.26938,-0.0670469,6.21557
-1.1255,-0.183433,0.0172867,-1.22186,-0.070882,6.20781
-1.0582,-0.182559,0.00977529,-1.16065,-0.0770684,6.19703
-0.947783,-0.181367,0.0116105,-1.05146,-0.0848844,6.19766
-0.877516,-0.180553,0.0116126,-0.977,-0.0942766,6.19787
-0.80927,-0.179666,0.0140901,-0.920633,-0.100013,6.19982
-0.755078,-0.178848,0.0159929,-0.852748,-0.101887,6.19713
-0.682813,-0.177677,0.0163746,-0.769967,-0.114465,6.05689
-0.641061,-0.175281,0.0970018,-0.742818,-0.116336,6.15428
-0.604356,-0.17111,0.12625,-0.710958,-0.11789,0.0815806
-0.555027,-0.166985,0.0381782,-0.707024,-0.166235,0.0828372
-0.501441,-0.1666,-0.0155119,-0.665315,-0.165744,6.21417
-0.425554,-0.165979,0.0350512,-0.556966,-0.126276,6.21639
-0.364239,-0.16433,0.0200743,-0.516299,-0.129811,6.21406
-0.288839,-0.16351,0.00402992,-0.437496,-0.140372,6.20817
-0.240646,-0.163339,0.00349924,-0.385566,-0.219434,6.26499
-0.207981,-0.16176,0.0300223,-0.363212,-0.215782,0.0803959
-0.206153,-0.161851,-0.158835,-0.352072,-0.215692,6.16011
-0.203992,-0.162352,-0.386074,-0.352986,-0.216153,5.91137
-0.201844,-0.163369,-0.63088,-0.333606,-0.217819,5.6716
-0.20047,-0.164572,-0.818902,-0.332246,-0.220161,5.43532
-0.199185,-0.166294,-1.04249,-0.331297,-0.221204,5.25248
-0.198134,-0.169006,-1.3469,-0.329313,-0.223639,4.96648
-0.197944,-0.170332,-1.48528,-0.32831,-0.224228,4.88689
-0.197939,-0.171703,-1.6286,-0.316365,-0.22596,4.70679
-0.197984,-0.1725,-1.71394,-0.315293,-0.226814,4.60516
-0.198094,-0.17357,-1.82423,-0.316555,-0.227898,4.49569
-0.198279,-0.174726,-1.94193,-0.315019,-0.228883,4.39615
-0.198844,-0.176444,-2.12444,-0.315484,-0.230004,4.2736
-0.199679,-0.177585,-2.26713,-0.316701,-0.231605,4.01227
-0.201161,-0.179002,-2.47527,-0.318248,-0.232599,3.85456
-0.202459,-0.179847,-2.63351,-0.319341,-0.233721,3.70184
-0.203594,-0.180367,-2.76171,-0.320506,-0.234268,3.54079
-0.204718,-0.18072,-2.88235,-0.321542,-0.234551,3.42425
-0.206057,-0.180956,-3.02065,-0.323228,-0.234684,3.26156
-0.207349,-0.181007,3.1336,-0.324617,-0.234503,3.10757
-0.260448,-0.182922,-3.09123,-0.348119,-0.23301,3.12795
-0.32238,-0.186993,-3.06264,-0.419953,-0.231106,3.18154
-0.403501,-0.193071,-3.07053,-0.488284,-0.23017,3.16449
-0.479539,-0.19872,-3.06463,-0.589562,-0.224937,3.16814
-0.576494,-0.206866,-3.05347,-0.662502,-0.225104,3.19676
-0.682595,-0.215608,-3.06412,-0.765398,-0.224779,3.18514
-0.753622,-0.221215,-3.06153,-0.843811,-0.224773,3.18589
-0.798612,-0.22492,-3.05716,-0.885492,-0.229745,3.18985
-0.847611,-0.229089,-3.05651,-0.931399,-0.232899,3.19153
-0.94164,-0.237004,-3.05873,-1.00291,-0.23584,3.17486
-1.04652,-0.24654,-3.04572,-1.08015,-0.240558,3.18126
-1.10842,-0.252654,-3.04087,-1.18244,-0.245773,3.18846
-1.18332,-0.260203,-3.0417,-1.26306,-0.248937,3.20615
-1.26138,-0.267398,-3.05626,-1.31579,-0.250485,3.18682
-1.34836,-0.275006,-3.05265,-1.40971,-0.274415,3.21243
-1.37572,-0.276942,-2.89389,-1.44239,-0.301793,3.21981
-1.37452,-0.276872,-2.71252,-1.41394,-0.300424,3.52617
-1.3735,-0.276742,-2.55383,-1.41298,-0.300614,3.64431
-1.37257,-0.276549,-2.40519,-1.40762,-0.331041,3.79057
-1.37178,-0.275931,-2.23146,-1.41642,-0.314216,3.9949
-1.37096,-0.274642,-1.956,-1.40612,-0.27354,4.25546
-1.37056,-0.273391,-1.7204,-1.41581,-0.248539,4.64328
-1.39188,-0.311381,-2.29979,-1.42075,-0.311589,4.30785
-1.4176,-0.330705,-2.56078,-1.44978,-0.279304,3.74052
-1.41628,-0.330343,-2.337,-1.44813,-0.266711,3.91018
-1.41551,-0.329484,-2.13344,-1.41247,-0.258429,4.03684
-1.41506,-0.32871,-1.97213,-1.38774,-0.24604,4.22358
-1.41461,-0.327251,-1.69686,-1.38307,-0.244348,4.44951
-1.41454,-0.32544,-1.40937,-1.38289,-0.242256,4.72972
-1.41459,-0.324126,-1.21138,-1.38298,-0.241288,4.97006
-1.41467,-0.323163,-1.06793,-1.38321,-0.241092,5.03932
-1.41487,-0.321914,-0.879804,-1.38391,-0.239746,5.242
-1.41516,-0.321155,-0.751142,-1.38437,-0.239044,5.40384
-1.41586,-0.320508,-0.587587,-1.38505,-0.237698,5.5992
-1.41657,-0.320063,-0.441271,-1.38765,-0.23953,5.72394
-1.41819,-0.319518,-0.13643,-1.3879,-0.236302,5.95111
-1.40978,-0.319206,0.0267115,-1.38911,-0.236138,6.18219
-1.37778,-0.318102,0.0390225,-1.3611,-0.237823,6.22122
-1.25121,-0.314586,0.0203194,-1.26793,-0.243444,6.21226
-1.16883,-0.313414,0.00994078,-1.18687,-0.247891,6.2075
-1.04828,-0.31296,0.000664907,-1.08839,-0.24987,6.20725
-0.964864,-0.31347,-0.011468,-0.984914,-0.27695,6.19082
-0.914713,-0.313854,-0.00285066,-0.94479,-0.254245,6.23838
-0.821037,-0.316788,-0.0495065,-0.873999,-0.253471,6.21439
-0.751686,-0.321245,-0.0756124,-0.786985,-0.249291,6.20872
-0.654452,-0.330881,-0.112689,-0.744256,-0.257386,6.1756
-0.567596,-0.340972,-0.11719,-0.660331,-0.267759,6.16407
-0.480801,-0.350926,-0.111605,-0.546274,-0.280616,6.16875
-0.401941,-0.35968,-0.109672,-0.476576,-0.288777,6.17105
-0.362002,-0.364078,-0.109583,-0.416435,-0.296017,6.17145
-0.286122,-0.372419,-0.109267,-0.346306,-0.303622,6.16936
-0.228218,-0.378736,-0.108,-0.290492,-0.308603,6.17258
-0.127363,-0.389857,-0.110995,-0.192892,-0.321266,6.16757
-0.0584955,-0.397423,-0.107879,-0.177581,-0.318023,6.16804
0.0323784,-0.407617,-0.114282,-0.0725748,-0.333437,6.16307
0.0982234,-0.415067,-0.110964,-0.00747005,-0.345489,6.16358
0.15906,-0.421416,-0.0969035,0.0655099,-0.355233,6.17206
0.166479,-0.421937,-0.216542,0.103704,-0.387093,6.10296
0.167749,-0.422125,-0.34721,0.105406,-0.382632,5.90706
0.169288,-0.422543,-0.509949,0.105851,-0.393266,5.75413
0.170238,-0.423155,-0.625122,0.10699,-0.393985,5.63776
0.171841,-0.424629,-0.84829,0.0923376,-0.397198,5.46942
0.172886,-0.426096,-1.03417,0.104466,-0.398728,5.23781
0.173652,-0.427778,-1.22524,0.109105,-0.399958,5.08199
0.17429,-0.431,-1.45593,0.110287,-0.401352,4.85871
0.174316,-0.432432,-1.60143,0.111437,-0.402596,4.71884
0.174236,-0.433709,-1.73659,0.111292,-0.403468,4.6134
0.174032,-0.435293,-1.89901,0.111119,-0.404808,4.46736
0.173741,-0.436689,-2.04134,0.146256,-0.378776,4.28963
0.172672,-0.438439,-2.24892,0.123298,-0.384914,4.11646
0.17108,-0.43999,-2.47454,0.185922,-0.380474,3.94121
0.168648,-0.441356,-2.76096,0.10729,-0.41053,3.68433
0.166531,-0.441903,-2.98472,0.182501,-0.382398,3.3631
0.164927,-0.441997,3.13765,0.180667,-0.382893,3.22271
0.163243,-0.441897,3.08163,0.180893,-0.382887,3.10472
0.0659265,-0.441791,-3.11659,0.0967468,-0.391907,3.1865
-0.0314087,-0.444515,-3.11181,-0.0227363,-0.387103,3.10475
-0.119849,-0.451534,-3.03019,-0.0909666,-0.393027,3.16891
-0.187482,-0.459897,-3.00957,-0.173949,-0.407183,3.22237
-0.299381,-0.472794,-3.03825,-0.272524,-0.419065,3.21413
-0.404576,-0.482029,-3.06449,-0.378461,-0.429191,3.21677
-0.520097,-0.488491,-3.09863,-0.479029,-0.437764,3.19591
-0.573367,-0.490425,-3.1112,-0.550483,-0.440485,3.18375
-0.653718,-0.492543,-3.1178,-0.616121,-0.449856,3.1899
-0.7422,-0.49376,-3.13472,-0.701408,-0.437143,3.14419
-0.814516,-0.495206,-3.10763,-0.7773,-0.419599,3.14499
-0.886521,-0.499674,-3.05711,-0.860861,-0.422935,3.21272
-0.965864,-0.506509,-3.05588,-0.916343,-0.439872,3.22425
-1.03242,-0.511373,-3.07846,-0.970106,-0.469351,3.21629
-1.10634,-0.514108,-3.12592,-1.03533,-0.461084,3.17255
-1.19813,-0.515147,-3.13103,-1.16113,-0.475288,3.15592
-1.22841,-0.515407,-3.13472,-1.20093,-0.475902,3.15309
-1.27281,-0.515601,-3.13876,-1.2355,-0.496582,3.16457
-1.3539,-0.512996,3.08455,-1.30124,-0.506201,3.11284
-1.40244,-0.509374,3.05122,-1.37016,-0.489789,3.06475
-1.47217,-0.503995,3.12219,-1.43549,-0.477695,3.08296
-1.47094,-0.503946,-2.97575,-1.43438,-0.479866,3.25291
-1.46996,-0.503734,-2.81127,-1.4335,-0.479628,3.41144
-1.46926,-0.503448,-2.68345,-1.42916,-0.497603,3.56861
-1.46865,-0.503106,-2.56021,-1.42855,-0.503544,3.67166
-1.46801,-0.502623,-2.41422,-1.42152,-0.503114,3.8518
-1.46734,-0.501928,-2.23544,-1.41439,-0.509873,4.00301
-1.46695,-0.501361,-2.10604,-1.4075,-0.505098,4.12449
-1.4667,-0.500899,-2.00883,-1.40668,-0.522283,4.22174
-1.46637,-0.499991,-1.83195,-1.40657,-0.521486,4.36961
-1.4721,-0.515556,-2.04338,-1.40636,-0.522299,4.57153
-1.52041,-0.546107,-2.88746,-1.46899,-0.528506,3.36747
-1.51927,-0.546193,-2.71563,-1.46393,-0.53625,3.54467
-1.51827,-0.546165,-2.55844,-1.46352,-0.535876,3.7314
-1.51702,-0.545816,-2.35003,-1.46293,-0.533517,3.91332
-1.51645,-0.54526,-2.21106,-1.46257,-0.531322,4.06688
-1.51591,-0.544471,-2.03979,-1.47241,-0.524502,4.1982
-1.51549,-0.543519,-1.8512,-1.47468,-0.523629,4.37274
-1.51531,-0.542821,-1.72228,-1.47464,-0.522601,4.51754
-1.51523,-0.541992,-1.58093,-1.47705,-0.521689,4.66059
-1.51522,-0.54066,-1.3778,-1.47714,-0.515207,4.75765
-1.51523,-0.540221,-1.31101,-1.46625,-0.452074,4.90547
-1.51532,-0.538877,-1.11066,-1.45865,-0.450835,5.11017
-1.51543,-0.537998,-0.979471,-1.4747,-0.450843,5.19524
-1.5156,-0.537106,-0.843284,-1.47582,-0.504691,5.34425
-1.51626,-0.536159,-0.650099,-1.47724,-0.50433,5.52118
-1.51668,-0.535831,-0.555948,-1.50911,-0.524835,5.64599
-1.51786,-0.535211,-0.32041,-1.5106,-0.524628,5.88873
-1.51545,-0.535656,-0.131381,-1.51261,-0.524479,6.17416
-1.45672,-0.541792,-0.0784197,-1.45558,-0.533272,6.13925
-1.38137,-0.544922,-0.00597122,-1.39757,-0.545066,6.17547
-1.30255,-0.54231,0.0615277,-1.31435,-0.549563,6.21111
-1.26168,-0.539214,0.089229,-1.27915,-0.547677,0.109907
-1.21038,-0.536599,0.0149402,-1.22098,-0.548235,6.21835
-1.15328,-0.535618,0.0283468,-1.18969,-0.552435,6.2113
-1.11233,-0.533907,0.0555764,-1.13968,-0.552216,6.2275
-1.06337,-0.530638,0.076896,-1.09973,-0.552563,3.21401
-1.11506,-0.541102,0.353107,-1.09942,-0.552406,0.119941
-1.04462,-0.512003,0.333077,-1.03429,-0.53909,0.320368
-0.992484,-0.499475,0.135,-0.97771,-0.528211,0.163332
-0.914398,-0.497,-0.0368203,-0.971368,-0.528774,0.0443726
-0.836834,-0.5032,-0.10897,-0.873756,-0.532811,6.21747
-0.767994,-0.510391,-0.0968802,-0.79915,-0.539191,6.21847
-0.710082,-0.515579,-0.0818417,-0.754799,-0.539908,6.20968
-0.599042,-0.522747,-0.0534982,-0.638905,-0.544922,6.18962
-0.524011,-0.525015,-0.0129403,-0.570998,-0.551889,0.0641013
-0.464599,-0.528378,-0.090354,-0.507143,-0.555545,6.21012
-0.429897,-0.531696,-0.0878163,-0.468678,-0.562753,6.21481
-0.358982,-0.536626,-0.0555235,-0.42617,-0.565898,6.2056
-0.305012,-0.538703,-0.021869,-0.341658,-0.558655,0.0806822
-0.254479,-0.541527,-0.0923116,-0.285376,-0.559724,6.21339
-0.178586,-0.548541,-0.0828113,-0.206551,-0.548902,6.22212
-0.0924887,-0.556197,-0.0927187,-0.155203,-0.551773,6.21859
-0.0204617,-0.563218,-0.100849,-0.0595648,-0.629561,6.20517
0.029135,-0.564861,0.0332378,-0.0304403,-0.639572,1.10626
0.0986937,-0.584794,-0.59014,-0.00187169,-0.6588,5.90499
0.177149,-0.616617,-0.108318,0.106135,-0.686969,6.01319
0.180149,-0.616814,-0.290492,0.134402,-0.69454,5.98914
0.182074,-0.617236,-0.491246,0.138324,-0.689629,5.83025
0.18343,-0.618118,-0.65649,0.135515,-0.683139,5.72558
0.185075,-0.619755,-0.894811,0.141683,-0.684805,5.47478
0.186409,-0.622041,-1.1687,0.137872,-0.686474,5.17405
0.186874,-0.623509,-1.32715,0.138432,-0.688349,5.00721
0.187113,-0.625197,-1.50062,0.127584,-0.689591,4.84168
0.186966,-0.628094,-1.80166,0.138431,-0.692105,4.54545
0.186648,-0.629986,-1.99437,0.13819,-0.693277,4.35371
0.185369,-0.632309,-2.26448,0.135342,-0.69583,4.12148
0.184312,-0.633384,-2.41738,0.124171,-0.697307,3.89385
0.182725,-0.634505,-2.61575,0.11136,-0.698817,3.68295
0.181233,-0.635187,-2.78412,0.111096,-0.699313,3.51592
0.179518,-0.635628,-2.96514,0.135551,-0.702568,3.2502
0.17853,-0.635735,-3.0657,0.135109,-0.702588,3.15382
0.172897,-0.63648,-3.04958,0.134139,-0.702637,3.1522
0.168807,-0.636579,3.11095,0.129642,-0.701893,3.0772
0.0931666,-0.636896,-3.12099,0.0690049,-0.696394,3.09648
0.0271199,-0.639241,-3.09266,0.0275144,-0.697542,3.1211
-0.051004,-0.64365,-3.07985,-0.107606,-0.687906,3.14579
-0.129223,-0.648395,-3.08227,-0.18204,-0.68511,3.14559
-0.224855,-0.653973,-3.08388,-0.259988,-0.689049,3.14587
-0.306419,-0.6585,-3.08753,-0.36055,-0.694066,3.14414
-0.359817,-0.661253,-3.09199,-0.416188,-0.702256,3.1406
-0.455579,-0.665442,-3.10111,-0.504056,-0.705351,3.13187
-0.527139,-0.668165,-3.10493,-0.563226,-0.702452,3.12797
-0.627881,-0.671872,-3.10427,-0.663512,-0.703056,3.12838
-0.712519,-0.674963,-3.10536,-0.766789,-0.684891,3.12698
-0.806051,-0.679184,-3.08999,-0.822602,-0.681734,3.14116
-0.867405,-0.682552,-3.08379,-0.904376,-0.702795,3.15249
-0.938077,-0.685869,-3.10469,-0.971786,-0.704289,3.13544
-1.0148,-0.688017,-3.11929,-1.0149,-0.702676,3.12781
-1.06021,-0.688893,-3.12449,-1.07276,-0.700687,3.11952
-1.11162,-0.689754,-3.12419,-1.12574,-0.699255,3.11866
-1.15495,-0.690532,-3.12263,-1.17841,-0.697961,3.12023
-1.23961,-0.692202,-3.12095,-1.23475,-0.697024,3.12194
-1.34243,-0.694277,-3.12131,-1.33206,-0.697444,3.12167
-1.42213,-0.695606,-3.12797,-1.43308,-0.691747,3.11393
-1.43099,-0.695661,-3.06164,-1.46195,-0.694185,3.15073
-1.42985,-0.695558,-2.88821,-1.42598,-0.694385,3.28764
-1.42901,-0.695344,-2.74324,-1.42457,-0.694036,3.46152
-1.42845,-0.695075,-2.63492,-1.42167,-0.700354,3.60587
-1.428,-0.694803,-2.54118,-1.42261,-0.693645,3.69256
-1.42757,-0.694485,-2.44466,-1.42225,-0.692505,3.78678
-1.42705,-0.694,-2.31321,-1.42068,-0.693152,3.94158
-1.42636,-0.693086,-2.0993,-1.41968,-0.691762,4.08446
-1.42593,-0.69216,-1.90994,-1.42043,-0.690449,4.33795
-1.42568,-0.691123,-1.71828,-1.44673,-0.702709,4.53761
-1.42578,-0.691192,-1.5907,-1.48463,-0.70298,4.59354
-1.4258,-0.690382,-1.47396,-1.44677,-0.702054,4.75856
-1.42595,-0.689051,-1.26679,-1.47188,-0.68586,4.90252
-1.42632,-0.688062,-1.09043,-1.44614,-0.67976,5.08935
-1.42718,-0.686812,-0.822025,-1.41617,-0.678843,5.44078
-1.42812,-0.685976,-0.591575,-1.41691,-0.67821,5.62468
-1.42882,-0.685567,-0.444889,-1.52383,-0.603612,5.77612
-1.42992,-0.685181,-0.233443,-1.52485,-0.603221,5.98578
-1.38994,-0.688904,-0.0645937,-1.5048,-0.605539,6.16183
-1.29843,-0.693652,-0.0451014,-1.40686,-0.615266,6.1949
-1.2268,-0.697354,-0.0567162,-1.35842,-0.620219,6.18938
-1.14316,-0.70262,-0.0665347,-1.30432,-0.622082,6.18908
-1.06862,-0.70804,-0.0765174,-1.21517,-0.633178,6.17418
-1.0304,-0.710968,-0.0756635,-1.17184,-0.637501,6.17241
-0.9248,-0.718744,-0.0712584,-1.08508,-0.645541,6.17639
-0.837261,-0.72503,-0.0713576,-0.975461,-0.658643,6.1757
-0.761803,-0.730415,-0.0706184,-0.882915,-0.668023,6.17544
-0.676276,-0.736466,-0.0700052,-0.798768,-0.678304,6.17592
-0.600811,-0.741749,-0.0692209,-0.73598,-0.683601,6.17851
-0.55954,-0.744649,-0.0709771,-0.679777,-0.688606,6.17802
-0.506196,-0.748541,-0.0738574,-0.638299,-0.693901,6.17527
-0.42974,-0.75425,-0.0743311,-0.571381,-0.702001,6.17378
-0.337204,-0.761083,-0.0725056,-0.461367,-0.712496,6.17514
-0.256712,-0.767007,-0.0737287,-0.415543,-0.724397,6.16799
-0.197415,-0.7711,-0.0640703,-0.243084,-0.748046,6.17633
-0.146146,-0.77411,-0.0530998,-0.193286,-0.748823,6.18946
-0.0846901,-0.777444,-0.0552532,-0.156693,-0.752671,6.1919
-0.0322928,-0.780463,-0.0591736,-0.154015,-0.751713,6.18741
0.0502907,-0.785549,-0.0625181,-0.0889912,-0.763145,6.18445
0.108631,-0.788987,-0.0544809,-0.00346139,-0.772572,6.18924
0.160942,-0.791592,-0.0449618,0.0467981,-0.774273,6.19963
0.178809,-0.792761,-0.381365,0.0776868,-0.785557,5.95345
0.181237,-0.794069,-0.635899,0.0847705,-0.794984,5.6292
0.182818,-0.795443,-0.826683,0.0861579,-0.795635,5.36576
0.183735,-0.79655,-0.957673,0.0871394,-0.797977,5.2691
0.184746,-0.798263,-1.13938,0.0900705,-0.799582,5.10319
0.185498,-0.800433,-1.34906,0.0910102,-0.802457,4.88749
0.185741,-0.801971,-1.49047,0.091204,-0.804375,4.74364
0.18572,-0.804174,-1.70196,0.0884606,-0.806339,4.53442
0.185559,-0.805402,-1.81944,0.0902722,-0.807747,4.36388
0.185219,-0.806601,-1.9362,0.0966364,-0.807479,4.26382
0.184301,-0.80851,-2.1303,0.095436,-0.809041,4.12006
0.182659,-0.810606,-2.37055,0.0927594,-0.810454,3.93156
0.181742,-0.811423,-2.48114,0.0932882,-0.812131,3.83598
0.180835,-0.812071,-2.58187,0.0925401,-0.813076,3.72032
0.178003,-0.813358,-2.86445,0.0905268,-0.815228,3.48903
0.176088,-0.813735,-3.04119,0.101984,-0.815948,3.20934
0.174115,-0.813807,-3.11891,0.0997335,-0.815751,3.05941
0.0927315,-0.821383,-3.0151,0.0465197,-0.81393,3.13809
0.0185331,-0.832653,-2.97295,-0.0175857,-0.82078,3.23584
-0.0301848,-0.840434,-2.99617,-0.0763218,-0.828222,3.23475
-0.14613,-0.853919,-3.04168,-0.181306,-0.833062,3.18815
-0.233027,-0.86252,-3.04363,-0.282334,-0.836172,3.18244
-0.331852,-0.872529,-3.03907,-0.358838,-0.841278,3.1864
-0.407731,-0.880351,-3.03887,-0.441981,-0.846379,3.19222
-0.46668,-0.886285,-3.04345,-0.515558,-0.84995,3.1879
-0.550612,-0.894437,-3.04583,-0.595285,-0.85448,3.18481
-0.659522,-0.904863,-3.04651,-0.702632,-0.853842,3.17243
-0.746325,-0.913709,-3.03391,-0.782161,-0.856837,3.18584
-0.812148,-0.920971,-3.02999,-0.84155,-0.856506,3.18994
-0.924797,-0.933927,-3.02548,-0.919848,-0.866202,3.20155
-0.992693,-0.941491,-3.03533,-1.0094,-0.873049,3.19458
-1.07164,-0.949519,-3.04421,-1.06574,-0.872788,3.17606
-1.17541,-0.960286,-3.03403,-1.18495,-0.87309,3.18149
-1.25908,-0.96999,-3.01944,-1.26149,-0.875827,3.19641
-1.34766,-0.981253,-3.01213,-1.34449,-0.880814,3.20541
-1.4014,-0.988257,-3.01207,-1.406,-0.88012,3.20395
-1.43271,-0.992248,-2.9451,-1.44939,-0.885565,3.22215
-1.43153,-0.992197,-2.76282,-1.46463,-0.890899,3.4105
-1.42984,-0.991983,-2.50197,-1.463,-0.909677,3.64787
-1.42872,-0.991508,-2.29869,-1.46084,-0.903628,3.86493
-1.42793,-0.99051,-2.07277,-1.44425,-0.902464,4.09493
-1.42756,-0.989788,-1.92636,-1.41755,-0.901964,4.27082
-1.42723,-0.98869,-1.72053,-1.44656,-0.900893,4.47453
-1.42863,-0.99659,-1.7553,-1.44763,-0.901273,4.4782
-1.42854,-0.995128,-1.51242,-1.43295,-0.909808,4.72344
-1.42854,-0.99401,-1.34172,-1.46254,-0.910736,4.88504
-1.4286,-0.992869,-1.17105,-1.46287,-0.913367,4.98918
-1.42893,-0.99062,-0.832005,-1.46428,-0.909386,5.30593
-1.42992,-0.989477,-0.574363,-1.46838,-0.914017,5.63395
-1.4314,-0.988721,-0.279381,-1.43848,-0.914398,5.91897
-1.43228,-0.98852,-0.118363,-1.41848,-0.913225,6.13042
-1.37631,-0.992386,-0.0412451,-1.42987,-0.91534,6.20264
-1.34026,-0.993651,-0.0297011,-1.37602,-0.918636,6.20806
-1.26705,-0.995323,-0.0177414,-1.29131,-0.920408,6.16239
-1.19502,-0.994881,0.0240954,-1.22206,-0.922127,6.17356
-1.128,-0.992101,0.0563986,-1.20597,-0.923496,6.19602
-1.01696,-0.984408,0.0764419,-1.09297,-0.920903,6.21726
-0.952848,-0.97967,0.070882,-1.00888,-0.91503,6.20515
-0.892721,-0.975571,0.0656254,-0.950245,-0.913837,3.13599
-0.932527,-0.982624,0.246856,-0.990942,-0.900669,0.162482
-0.887605,-0.970537,0.183612,-1.02107,-0.896717,0.170192
-0.757676,-0.966787,-0.0605421,-0.939531,-0.895577,6.12834
-0.646125,-0.972217,-0.0329648,-0.823806,-0.889216,6.13114
-0.569925,-0.974042,-0.0166933,-0.716542,-0.889167,6.15969
-0.494491,-0.976072,-0.0362913,-0.660158,-0.891688,6.16365
-0.409891,-0.980755,-0.0681194,-0.521361,-0.907648,6.16931
-0.343269,-0.986892,-0.110319,-0.42715,-0.914829,6.13723
-0.283,-0.994544,-0.138502,-0.394763,-0.933139,6.10376
-0.221105,-1.00275,-0.124422,-0.413252,-0.945655,6.06977
-0.15419,-1.0093,-0.0690795,-0.341049,-0.944729,6.12459
-0.0807758,-1.01393,-0.05969,-0.265848,-0.947372,6.13551
0.0428741,-1.0236,-0.0907513,-0.194942,-0.968562,6.10208
0.048133,-1.02397,-0.295683,-0.149488,-0.985176,5.9565
0.0497856,-1.02459,-0.460226,-0.147927,-0.985302,5.84004
0.0512546,-1.02544,-0.615266,-0.161069,-0.996017,5.58407
0.0535361,-1.02753,-0.896733,-0.159549,-0.991361,5.36151
0.0545854,-1.02906,-1.06573,-0.157625,-0.992867,5.12392
0.0554104,-1.0309,-1.25009,-0.152837,-0.995012,4.97197
0.0559609,-1.03212,-1.27307,-0.147781,-1.004,4.8954
0.0675517,-1.05095,-0.879907,-0.130026,-1.024,5.32927
0.068527,-1.05237,-1.06097,-0.128637,-1.02561,5.17005
0.0694739,-1.05491,-1.34546,-0.12611,-1.0277,4.93637
0.0696908,-1.05686,-1.54677,-0.125857,-1.0332,4.68607
0.0695108,-1.05946,-1.81774,-0.12625,-1.03522,4.47993
0.0690427,-1.06183,-2.06053,-0.123724,-1.03688,4.28828
0.0678333,-1.06361,-2.27828,-0.128902,-1.03889,4.04351
0.0660159,-1.06525,-2.52663,-0.129441,-1.03779,3.71877
0.0642303,-1.06622,-2.73519,-0.126462,-1.0366,3.54153
0.0622768,-1.06679,-2.94382,-0.122649,-1.03197,3.35401
0.0601875,-1.06695,3.12823,-0.0973757,-1.02922,3.1099
-0.0140619,-1.06674,-3.10564,-0.159339,-1.02718,2.95522
-0.0823112,-1.07789,-2.88351,-0.242741,-1.03274,3.20838
-0.137932,-1.09408,-2.84204,-0.290507,-1.03881,3.2789
-0.207137,-1.11512,-2.8531,-0.349596,-1.04713,3.2785
-0.274783,-1.13452,-2.87037,-0.421057,-1.055,3.26531
-0.334839,-1.15099,-2.87697,-0.485612,-1.06328,3.25533
-0.385225,-1.16463,-2.87734,-0.543817,-1.07137,3.26458
-0.450277,-1.18191,-2.88696,-0.59394,-1.07739,3.25762
-0.542711,-1.20552,-2.89503,-0.675765,-1.088,3.24507
-0.570828,-1.21237,-2.95305,-0.718956,-1.09653,3.21746
-0.572563,-1.21282,-2.96734,-0.715269,-1.10203,3.16267
-0.57765,-1.2138,-3.01415,-0.714111,-1.10397,3.18574
-0.581301,-1.21437,-2.99407,-0.714088,-1.1065,3.18622
-0.582015,-1.21444,-3.06159,-0.705974,-1.11059,3.156
-0.581899,-1.21449,-3.0219,-0.693741,-1.10892,3.21071
-0.582682,-1.21453,-3.10107,-0.697675,-1.1105,3.10496
-0.6441,-1.21707,-3.09255,-0.73707,-1.10849,3.11323
-0.686105,-1.21943,-3.07646,-0.776803,-1.1086,3.13374
-0.812187,-1.2286,-3.06542,-0.843592,-1.12294,3.17129
-0.858471,-1.23146,-3.09237,-0.918993,-1.13761,3.17957
-0.90393,-1.2327,-3.13518,-0.970753,-1.13745,3.13072
-0.940196,-1.23258,3.13117,-1.00642,-1.13689,3.10265
-1.04966,-1.23097,3.12464,-1.10904,-1.11791,3.08927
-1.12678,-1.23102,-3.1273,-1.17585,-1.12262,3.12307
-1.17599,-1.23166,-3.13017,-1.21612,-1.13579,3.13904
-1.21739,-1.23143,3.11959,-1.25492,-1.14616,3.11016
-1.30301,-1.22675,3.06402,-1.31378,-1.12686,3.04473
-1.41303,-1.22121,3.11108,-1.40169,-1.13071,3.07496
-1.44517,-1.22023,3.10672,-1.45959,-1.12999,3.0831
-1.45448,-1.21999,-3.0912,-1.47696,-1.13084,3.13947
-1.45381,-1.22,-2.98977,-1.46998,-1.10307,3.21309
-1.4525,-1.21996,-2.78952,-1.47046,-1.15847,3.38861
-1.45114,-1.21983,-2.58169,-1.46758,-1.12278,3.61834
-1.45048,-1.21971,-2.47765,-1.46348,-1.12278,3.72122
-1.44935,-1.21911,-2.25946,-1.46613,-1.12232,3.9294
-1.44878,-1.21837,-2.09313,-1.46182,-1.12158,4.11704
-1.44813,-1.21692,-1.8053,-1.45705,-1.10165,4.39868
-1.44937,-1.22152,-1.75418,-1.45608,-1.08219,4.60053
-1.44929,-1.22073,-1.57943,-1.46171,-1.08791,4.66694
-1.44929,-1.21998,-1.46854,-1.46548,-1.08603,4.77741
-1.4493,-1.21921,-1.35299,-1.47806,-1.06475,4.76002
-1.44934,-1.21812,-1.18523,-1.47819,-1.00457,4.91628
-1.44937,-1.21713,-1.03343,-1.48044,-1.00246,5.03218
-1.4496,-1.2158,-0.832086,-1.46997,-1.05917,5.32965
-1.45019,-1.21498,-0.66357,-1.45743,-1.05858,5.52378
-1.45142,-1.21416,-0.403315,-1.47197,-1.05752,5.72276
-1.45279,-1.21373,-0.14806,-1.56593,-0.979076,6.07734
-1.3998,-1.22,-0.0951635,-1.53794,-0.984015,6.11231
-1.31988,-1.22661,-0.0737728,-1.44195,-1.00349,6.13856
-1.26582,-1.23052,-0.0711829,-1.35751,-1.02272,6.14633
-1.17367,-1.23707,-0.0706204,-1.2497,-1.0544,6.14072
-1.0966,-1.24184,-0.0554024,-1.13246,-1.0746,6.1502
-1.02647,-1.24532,-0.0448139,-1.07624,-1.07703,6.16066
-0.964275,-1.24807,-0.0444278,-1.03502,-1.08672,6.16977
-0.898051,-1.25115,-0.0480606,-0.950027,-1.09107,6.21371
-0.84771,-1.25443,-0.0811698,-0.911786,-1.06133,6.19862
-0.790447,-1.26067,-0.130986,-0.834213,-1.10825,6.10968
-0.736998,-1.26731,-0.109076,-0.777719,-1.11431,6.10897
-0.643221,-1.2751,-0.0641046,-0.72499,-1.12274,6.14349
-0.547074,-1.28021,-0.0458541,-0.64055,-1.12483,6.16327
-0.471795,-1.28405,-0.054761,-0.553337,-1.13159,6.15878
-0.396531,-1.28872,-0.0671248,-0.474234,-1.13738,6.14898
-0.346378,-1.29235,-0.0766772,-0.433003,-1.14497,6.13872
-0.236224,-1.30099,-0.078634,-0.363278,-1.15781,6.13332
-0.129114,-1.30885,-0.0694512,-0.310181,-1.16994,6.13772
-0.0219654,-1.31524,-0.0526819,-0.187259,-1.18841,6.15103
0.0189438,-1.3172,-0.200502,-0.113856,-1.20174,6.09407
0.0207707,-1.31748,-0.388511,-0.107418,-1.204,5.90403
0.022908,-1.31847,-0.631257,-0.103881,-1.206,5.66123
0.0250821,-1.32071,-0.95236,-0.0989653,-1.20759,5.42586
0.0259862,-1.32232,-1.14338,-0.0978706,-1.20923,5.20902
0.0264689,-1.3237,-1.29423,-0.101741,-1.21175,5.00138
0.0266673,-1.32461,-1.38979,-0.101569,-1.21258,4.91498
0.0267842,-1.32677,-1.61094,-0.101927,-1.21404,4.70984
0.0265638,-1.32916,-1.85907,-0.10249,-1.21434,4.49769
0.0262167,-1.33092,-2.03919,-0.103335,-1.21654,4.27679
0.0250551,-1.33279,-2.26173,-0.104743,-1.21805,4.08346
0.0240359,-1.33384,-2.40962,-0.107694,-1.21899,3.91343
