-0.953957,0.292222,1.11462,0.162599,-1.07238,2.70167
-0.898806,0.404665,1.11512,0.128077,-1.02315,2.70208
-0.842612,0.519386,1.11565,0.0298743,-0.975136,2.70246
-0.78428,0.638639,1.11623,-0.0968513,-0.91573,2.70308
-0.720522,0.76918,1.11685,-0.214478,-0.860675,2.7037
-0.653556,0.906516,1.11755,-0.327353,-0.807908,2.70435
-0.596546,1.02363,1.11812,-0.466175,-0.743134,2.70497
-0.548359,1.12275,1.11863,-0.576517,-0.691758,2.70539
-0.465248,1.29401,1.11951,-0.7466,-0.612727,2.70629
-0.403013,1.42251,1.12018,-0.892726,-0.544242,2.70736
-0.337598,1.55781,1.12091,-1.04543,-0.473789,2.70785
-0.262493,1.71347,1.12175,-1.22694,-0.389612,2.70879
-0.210322,1.8218,1.12233,-1.43721,-0.283306,2.71046
-0.198431,1.85474,0.958079,-1.59728,-0.212608,2.63679
-0.196146,1.85698,0.616328,-1.62586,-0.197136,2.2976
-0.193393,1.85828,0.290077,-1.62663,-0.194417,1.86187
-0.19054,1.85861,-0.0161179,-1.73919,-0.141932,1.43203
-0.172354,1.84962,-0.273695,-1.73695,-0.138274,1.1881
-0.0484617,1.80157,-0.383792,-1.67856,-0.0585831,1.05495
0.0699993,1.75376,-0.383306,-1.61177,0.0541328,1.0809
0.216369,1.69477,-0.382635,-1.53562,0.207028,1.0816
0.36743,1.63403,-0.38188,-1.4836,0.319235,1.07941
0.499936,1.58085,-0.381195,-1.39143,0.477352,1.07739
0.648763,1.52126,-0.380356,-1.29568,0.680501,1.08369
0.786007,1.46643,-0.379544,-1.21722,0.826645,1.08459
0.9489,1.40154,-0.378528,-1.14244,0.959467,1.08571
1.07693,1.35066,-0.377707,-1.06869,1.10756,1.08692
1.22598,1.2916,-0.376699,-0.93882,1.34949,1.0828
1.45198,1.20238,-0.375087,-0.809736,1.57489,1.08255
1.5802,1.15196,-0.374109,-0.72479,1.74435,1.08393
1.71313,1.09983,-0.373097,-0.672886,1.83627,1.08491
1.85195,1.04633,-0.361621,-0.655714,1.88437,1.08605
1.86573,1.0431,-0.627594,-0.648981,1.8995,0.93297
1.86746,1.04145,-0.879594,-0.634126,1.9149,0.710105
1.8689,1.03904,-1.19655,-0.631989,1.91651,0.459848
1.86938,1.03726,-1.39772,-0.629947,1.92338,0.167819
1.86946,1.03491,-1.6539,-0.627111,1.92375,6.20239
1.86931,1.03313,-1.84426,-0.62538,1.92356,6.0592
1.84333,0.981769,-2.00514,-0.603509,1.91363,5.83531
1.77166,0.860047,-2.1322,-0.515722,1.84734,5.66639
1.71433,0.768868,-2.13183,-0.385807,1.77334,5.71344
1.60376,0.592808,-2.13113,-0.195948,1.65243,5.68823
1.50928,0.44214,-2.13051,0.490217,-1.51475,2.5556
1.41224,0.287165,-2.12984,0.355901,-1.41957,2.55613
1.32459,0.146996,-2.12922,0.307482,-1.3811,2.55657
1.24233,0.015272,-2.12865,0.167434,-1.29266,2.55684
1.1681,-0.103745,-2.12811,0.594621,1.14915,5.71648
1.09923,-0.214297,-2.12761,0.684986,1.0754,5.71718
1.02512,-0.33339,-2.12706,0.795498,1.0071,5.71753
0.943151,-0.465292,-2.12646,0.899803,0.948184,5.7181
0.866541,-0.588729,-2.1259,1.02275,0.87771,5.71883
0.805832,-0.686657,-2.12544,1.14497,0.800524,5.71928
0.689818,-0.874079,-2.12455,1.30616,0.698446,5.71997
0.621343,-0.984875,-2.12401,1.424,0.624363,5.72069
0.539776,-1.11703,-2.12338,1.5105,0.569702,5.72123
0.468803,-1.23217,-2.12283,1.59655,0.515564,5.72174
0.41102,-1.32602,-2.12236,1.62735,0.485395,5.72212
0.35328,-1.41989,-2.12192,1.67411,0.460777,5.72274
0.278545,-1.54154,-2.12131,1.75932,0.400182,5.72314
0.216977,-1.64188,-2.12084,1.86242,0.328223,5.72358
0.165925,-1.72517,-2.12042,1.90984,0.29538,5.72405
0.0841163,-1.86042,-2.11583,1.23422,-0.422928,4.73076
0.0790531,-1.87185,-2.57948,1.9758,0.219496,5.22116
0.0758375,-1.87307,-2.9511,1.96386,0.257093,4.99285
0.0736265,-1.87319,3.09614,1.97211,0.254651,4.68575
0.0694965,-1.87186,2.79003,1.97984,0.252576,4.45582
-0.0255166,-1.81588,2.57193,1.95002,0.206335,4.26463
-0.111987,-1.76046,2.57213,1.89074,0.0954345,4.20835
-0.228031,-1.68619,2.57257,1.83141,-0.0174487,4.21399
-0.369438,-1.59579,2.57321,1.77271,-0.127685,4.21419
-0.489788,-1.51896,2.5738,1.67096,-0.245607,4.15101
-0.586946,-1.45701,2.57429,1.63774,-0.315189,4.17424
-0.65244,-1.41528,2.57466,1.60427,-0.398976,4.19701
-0.726403,-1.36821,2.57506,1.55994,-0.471457,4.19732
-0.7877,-1.32922,2.57539,1.52549,-0.527387,4.19758
-0.868043,-1.27817,2.57586,1.47018,-0.619349,4.19795
-0.9611,-1.21911,2.57642,1.43287,-0.709496,4.17624
-1.03303,-1.1735,2.57684,1.39787,-0.779016,4.19935
-1.09652,-1.13329,2.57722,1.33263,-0.883364,4.19953
-1.16425,-1.09042,2.57765,1.30287,-0.953702,4.19994
-1.22777,-1.05026,2.57805,1.26751,-1.01806,4.20033
-1.32307,-0.990062,2.57865,1.21618,-1.09905,4.20082
-1.38239,-0.952637,2.57904,1.18061,-1.17122,4.20135
-1.45656,-0.905888,2.57953,1.11526,-1.24296,4.20169
-1.56044,-0.8405,2.58022,1.05589,-1.36615,4.20251
-1.66012,-0.777848,2.58091,0.991744,-1.47588,4.20323
-1.72377,-0.737894,2.58134,0.935243,-1.5652,4.20369
-1.78531,-0.699298,2.58176,0.905189,-1.63799,4.20397
-1.84265,-0.663858,2.58521,0.863691,-1.71366,4.20427
-1.85456,-0.659609,2.45754,0.838786,-1.73929,4.12174
-1.8557,-0.658485,2.28669,0.855229,-1.73982,3.91432
-1.85662,-0.657189,2.11588,0.849338,-1.74291,3.74706
-1.85724,-0.655921,1.96532,0.855344,-1.73,3.54787
-1.85777,-0.654015,1.75451,0.863159,-1.72734,3.37324
-1.8579,-0.652505,1.59389,0.846495,-1.66159,3.11332
-1.85616,-0.646307,1.42975,0.845211,-1.70294,3.06153
-1.83427,-0.567088,1.24471,0.790412,-1.72444,2.86972
-1.80564,-0.494332,1.18212,0.697417,-1.65658,2.76048
-1.76199,-0.387709,1.18236,-0.370982,1.91765,6.03679
-1.73258,-0.315846,1.1825,-0.319008,1.90456,6.03678
-1.69939,-0.234706,1.1827,-0.255698,1.88897,6.03692
-1.66811,-0.158196,1.18291,-0.194871,1.87505,6.03712
-1.6359,-0.0793587,1.18316,-0.116312,1.85383,6.03772
-1.59993,0.00876364,1.18347,-0.0179653,1.83029,6.0383
-1.56871,0.0853003,1.18373,0.0578155,1.81456,6.0387
-1.53279,0.173443,1.18407,0.137287,1.79264,6.03895
-1.5035,0.245357,1.18435,0.195462,1.77942,6.03928
-1.4667,0.335844,1.1847,0.256118,1.76297,6.03964
-1.44123,0.398495,1.18495,0.282316,1.7542,6.03992
-1.40731,0.482041,1.18532,0.259646,1.77876,6.0617
-1.38188,0.544709,1.18558,0.283958,1.7733,6.06204
-1.34519,0.63524,1.18597,0.350627,1.75834,6.06237
-1.30853,0.725788,1.1864,0.462899,1.73315,6.06256
-1.27566,0.80706,1.18677,0.537835,1.7162,6.06298
-1.24188,0.890667,1.18716,0.616914,1.69869,6.06324
-1.20627,0.978934,1.18756,0.734695,1.67252,6.06384
-1.17537,1.0556,1.18795,0.813159,1.65432,6.06425
-1.14543,1.12995,1.18829,0.905618,1.63433,6.06468
-1.11086,1.21594,1.18873,0.972757,1.61961,6.06507
-1.08005,1.29264,1.1891,1.05808,1.60083,6.06538
-1.0502,1.36703,1.18949,1.15408,1.57949,6.06601
-1.01013,1.467,1.19001,1.2333,1.56229,6.06647
-0.979424,1.54374,1.1904,1.33086,1.54015,6.06683
-0.945957,1.62748,1.19086,1.40703,1.52285,6.06709
-0.914383,1.70657,1.19128,1.51779,1.49956,6.06761
-0.886552,1.77637,1.19166,1.59967,1.48202,6.06818
-0.865234,1.82989,1.19195,1.68127,1.46417,6.06836
-0.859388,1.85646,1.14416,1.73536,1.45245,6.06898
-0.858567,1.85792,0.968024,1.74322,1.44962,5.91948
-0.857755,1.85893,0.832286,1.74335,1.44944,5.70651
-0.856561,1.86,0.661447,1.74455,1.44848,5.5454
-0.855457,1.86072,0.520858,1.74551,1.44706,5.40917
-0.854178,1.86131,0.370297,1.74609,1.44532,5.29071
-0.852869,1.86169,0.224744,1.74773,1.44395,5.1524
-0.851134,1.86189,0.0390434,1.74804,1.44299,4.93721
-0.849789,1.86184,-0.106406,1.68088,1.45781,4.88708
-0.816641,1.85248,-0.236192,1.68199,1.44133,4.75822
-0.753461,1.8328,-0.367204,1.67879,1.37378,4.6168
-0.677061,1.8005,-0.405014,1.66628,1.30484,4.48231
-0.598784,1.76695,-0.404789,1.6669,1.22455,4.47271
-0.518196,1.73243,-0.404499,1.64293,1.12521,4.48277
-0.462929,1.70877,-0.404294,1.63363,1.05912,4.48292
-0.391535,1.67823,-0.403997,1.61739,0.974216,4.50225
-0.304009,1.64082,-0.403611,1.60064,0.899109,4.50241
-0.241809,1.61426,-0.40333,1.58757,0.819935,4.50264
-0.161169,1.57986,-0.402927,1.56344,0.739479,4.48399
-0.0321146,1.52489,-0.402276,1.5361,0.626001,4.47529
0.103894,1.46706,-0.401546,1.51338,0.559604,4.47579
0.219188,1.41814,-0.400896,1.48529,0.430234,4.47658
0.359892,1.35856,-0.400045,1.48322,0.312419,4.47768
0.456801,1.3176,-0.399449,1.48111,0.292299,4.4778
0.572202,1.26892,-0.398708,1.45128,0.18121,4.47841
0.671475,1.22713,-0.398067,1.42586,0.0704916,4.47904
0.803115,1.17183,-0.397166,1.38078,-0.0866638,4.48
0.962537,1.10505,-0.396024,1.34577,-0.244304,4.48099
1.08736,1.05291,-0.395115,1.29629,-0.462628,4.48182
1.19141,1.00955,-0.394326,1.27239,-0.571364,4.48281
1.25617,0.982617,-0.393809,1.25458,-0.655114,4.48341
1.32557,0.953792,-0.393285,1.23666,-0.732194,4.48406
1.41813,0.915419,-0.392548,1.21623,-0.818634,4.48461
1.50146,0.880941,-0.391849,1.18643,-0.946483,4.48542
1.61492,0.834105,-0.39092,1.15701,-1.08044,4.48648
1.70758,0.795951,-0.390131,1.13415,-1.17853,4.48709
1.77477,0.768335,-0.38955,1.10714,-1.30497,4.48785
1.82881,0.750199,-0.394525,1.09168,-1.37117,4.49649
1.8299,0.749696,-0.515455,1.08332,-1.40852,4.41022
1.83104,0.748931,-0.66174,1.07078,-1.45759,4.26224
1.83211,0.747944,-0.817964,1.06355,-1.48426,4.04406
1.83294,0.746886,-0.963969,1.05882,-1.50509,3.91946
1.83363,0.745707,-1.10974,1.0563,-1.50954,3.6846
1.83425,0.743976,-1.30566,1.05246,-1.52769,3.52986
1.83451,0.742437,-1.47142,1.05029,-1.52944,3.42021
1.83663,0.684459,-1.55585,1.02249,-1.53269,3.27494
1.83926,0.497128,-1.55751,0.878531,-1.54823,3.23954
1.82946,0.375251,-1.71453,0.728355,-1.54443,3.07086
1.81725,0.29099,-1.71441,0.649504,-1.53462,3.03204
1.80544,0.2092,-1.71428,0.543619,-1.5288,3.08227
1.79256,0.119972,-1.71414,0.447539,-1.5229,3.08391
1.78147,0.0431335,-1.71405,0.354963,-1.51749,3.08242
1.76468,-0.0733672,-1.71398,0.280007,-1.51337,3.0825
1.74759,-0.192147,-1.71594,0.114343,-1.5025,3.08242
1.73057,-0.30857,-1.71584,0.0149891,-1.49857,3.08287
1.71756,-0.397753,-1.71574,-0.150241,-1.52839,3.10357
1.70023,-0.516683,-1.71548,-0.24143,-1.52471,3.10367
1.68652,-0.610848,-1.71526,-0.378275,-1.51947,3.10382
1.67607,-0.682714,-1.71511,-0.44764,-1.51606,3.10389
1.66347,-0.769454,-1.71493,-0.541051,-1.51332,3.10423
1.65124,-0.853716,-1.71476,-0.624772,-1.51023,3.10437
1.64119,-0.92311,-1.71461,-0.705144,-1.50688,3.1047
1.63006,-0.999941,-1.71444,-0.796743,-1.50414,3.10479
1.61394,-1.11148,-1.71417,-0.878138,-1.50145,3.10514
1.60177,-1.19575,-1.71397,-0.963657,-1.49847,3.10539
1.58856,-1.28746,-1.71373,-1.05529,-1.49514,3.10554
1.57643,-1.37174,-1.71349,-1.14227,-1.492,3.10589
1.55935,-1.49073,-1.71318,-1.2717,-1.4872,3.10612
1.54621,-1.58245,-1.71292,-1.35417,-1.48392,3.10632
1.5345,-1.66426,-1.71269,-1.4473,-1.48124,3.10665
1.52247,-1.74856,-1.71244,-1.54582,-1.47763,3.10698
1.51133,-1.8384,-1.69289,-1.68364,-1.47383,3.11414
1.51065,-1.84318,-1.91657,-1.70706,-1.47116,3.00715
1.50987,-1.84483,-2.13214,-1.72405,-1.46906,2.78654
1.50835,-1.84669,-2.38822,-1.81801,-1.46548,2.51057
1.50617,-1.84819,-2.67442,-1.81913,-1.4642,2.22042
1.50452,-1.84881,-2.86528,-1.82496,-1.46182,1.99753
1.5023,-1.84912,-3.10624,-1.8263,-1.45935,1.74314
1.42627,-1.83612,2.92417,-1.82725,-1.45116,1.59602
1.29464,-1.80446,2.90347,-1.81128,-1.28791,1.42109
1.20945,-1.78374,2.90275,-1.79387,-1.2115,1.36119
1.0929,-1.7553,2.90014,-1.77023,-1.10104,1.28539
0.961601,-1.72294,2.89975,-1.75266,-0.894812,1.43978
0.859486,-1.69775,2.89942,-1.77329,-0.798652,1.44422
0.764653,-1.6743,2.89895,-1.74587,-0.704367,1.44145
0.643091,-1.64416,2.89832,-1.75311,-0.603728,1.44302
0.519115,-1.61335,2.89769,-1.74616,-0.511148,1.44229
0.414603,-1.5873,2.89713,-1.74423,-0.454561,1.44198
0.290665,-1.55633,2.89646,-1.73516,-0.359756,1.44138
0.14974,-1.52101,2.89569,-1.7218,-0.234621,1.44111
0.0428499,-1.49414,2.89508,-1.68135,0.0255993,1.44016
-0.078597,-1.46353,2.89438,-1.61122,0.202807,1.43942
-0.175738,-1.43898,2.8938,-1.53548,0.316529,1.43332
-0.292016,-1.40944,2.89191,-1.54556,0.450558,1.43256
-0.420605,-1.37665,2.89175,-1.5602,0.544952,1.43246
-0.488542,-1.35932,2.89164,-1.54936,0.647305,1.4323
-0.575908,-1.33701,2.89148,-1.45498,0.834828,1.40582
-0.65841,-1.31593,2.89136,-1.43668,0.913113,1.40571
-0.748192,-1.29297,2.8912,-1.42078,1.00922,1.40535
-0.871938,-1.2613,2.89101,-1.40412,1.11518,1.40505
-0.995678,-1.2296,2.89082,-1.38212,1.24008,1.40494
-1.06119,-1.21282,2.89072,-1.36907,1.30795,1.40486
-1.15338,-1.18918,2.89058,-1.35858,1.37869,1.40476
-1.25527,-1.16304,2.89045,-1.34359,1.47603,1.40453
-1.34746,-1.13938,2.89032,-1.33035,1.55329,1.40432
-1.42751,-1.11882,2.89022,-1.32068,1.6287,1.40406
-1.50514,-1.09888,2.89012,-1.30626,1.69418,1.40392
-1.58034,-1.07956,2.89004,-1.29462,1.76639,1.40369
-1.66524,-1.05773,2.88994,-1.28336,1.82693,1.40376
-1.75256,-1.03527,2.88987,-1.27362,1.88494,1.40366
-1.83227,-1.01605,2.89326,-1.26633,1.93517,1.40382
-1.8474,-1.01518,2.78972,-1.26328,1.9409,1.37066
-1.84867,-1.0146,2.64375,-1.26325,1.93803,1.24024
-1.84999,-1.01371,2.47773,-1.26796,1.93302,1.0846
-1.85091,-1.01287,2.34698,-1.26921,1.90182,0.943542
-1.85179,-1.01181,2.20125,-1.26626,1.90296,0.785431
-1.85252,-1.0106,2.05057,-1.26532,1.90345,0.680885
-1.85314,-1.00902,1.86987,-1.26639,1.89539,0.517119
-1.85345,-1.00745,1.69918,-1.26527,1.89453,0.331933
-1.8535,-1.0059,1.5336,-1.25595,1.93673,0.181688
-1.84923,-0.991716,1.39741,-1.26235,1.89435,0.00768587
-1.83541,-0.938169,1.29173,-1.21714,1.88866,6.15007
-1.81192,-0.856308,1.29197,-1.13101,1.87601,6.13269
-1.794,-0.793703,1.29215,-1.07465,1.86745,6.14073
-1.77264,-0.719054,1.29239,-0.964084,1.85128,6.11938
-1.7575,-0.666074,1.29257,-0.537659,-1.77637,2.98184
-1.73481,-0.586598,1.29283,-0.654394,-1.75759,2.98216
-1.70938,-0.497482,1.29316,-0.743676,1.89826,6.20571
-1.69222,-0.437264,1.29338,-0.668301,1.89242,6.20589
-1.66891,-0.35536,1.29369,-0.589361,1.88632,6.2061
-1.64562,-0.27345,1.29398,-0.518286,1.88086,6.20644
-1.61893,-0.179483,1.29437,-0.410102,1.87255,6.20681
-1.59706,-0.102375,1.29467,-0.347612,1.86787,6.20721
-1.57317,-0.0180313,1.29504,-0.292516,1.86371,6.20745
-1.54727,0.0735535,1.29541,-0.23308,1.85918,6.20783
-1.52889,0.138632,1.2957,-0.160307,1.85369,6.20825
-1.50508,0.223001,1.29608,-0.102212,1.84957,6.20872
-1.48877,0.280859,1.29631,-0.0225953,1.84378,6.20896
-1.46909,0.350778,1.29664,0.928966,1.34642,5.47033
-1.4474,0.427936,1.297,0.0461804,1.83861,6.20939
-1.421,0.521984,1.29743,0.126879,1.83271,6.20996
-1.40207,0.589512,1.29776,0.217172,1.82607,6.21038
-1.37844,0.673931,1.29816,0.303927,1.81975,6.21091
-1.35619,0.753536,1.29854,0.381161,1.81426,6.21113
-1.33734,0.821086,1.29888,0.459909,1.80837,6.21147
-1.31448,0.90312,1.29929,0.524157,1.80407,6.21182
-1.29433,0.975511,1.29965,0.620998,1.79713,6.21223
-1.27287,1.05274,1.30006,0.760867,1.78572,6.21289
-1.24944,1.13721,1.30049,0.862918,1.78006,6.21333
-1.22003,1.24342,1.30107,0.964402,1.77273,6.2138
-1.19335,1.34,1.30159,1.07188,1.76495,6.2143
-1.17337,1.41244,1.30199,1.1652,1.75874,6.21473
-1.14612,1.51145,1.30255,1.26776,1.75113,6.21537
-1.12091,1.60323,1.30308,1.35634,1.74507,6.21582
-1.09641,1.69261,1.30361,1.44553,1.73866,6.21611
-1.06469,1.80858,1.3043,1.55597,1.73083,6.21696
-1.05952,1.83826,1.20073,1.63329,1.7234,6.19965
-1.05843,1.84026,0.959509,1.66998,1.72321,5.90073
-1.05745,1.84142,0.798828,1.58896,1.72764,5.6813
-1.05626,1.84242,0.633193,1.58862,1.72719,5.51018
-1.05476,1.84329,0.447543,1.58996,1.72573,5.32113
-1.05349,1.84377,0.302027,1.59159,1.72138,5.16139
-1.05168,1.84411,0.106244,1.66852,1.71591,5.0341
-1.04653,1.84384,-0.0336226,1.69043,1.71376,4.83147
-0.977652,1.83579,-0.167977,1.67951,1.65406,4.70743
-0.889144,1.81541,-0.24322,1.67539,1.56886,4.64881
-0.804052,1.79426,-0.243983,1.67377,1.49234,4.64731
-0.714115,1.77183,-0.244808,1.67139,1.40928,4.64735
-0.609909,1.74567,-0.247117,1.66347,1.29411,4.6401
-0.498225,1.71748,-0.247547,1.66458,1.16001,4.63965
-0.405955,1.69415,-0.248058,1.69308,1.08166,4.63823
-0.313689,1.67075,-0.248615,1.70615,1.00454,4.63556
-0.245711,1.65347,-0.249028,1.64667,0.968905,4.62728
-0.175315,1.63555,-0.249481,1.63089,0.935309,4.62757
-0.0978966,1.61577,-0.251287,1.63175,0.830019,4.62562
-0.0154388,1.5946,-0.251394,1.62329,0.736637,4.62858
0.0645921,1.57404,-0.251517,1.61983,0.66963,4.62851
0.144631,1.55348,-0.251631,1.60878,0.597785,4.62848
0.241659,1.52853,-0.251825,1.60608,0.536121,4.63132
0.31685,1.50917,-0.251958,1.67877,0.558073,4.63289
0.401741,1.48731,-0.252127,0.6185,1.48613,5.76384
0.474501,1.46856,-0.252243,0.67588,1.44206,5.76368
0.573938,1.44291,-0.252418,0.7751,1.3853,5.76338
0.663668,1.41976,-0.252569,0.844931,1.34537,5.76339
0.74127,1.39972,-0.252685,0.926778,1.29851,5.76311
0.823719,1.37842,-0.252818,1.0136,1.24877,5.76308
0.920716,1.35335,-0.25296,1.08644,1.2071,5.76301
1.00073,1.33266,-0.253086,1.23872,1.11983,5.76267
1.0856,1.3107,-0.253215,1.33359,1.06494,5.7626
1.16804,1.28936,-0.253332,1.41391,1.01837,5.76263
1.2432,1.26989,-0.25343,1.47742,0.981252,5.76241
1.32079,1.24979,-0.253533,1.58204,0.921726,5.76237
1.39595,1.23031,-0.253621,1.63558,0.891495,5.76218
1.4614,1.21333,-0.253699,1.69655,0.855446,5.7621
1.54868,1.19069,-0.253797,1.77419,0.812587,5.76207
1.62868,1.16994,-0.253899,1.82389,0.780894,5.7619
1.68686,1.15483,-0.253958,1.89132,0.744119,5.76193
1.76201,1.13532,-0.254036,1.91774,0.730289,5.76194
1.83443,1.11663,-0.253658,1.95151,0.710972,5.76179
1.8589,1.11298,-0.262416,1.96725,0.702665,5.77833
1.86022,1.11254,-0.408409,1.96816,0.702138,5.65891
1.86146,1.11188,-0.554262,1.96889,0.701499,5.54474
1.86239,1.11121,-0.674917,1.97145,0.699265,5.42734
1.86317,1.1105,-0.785484,1.97002,0.699963,5.32175
1.86397,1.10956,-0.916127,1.97133,0.698091,5.15544
1.86481,1.1082,-1.08685,1.97115,0.696989,5.00883
1.86543,1.10667,-1.2625,1.97126,0.695142,4.77711
1.86572,1.10534,-1.40803,1.97653,0.690518,4.62474
1.86582,1.10393,-1.55855,1.97544,0.690866,4.49441
1.86576,1.10263,-1.69898,1.97055,0.690919,4.4272
1.85972,1.0935,-1.86937,1.96251,0.694694,4.31791
1.82749,1.02251,-2.02418,1.91459,0.64345,4.13298
1.80002,0.966222,-2.02403,1.88704,0.590486,4.10962
1.76493,0.894161,-2.02379,1.83973,0.532072,4.11545
1.72656,0.815333,-2.02351,1.79646,0.465142,4.12002
1.70465,0.770283,-2.02332,1.77189,0.422422,4.12026
1.67946,0.71847,-2.02313,1.74373,0.357945,4.12058
1.64553,0.648627,-2.02283,1.71583,0.313009,4.121
1.6149,0.585537,-2.02258,1.67126,0.248423,4.12141
1.58647,0.526944,-2.02235,1.63556,0.202541,4.12705
1.55041,0.452568,-2.02203,1.61005,0.156322,4.12213
1.52747,0.40523,-2.02182,1.58237,0.14525,4.13287
1.50236,0.35338,-2.0216,1.52196,0.112876,4.13299
1.47072,0.287994,-2.0213,1.47961,0.0509602,4.14336
1.44564,0.236132,-2.02107,1.44705,-0.00712392,4.14358
1.41512,0.172986,-2.02078,1.41184,-0.0696983,4.14382
1.38462,0.109831,-2.02049,1.40277,-0.0623063,4.14415
1.35849,0.0556911,-2.02024,1.40209,-0.0611909,4.1446
1.33237,0.00154372,-2.01998,-0.533454,-1.1857,2.2146
1.30627,-0.0526094,-2.01973,-0.747348,-1.33157,2.07098
1.27693,-0.11354,-2.01944,-0.777934,-1.27061,2.07124
1.24651,-0.176736,-2.01913,-0.811268,-1.21884,2.07139
1.21611,-0.239942,-2.01881,-0.705565,-0.978893,2.21569
1.1814,-0.312188,-2.01845,-0.743318,-0.928361,2.21601
1.15321,-0.370898,-2.01817,-0.792193,-0.863859,2.21633
1.1153,-0.449943,-2.01777,-0.83126,-0.811997,2.21657
1.08823,-0.506412,-2.01747,-0.883191,-0.743118,2.21712
1.05362,-0.578705,-2.01713,-0.92223,-0.691383,2.21748
1.02551,-0.637453,-2.0168,-0.970392,-0.627583,2.21781
1.00174,-0.68717,-2.01656,-1.01618,-0.56701,2.21795
0.974747,-0.743672,-2.01628,-1.12208,-0.426477,2.21826
0.948847,-0.797922,-2.01598,-1.1571,-0.38067,2.21858
0.918651,-0.861224,-2.01565,-1.21013,-0.310646,2.2189
0.886322,-0.929059,-2.01529,-1.24502,-0.264533,2.21924
0.855093,-0.994643,-2.01492,-1.26984,-0.231898,2.21958
0.826039,-1.05571,-2.01459,-1.31897,-0.167177,2.21999
0.781959,-1.14847,-2.0141,-1.36059,-0.112445,2.2205
0.746513,-1.22314,-2.0137,-1.4155,-0.0400933,2.22088
0.700373,-1.32047,-2.01315,-1.48327,0.0490864,2.22151
0.662856,-1.3997,-2.01271,-1.53415,0.119534,2.22166
0.627514,-1.47443,-2.0123,-1.58,0.180129,2.22225
0.572957,-1.58993,-2.01163,-1.64218,0.266558,2.22275
0.5409,-1.6579,-2.01125,-1.69184,0.339255,2.22315
0.514206,-1.71454,-2.01094,-1.7368,0.38708,2.22375
0.483264,-1.78026,-2.01057,-1.77183,0.436014,2.2242
0.462419,-1.83299,-2.06079,-1.81504,0.51812,2.23643
0.461453,-1.83444,-2.24705,-1.81247,0.517596,2.02332
0.460205,-1.8357,-2.43815,-1.82427,0.509568,1.86008
0.458692,-1.83672,-2.63398,-1.82491,0.538538,1.68133
0.457093,-1.83739,-2.81968,-1.82502,0.497701,1.62419
0.452555,-1.83833,-3.05429,-1.84556,0.528962,1.39769
0.353823,-1.84539,-3.09438,-1.87344,0.640702,1.2832
0.231352,-1.8414,2.99233,-1.77211,0.698632,1.20016
0.137613,-1.8215,2.91363,-1.75513,0.83894,1.03635
0.059543,-1.80339,2.91386,-1.70563,0.969026,1.01922
-0.0331711,-1.78191,2.91416,-1.67727,1.04958,1.03422
-0.133215,-1.75877,2.91451,-1.62018,1.12974,1.03454
-0.286965,-1.72328,2.91514,-1.54835,1.2258,1.03524
-0.433414,-1.68957,2.91576,-1.46715,1.36222,1.03622
-0.572561,-1.65764,2.91639,-1.34547,1.60488,1.03544
-0.670222,-1.63528,2.91684,-1.30096,1.68042,1.03576
-0.767892,-1.61296,2.91729,-1.25676,1.74142,1.03347
-0.870458,-1.58958,2.91781,-1.22345,1.80011,1.03358
-0.987691,-1.56292,2.91839,-1.21759,1.82931,1.03412
-1.09761,-1.538,2.91895,-1.19445,1.87414,1.03476
-1.21732,-1.51092,2.91961,-1.16064,1.93103,1.03549
-1.30284,-1.49163,2.92007,-1.9206,0.358504,2.06966
-1.41525,-1.46635,2.92071,-1.96732,0.434288,2.07044
-1.53745,-1.43894,2.92144,-1.99045,0.476462,2.07102
-1.66701,-1.40999,2.92221,-1.91192,-0.251194,3.29585
-1.76236,-1.38875,2.92283,1.52373,-1.13084,4.85578
-1.83465,-1.3749,2.93972,1.53525,-1.20914,4.85864
-1.84022,-1.37395,2.72058,1.53573,-1.23526,4.72219
-1.84207,-1.37283,2.49461,1.53525,-1.23735,4.50668
-1.84366,-1.37126,2.25869,1.53195,-1.23521,4.18295
-1.84487,-1.3693,2.0128,1.53104,-1.23855,3.98341
-1.8456,-1.36682,1.73676,-1.42948,-1.86141,1.99216
-1.84158,-1.34405,1.46575,1.52145,-1.23412,3.28563
-1.82867,-1.2214,1.46952,-1.44339,-1.72132,1.75677
-1.81449,-1.08188,1.46956,-1.45553,-1.59627,1.66771
-1.80083,-0.947349,1.46968,-1.47712,-1.39589,1.66784
-1.78466,-0.787905,1.46991,-1.49813,-1.25121,1.75678
-1.76778,-0.620979,1.47018,-1.52051,-1.12063,1.71252
-1.75848,-0.528793,1.47032,-1.56522,-1.01429,1.75695
-1.74493,-0.394249,1.47056,-1.57661,-0.927388,1.75713
-1.73542,-0.29957,1.47076,-1.60858,-0.814078,1.75724
-1.72692,-0.214852,1.47094,-1.62175,-0.751132,1.75772
-1.71669,-0.112692,1.47114,-1.64574,-0.63751,1.75793
-1.70649,-0.0105288,1.47137,-1.65629,-0.595594,1.75813
-1.69878,0.0667181,1.47156,-1.67136,-0.56046,1.75824
-1.69035,0.151442,1.47173,-1.67214,-0.558295,1.7584
-1.67773,0.278532,1.47206,-1.69101,-0.446827,1.7587
-1.66984,0.358278,1.47225,-1.71162,-0.351791,1.75886
-1.66048,0.452977,1.47248,-1.7327,-0.243474,1.75914
-1.65115,0.547679,1.47273,-1.75271,-0.142948,1.75934
-1.64281,0.632415,1.47296,-1.76651,-0.0551857,1.75961
-1.63572,0.704692,1.47317,-1.78091,0.0194271,1.75971
-1.62621,0.801893,1.47341,-1.81322,0.166386,1.76016
-1.6189,0.876665,1.47363,-1.82734,0.23761,1.76047
-1.61332,0.933992,1.4738,-1.84248,0.313123,1.76063
-1.60387,1.0312,1.47406,-1.85927,0.400504,1.76087
-1.58985,1.17577,1.47447,-1.88423,0.531371,1.76115
-1.57854,1.29293,1.4748,-1.90923,0.659361,1.76136
-1.56584,1.42505,1.47517,-1.93425,0.788948,1.76173
-1.55247,1.56465,1.47557,-1.96018,0.922678,1.76209
-1.54485,1.64443,1.47583,-1.9737,0.991868,1.76234
-1.53797,1.71672,1.47604,-1.98442,1.04805,1.76239
-1.53158,1.78404,1.47625,-1.99136,1.08478,1.76273
-1.52983,1.8182,1.3986,-1.99702,1.11997,1.72879
-1.52957,1.81924,1.28712,-1.9972,1.12467,1.60481
-1.52903,1.82066,1.13002,-1.99705,1.12625,1.46938
-1.52853,1.82162,0.99334,-1.99697,1.13066,1.38646
-1.52758,1.82283,0.826623,-1.99658,1.1322,1.24802
-1.52657,1.82378,0.675261,-1.99551,1.1307,1.00118
-1.52574,1.82432,0.507418,-1.99486,1.13122,0.884124
-1.52482,1.8247,0.322925,-1.99429,1.13226,0.738568
-1.51352,1.8285,0.142448,-1.99315,1.13315,0.515805
-1.45228,1.83822,0.156143,-1.9376,1.16726,0.502216
-1.43618,1.83899,0.0937834,-1.91599,1.1853,0.501392
-1.42063,1.83951,-0.00530395,-1.9123,1.18614,0.377099
-1.35213,1.8385,-0.0278388,-1.84286,1.20721,0.344419
-1.18715,1.82263,-0.106675,-1.71806,1.24383,0.27057
-0.997925,1.80243,-0.106079,-1.54276,1.29222,0.267096
-0.890845,1.79104,-0.105776,-1.4167,1.32551,0.259837
-0.781268,1.77942,-0.105469,-1.32661,1.34824,0.257701
-0.676669,1.76835,-0.105154,-1.23746,1.36766,0.254649
-0.594481,1.75968,-0.104874,-1.16939,1.38492,0.250968
-0.515765,1.75162,-0.103325,-1.14152,1.39748,0.263413
-0.493109,1.7506,-0.171772,-1.07636,1.41601,0.240879
-0.431101,1.73231,-0.245012,-1.0286,1.42248,0.12446
-0.398693,1.7266,-0.281144,-0.974873,1.43139,0.158362
-0.39661,1.72575,-0.517057,-0.965865,1.432,6.19495
-0.362721,1.69671,-0.689168,-0.966359,1.42839,5.9836
-0.256274,1.60013,-0.776761,-0.8389,1.36247,5.8331
-0.186602,1.53165,-0.77647,-0.763978,1.31469,5.828
-0.109755,1.45618,-0.77614,-0.695298,1.28339,5.82223
-0.0221546,1.37021,-0.775736,-0.592997,1.21721,5.82007
0.06548,1.28427,-0.775346,-0.391194,1.1464,5.83079
0.122729,1.22816,-0.775073,-0.285308,1.09994,5.83139
0.174625,1.17733,-0.77482,-0.222734,1.06976,5.8318
0.228322,1.12476,-0.774568,-0.169301,1.0433,5.83197
0.323223,1.03192,-0.774095,-0.0436585,0.9857,5.83215
0.416373,0.940881,-0.773651,0.076548,0.939423,5.8324
0.484471,0.874376,-0.77329,0.115738,0.931277,5.83326
0.577695,0.783408,-0.772834,0.241434,0.840429,5.83332
0.697875,0.666264,-0.772211,0.505511,0.722377,5.83367
0.837875,0.529982,-0.771476,0.638166,0.661289,5.83409
0.938451,0.432202,-0.770959,0.805916,0.579974,5.83475
1.06244,0.311796,-0.770299,0.945095,0.511657,5.83499
1.18652,0.191474,-0.769628,1.13796,0.419974,5.83573
1.30167,0.0799444,-0.769003,1.27722,0.351778,5.83655
1.40609,-0.0210656,-0.768423,1.41971,0.277807,5.83699
1.47093,-0.0837312,-0.768049,1.52655,0.225128,5.83752
1.54301,-0.153332,-0.767659,1.618,0.189321,5.83787
1.63142,-0.238614,-0.767016,1.70857,0.141361,5.83838
1.69464,-0.299543,-0.766459,1.75589,0.121588,5.83891
1.75789,-0.360431,-0.765877,1.78406,0.105699,5.83958
1.82661,-0.426497,-0.765269,1.82975,0.0796132,5.84021
1.8747,-0.472309,-0.809172,1.89676,0.0574012,5.85843
1.87591,-0.473814,-1.00088,1.87899,0.0677272,5.65789
1.87698,-0.47602,-1.24802,1.88196,0.0667929,5.4001
1.87733,-0.477724,-1.43399,1.88593,0.0600829,5.1502
1.87734,-0.480628,-1.7504,1.87627,0.0583131,4.94854
1.85374,-0.528235,-1.99484,1.83907,0.0711993,4.69875
1.77945,-0.668068,-2.06772,1.80988,-0.0727645,4.41037
1.72216,-0.773765,-2.06726,1.76633,-0.185951,4.38397
1.65298,-0.901519,-2.06667,1.71939,-0.324569,4.37683
1.58746,-1.0227,-2.06611,1.71527,-1.68566,3.97169
1.52795,-1.1329,-2.0656,1.62508,-1.78438,3.97227
1.46612,-1.24754,-2.06505,1.54338,-1.87414,3.97299
1.40674,-1.3578,-2.06453,1.49446,-1.9279,3.97339
1.35096,-1.46148,-2.06402,1.48072,-1.94289,3.97389
1.29761,-1.56077,-2.06351,1.44939,-1.97735,3.97438
1.24431,-1.66009,-2.06302,1.16126,1.71534,0.312366
1.19224,-1.75722,-2.06252,1.25122,1.74444,0.312792
1.14454,-1.85397,-2.07973,1.34843,1.77698,0.322987
1.14331,-1.85571,-2.30639,1.35837,1.77843,0.134675
1.14133,-1.85733,-2.58274,1.3219,1.79169,5.97944
1.13892,-1.85836,-2.86376,1.35821,1.78051,5.60584
1.13667,-1.85867,-3.10479,1.36315,1.77744,5.41397
1.12172,-1.8541,2.9601,1.36047,1.8,5.05642
1.0054,-1.81539,2.70668,1.38806,1.68162,4.80602
0.987926,-1.81121,2.56425,1.38018,1.64384,4.50449
0.944791,-1.77795,2.48435,1.42384,1.56329,4.46595
0.946599,-1.78244,2.2935,1.44191,1.59964,4.41626
0.948453,-1.78945,2.09743,1.46172,1.61046,4.29748
0.935062,-1.76388,1.89744,1.45999,1.60994,4.08715
0.894829,-1.64608,1.89783,1.37959,1.51836,4.05317
0.851426,-1.51802,1.89729,1.29516,1.4114,4.05277
0.816916,-1.41603,1.89687,1.223,1.32936,4.04923
0.777651,-1.29979,1.89636,1.1351,1.23175,4.04656
0.731245,-1.16218,1.89576,0.959721,1.01606,4.03624
0.68572,-1.0269,1.89517,0.860235,0.881359,3.94095
0.647444,-0.912971,1.89468,0.346597,0.0301282,2.41717
0.614004,-0.813263,1.89425,0.348376,-0.602697,1.62256
0.582193,-0.718289,1.89384,0.664432,0.747393,3.92771
0.546452,-0.611427,1.89334,0.67451,0.677973,3.98368
0.516313,-0.521175,1.89294,0.62745,0.600116,4.02517
0.472755,-0.390525,1.89237,0.635345,0.609844,4.02428
0.4348,-0.276482,1.89186,-1.00598,0.347219,3.43219
0.421788,-0.231023,1.79645,-1.096,0.320921,3.42014
0.42162,-0.228127,1.48596,-1.0984,0.321186,3.09073
0.421957,-0.225752,1.23094,-1.10035,0.321984,2.81396
0.423327,-0.223244,0.930415,-1.10686,0.322954,2.55285
0.424984,-0.22156,0.679711,-1.1085,0.324353,2.30121
0.4273,-0.220231,0.393759,-1.11038,0.327181,2.02502
0.521955,-0.199935,0.0604331,-1.10043,0.379459,1.59667
0.692814,-0.199763,-0.00541959,-1.06948,0.547239,1.44762
0.863112,-0.200754,-0.00602167,-1.00054,0.677089,1.51489
0.990834,-0.201558,-0.0063995,-1.0159,-0.176644,3.23865
1.10603,-0.20232,-0.00668452,-1.12815,-0.188439,3.23841
1.24628,-0.203285,-0.00697922,-1.2707,-0.202139,3.23807
1.36154,-0.204101,-0.00703427,-1.37898,-0.212762,3.23804
1.50703,-0.205141,-0.0067633,-1.50416,-0.224856,3.23825
1.67761,-0.206305,-0.00644684,-1.65327,-0.23934,3.23848
1.80812,-0.206999,-0.00576131,-1.80823,-0.254427,3.2391
1.81495,-0.207391,-0.308365,-1.84083,-0.250154,3.05278
1.81859,-0.209377,-0.713669,-1.8446,-0.248495,2.71841
1.82064,-0.211767,-1.02491,-1.8408,-0.244246,2.31373
1.82582,-0.220948,-1.34447,-1.86196,-0.242737,2.04978
1.84463,-0.306172,-1.40611,-1.89244,-0.160935,1.98815
1.84094,-0.34087,-1.67474,-1.89242,-0.175384,1.56875
1.81725,-0.48967,-1.73546,-1.86615,0.00307425,1.45057
1.79509,-0.623329,-1.73428,-1.81113,0.07241,1.42601
1.77348,-0.754536,-1.73301,-1.82985,0.16964,1.39952
1.74924,-0.903101,-1.73147,-1.8312,0.218349,1.40743
1.72405,-1.05913,-1.72972,-0.941868,1.3272,0.575836
1.6964,-1.23255,-1.72757,1.55274,1.30413,0.0781175
1.66759,-1.41594,-1.72515,1.69812,1.3089,0.08089
1.64838,-1.53989,-1.72344,-1.77526,-1.04646,2.96641
1.62901,-1.66635,-1.72167,1.7816,1.31523,0.0862601
1.6121,-1.77797,-1.72006,1.03186,1.96692,0.100696
1.60679,-1.82916,-1.8348,1.10164,1.97011,0.0535273
1.60592,-1.83131,-2.07831,1.11879,1.97023,6.11639
1.60465,-1.83305,-2.31663,-1.99603,-1.01823,2.34403
1.60369,-1.83381,-2.56654,-1.99692,-1.01671,2.08063
1.60285,-1.83424,-2.74054,-1.99721,-1.01571,1.84439
1.59859,-1.83554,-3.0723,-1.99694,-1.01331,1.65684
1.51393,-1.84032,3.11309,-1.99022,-0.951582,1.51353
1.43559,-1.83483,3.08091,-1.98495,-0.888973,1.41673
1.3155,-1.82344,3.02961,-1.96342,-0.784961,1.37459
1.19128,-1.80948,3.02797,-1.93915,-0.649546,1.37838
1.08679,-1.79757,3.02814,-1.91814,-0.552038,1.37189
0.957423,-1.78284,3.0283,-1.89112,-0.418828,1.37085
0.813125,-1.76643,3.02847,-1.87291,-0.326621,1.37003
0.671298,-1.75034,3.02872,-1.84576,-0.212348,1.36762
0.494623,-1.73034,3.02913,-1.80996,-0.0519549,1.36818
0.357755,-1.71489,3.02949,-1.79295,0.0279792,1.36828
0.243278,-1.70202,3.02979,-1.74187,0.30962,1.36012
0.108888,-1.68694,3.03015,-1.69106,0.383603,1.36919
0.00435653,-1.67525,3.03045,-1.67754,0.476861,1.36992
-0.0976899,-1.66387,3.03075,-1.68128,0.559133,1.36985
-0.19476,-1.65307,3.03102,-1.66222,0.651973,1.37035
-0.336639,-1.63734,3.03145,-1.55327,0.993753,1.34703
-0.478525,-1.62167,3.03189,-1.52337,1.11028,1.34778
-0.657761,-1.60197,3.03245,-1.49323,1.22791,1.37135
-0.839498,-1.5821,3.03303,-1.45533,1.35986,1.37229
-0.97643,-1.5672,3.03348,-1.43571,1.38953,1.37325
-1.081,-1.55586,3.03385,-1.47953,1.48479,1.37353
-1.18309,-1.54483,3.03419,-1.48204,1.56487,1.37388
-1.29265,-1.53303,3.03456,-1.46456,1.64813,1.37411
-1.41217,-1.5202,3.03497,-1.44083,1.76733,1.37449
-1.52673,-1.50796,3.03537,-1.41907,1.86522,1.37494
-1.67117,-1.49258,3.0359,-1.41378,1.87867,1.37617
-1.82377,-1.47783,3.04443,-1.47346,-1.31087,3.3009
-1.83218,-1.47664,2.67272,-1.52502,-1.30843,3.01056
-1.83428,-1.47516,2.39013,-1.54858,-1.3164,2.61134
-1.83585,-1.47317,2.08431,-1.55103,-1.30479,2.25863
-1.83651,-1.47098,1.68598,-1.55453,-1.31148,1.93108
-1.83341,-1.41839,1.48586,-1.59126,-1.28396,1.55708
-1.82345,-1.30118,1.48633,-1.70104,-0.979108,1.47288
-1.81207,-1.16647,1.48662,-1.78399,-0.687757,1.266
-1.79925,-1.01428,1.48676,-1.56884,-0.92169,1.50813
-1.79044,-0.90948,1.48699,-1.57015,-0.740181,1.50747
-1.77518,-0.727315,1.4874,-1.74746,-0.352251,1.33919
-1.76371,-0.590064,1.48774,-1.72039,-0.196925,1.33955
-1.75148,-0.442824,1.48807,-1.69643,-0.0901765,1.3399
-1.73476,-0.240673,1.48859,-1.6586,0.0809195,1.34043
-1.72592,-0.133355,1.48887,-1.6377,0.168718,1.34068
-1.7161,-0.0135537,1.4892,-1.62117,0.224903,1.34117
-1.70529,0.118731,1.48955,-1.61823,0.249464,1.34149
-1.69474,0.248524,1.4899,-1.59094,0.355525,1.34168
-1.68444,0.375825,1.49027,-1.56695,0.473195,1.34189
-1.67458,0.498137,1.49059,-1.53395,0.618449,1.34208
-1.66256,0.647912,1.49104,-1.50559,0.740197,1.34245
-1.64743,0.837635,1.49159,-1.44258,1.01299,1.34278
-1.63576,0.984926,1.49201,-1.40745,1.16349,1.34328
-1.62789,1.08479,1.4923,-1.38502,1.25997,1.34363
-1.61945,1.19214,1.49263,-1.36104,1.36349,1.34422
-1.60755,1.34444,1.49307,-1.32682,1.51365,1.34471
-1.59823,1.46428,1.49344,-1.30263,1.61985,1.34526
-1.58684,1.6116,1.4939,-1.27388,1.73684,1.34574
-1.57934,1.70898,1.49418,-1.25632,1.82272,1.34608
-1.57034,1.82634,1.49456,-1.24454,1.87188,1.34637
-1.56897,1.86172,1.34662,-1.51685,-1.72784,3.03553
-1.56798,1.86434,1.0423,-1.52042,-1.72649,2.68604
-1.56665,1.86605,0.799765,-1.22035,1.94732,0.755122
-1.56511,1.86729,0.54322,-1.22039,1.94268,0.459459
-1.5638,1.86782,0.273766,-1.21871,1.94316,0.186855
-1.56251,1.868,0.0375865,-1.2153,1.95531,0.0548027
-1.56074,1.86794,-0.243367,-1.21687,1.93688,5.963
-1.46355,1.81935,-0.515057,-1.14724,1.90449,5.65845
-1.33762,1.74735,-0.519207,-1.04764,1.85779,5.63786
-1.22887,1.68524,-0.518372,-0.982174,1.81481,5.64071
-1.10699,1.61578,-0.517597,-0.88689,1.745,5.64226
-1.00249,1.55631,-0.516927,-0.819641,1.70514,5.64297
-0.887053,1.49073,-0.516158,-0.737348,1.64554,5.65987
-0.795538,1.43883,-0.515532,-0.645296,1.5906,5.66099
-0.673467,1.36971,-0.514663,-0.54623,1.51771,5.66165
-0.518613,1.28224,-0.513561,-0.407947,1.41835,5.6618
-0.39204,1.2109,-0.512646,-0.314808,1.32631,5.65545
-0.173653,1.0882,-0.511009,-0.185292,1.21935,5.64261
0.0274429,0.975625,-0.509433,0.026408,1.06322,5.64637
0.202453,0.877995,-0.50805,0.189025,0.949218,5.64657
0.347185,0.797559,-0.506159,0.283148,0.877064,5.64769
0.45693,0.736805,-0.504573,0.393553,0.804029,5.6504
0.560175,0.679857,-0.503065,0.584612,0.667711,5.65438
0.742722,0.579689,-0.500176,0.72483,0.565963,5.65762
0.85944,0.516004,-0.498281,0.825069,0.498722,5.65976
0.969662,0.456131,-0.496474,0.963998,0.396454,5.66105
1.14625,0.36076,-0.493447,1.08598,0.307787,5.66351
1.31871,0.268293,-0.49043,1.26021,0.191933,5.66689
1.50474,0.169301,-0.487094,1.38263,0.0959147,5.67008
1.76442,0.0324621,-0.482393,1.67076,-0.0887056,5.67456
1.86289,-0.0151017,-0.594764,1.83468,-0.199045,5.69083
1.8654,-0.0175376,-0.948242,1.8308,-0.204426,5.32991
1.86691,-0.0210749,-1.3705,1.84001,-0.216132,4.99134
1.86699,-0.0244421,-1.737,1.83431,-0.210612,4.53769
1.82187,-0.103128,-2.08464,1.90419,-0.263185,4.17429
1.74675,-0.236188,-2.08431,1.82645,-0.397528,4.06983
1.68278,-0.34965,-2.08391,1.72749,-0.48093,4.0823
1.60779,-0.482779,-2.08343,1.64363,-0.605469,4.08247
1.50342,-0.668353,-2.08268,1.56455,-0.732062,4.0773
1.39429,-0.86274,-2.08188,1.42485,-0.992849,4.04076
1.30612,-1.02006,-2.0812,1.22621,-1.20184,4.04127
1.27032,-1.09364,-2.07374,1.16366,-1.29962,4.0505
1.26887,-1.09599,-2.26198,1.16656,-1.2989,3.97947
1.26713,-1.0976,-2.50562,1.1672,-1.29085,3.75162
1.26437,-1.09898,-2.82496,1.20202,-1.23957,3.41856
1.26209,-1.0994,-3.06136,1.18007,-1.23877,3.17894
1.26011,-1.09936,3.01589,1.17766,-1.23809,2.93711
1.25824,-1.09914,2.82287,1.19264,-1.23759,2.80924
1.25679,-1.09885,2.67526,1.18313,-1.23693,2.60269
1.25483,-1.09761,2.44018,1.17315,-1.26936,2.39266
1.25404,-1.09686,2.32993,1.15444,-1.23627,2.25108
1.25255,-1.09476,2.06635,1.15379,-1.23303,2.07059
1.25198,-1.09343,1.91809,1.13801,-1.31551,1.88455
1.25166,-1.09225,1.7924,1.15361,-1.30466,1.73109
1.24118,-1.02738,1.66463,1.13897,-1.27404,1.60369
1.23727,-0.968957,1.61869,1.14198,-1.21848,1.49595
1.23059,-0.87102,1.65457,1.1509,-1.0925,1.50058
1.22264,-0.792301,1.6854,1.15314,-1.04515,1.5209
1.21422,-0.724663,1.70204,1.15735,-0.956182,1.54601
1.20605,-0.66297,1.70192,1.15822,-0.888798,1.54582
1.19225,-0.557468,1.70012,1.16327,-0.761152,1.55025
1.18623,-0.510661,1.69712,1.17114,-0.701055,1.55792
1.17837,-0.446865,1.69021,1.17577,-0.638888,1.55551
1.17398,-0.409972,1.68763,1.17721,-0.577024,1.54915
1.16589,-0.341197,1.68841,1.18234,-0.526352,1.53826
1.1598,-0.29143,1.69709,1.18391,-0.476671,1.54283
1.15117,-0.225795,1.70495,1.17775,-0.411507,1.55354
1.14436,-0.175048,1.70256,1.17385,-0.345558,1.55406
1.13813,-0.127245,1.69755,1.16963,-0.305284,1.56085
1.13254,-0.0813394,1.6865,1.16299,-0.307562,1.55965
1.1267,-0.0273439,1.67146,1.16182,-0.238136,1.5566
1.12201,0.0227201,1.65769,1.16196,-0.0881851,1.61079
1.11943,0.0620723,1.61611,1.16111,-0.0456012,1.57728
1.1182,0.103421,1.5881,1.16075,-0.00913827,1.53825
1.11755,0.167739,1.5771,1.16285,0.0483319,1.52343
1.11699,0.24402,1.57908,1.16591,0.14211,1.52453
1.11629,0.326329,1.57948,1.16821,0.234167,1.53126
1.11588,0.409692,1.57278,1.17208,0.294084,1.52082
1.11567,0.487984,1.57443,1.17554,0.398382,1.52691
1.11554,0.555264,1.57118,1.18171,0.433378,1.51845
1.11523,0.645577,1.57647,1.18651,0.562591,1.52155
1.11481,0.702772,1.58013,1.18558,0.623866,1.53283
1.1145,0.763061,1.5716,1.18602,0.691012,1.52654
1.11483,0.826381,1.56086,1.18866,0.735219,1.51712
1.11575,0.89669,1.55474,1.19268,0.804961,1.50903
1.11665,0.954907,1.5562,1.19722,0.893549,1.50798
1.11685,0.973241,1.50363,1.20039,0.921233,1.481
1.11704,0.97526,1.29327,1.19873,0.922321,1.27834
1.11722,0.976307,1.18571,1.1988,0.919752,1.16495
1.11765,0.977633,1.04322,1.19971,0.918303,1.00558
1.11913,0.979554,0.79518,1.20106,0.923028,0.805505
1.12038,0.980611,0.626952,1.20239,0.924259,0.59399
1.1219,0.98149,0.445997,1.20364,0.926317,0.447635
1.12564,0.98251,0.185396,1.20527,0.936787,0.198035
1.12822,0.982616,-0.0806036,1.20877,0.93803,6.09652
1.12987,0.982462,-0.253177,1.21034,0.947028,6.04837
1.13145,0.982194,-0.413085,1.21236,0.945968,5.90402
1.13392,0.980848,-0.700604,1.21387,0.946939,5.62162
1.13521,0.979519,-0.8886,1.21508,0.945702,5.3803
1.13625,0.977913,-1.08444,1.21637,0.943793,5.20854
1.13695,0.976136,-1.28048,1.2181,0.952646,5.01251
1.14492,0.891499,-1.5281,1.2175,0.913707,4.7517
1.148,0.813234,-1.53194,1.21534,0.827303,4.69671
1.15139,0.751292,-1.49713,1.20752,0.750424,4.67932
1.1599,0.672849,-1.43687,1.22368,0.701208,4.77883
1.16739,0.612967,-1.45502,1.22712,0.651067,4.77817
1.17838,0.502922,-1.48094,1.23165,0.564038,4.75699
1.18742,0.397876,-1.48743,1.23552,0.44677,4.74485
1.19595,0.298898,-1.48317,1.23903,0.370259,4.74892
1.207,0.173926,-1.48247,1.24399,0.225074,4.74942
1.21723,0.0589555,-1.48197,1.24764,0.113247,4.74979
1.22268,-0.00202598,-1.4815,1.25104,0.0565621,4.75224
1.22793,-0.0610205,-1.48287,1.25411,-0.000114645,4.7534
1.2339,-0.130036,-1.48584,1.26117,-0.148691,4.75213
1.24321,-0.242088,-1.48952,1.26464,-0.239526,4.7483
1.24825,-0.304113,-1.48961,1.26706,-0.319205,4.74735
1.25111,-0.339125,-1.48905,1.26859,-0.372272,4.74748
1.26047,-0.452149,-1.48778,1.27148,-0.466898,4.74868
1.26733,-0.534163,-1.48718,1.27602,-0.567779,4.74913
1.27361,-0.609179,-1.48743,1.28002,-0.647494,4.74933
1.28238,-0.715218,-1.48895,1.28296,-0.740381,4.74797
1.28871,-0.792243,-1.48885,1.2865,-0.827712,4.74849
1.29371,-0.853267,-1.48932,1.2887,-0.876438,4.74817
1.30408,-0.981331,-1.49058,1.29568,-0.98471,4.74764
1.31033,-1.06141,-1.49489,1.29909,-1.08753,4.74537
1.31833,-1.16953,-1.49834,1.30227,-1.20598,4.74046
1.32267,-1.22858,-1.4966,1.30419,-1.25704,4.74179
1.3296,-1.32167,-1.49651,1.30731,-1.36232,4.74237
1.33512,-1.39803,-1.41829,1.30986,-1.43931,4.74184
1.33511,-1.39715,-1.28425,1.30789,-1.4286,4.92109
1.33505,-1.39627,-1.15035,1.31203,-1.42791,5.05722
1.33477,-1.39445,-0.865414,1.31157,-1.40877,5.351
1.33392,-1.39331,-0.617312,1.31091,-1.41474,5.57002
1.33261,-1.39255,-0.344314,1.30907,-1.42694,5.79838
1.33165,-1.39226,-0.163268,1.29832,-1.41416,6.09488
1.38039,-1.41886,-0.690463,1.33666,-1.44927,5.60171
1.37961,-1.41829,-0.519207,1.33602,-1.44351,5.69279
1.3783,-1.41772,-0.261069,1.34144,-1.43813,5.85165
1.37699,-1.41755,-0.0227589,1.33756,-1.43822,6.09661
1.37586,-1.41754,0.156048,1.33207,-1.43805,0.161566
1.37467,-1.41753,0.342491,1.33392,-1.40154,0.273427
1.37392,-1.41759,0.454164,1.33838,-1.4501,0.339667
1.37284,-1.41774,0.61521,1.33827,-1.45055,0.521958
1.37174,-1.41803,0.788415,1.39708,-1.35606,0.781868
1.37104,-1.41871,0.954402,1.39637,-1.35696,0.929103
1.37043,-1.41966,1.15277,1.39603,-1.35758,1.0644
1.37015,-1.42035,1.28657,1.39564,-1.35836,1.2576
1.36999,-1.4209,1.38816,1.37551,-1.35909,1.38902
1.37688,-1.36185,1.50154,1.39712,-1.3286,1.49489
1.3796,-1.29597,1.55291,1.39619,-1.27675,1.54913
1.38071,-1.17154,1.56437,1.39079,-1.1889,1.57934
1.38283,-1.05095,1.54579,1.38565,-1.05348,1.55881
1.38434,-0.993717,1.54346,1.38073,-1.01048,1.55254
1.38658,-0.911414,1.5438,1.37055,-0.95364,1.53325
1.38766,-0.862286,1.55344,1.37634,-0.921873,1.51397
1.38743,-0.745009,1.58377,1.37343,-0.808334,1.57438
1.38717,-0.703751,1.57038,1.37222,-0.762353,1.57091
1.38761,-0.653447,1.55548,1.37452,-0.716146,1.55583
1.38927,-0.572078,1.54707,1.37918,-0.637169,1.54385
1.39045,-0.518894,1.55032,1.3759,-0.596515,1.5412
1.3917,-0.449651,1.55447,1.37118,-0.516093,1.56143
1.39317,-0.38532,1.54172,1.38371,-0.396867,1.53241
1.39519,-0.293046,1.55446,1.38289,-0.320401,1.52752
1.39573,-0.237903,1.56695,1.38506,-0.2773,1.53735
1.39563,-0.13656,1.57383,1.39458,-0.223048,1.52674
1.39417,-0.0393194,1.59495,1.3984,-0.205761,1.54473
1.39275,0.0118157,1.60191,1.40016,-0.0953621,1.55389
1.38841,0.145236,1.60388,1.4015,0.0213892,1.56002
1.3856,0.235556,1.60027,1.40202,0.116521,1.55844
1.38382,0.298786,1.59769,1.40261,0.167311,1.55612
1.38162,0.383085,1.59624,1.40355,0.26131,1.55428
1.37912,0.48243,1.59589,1.39874,0.366103,1.55858
1.37766,0.554751,1.58699,1.40513,0.436611,1.54935
1.37625,0.636036,1.58923,1.41804,0.565591,1.53636
1.37236,0.750252,1.61557,1.41934,0.658278,1.55992
1.36702,0.858484,1.62272,1.41865,0.786608,1.57643
1.36484,0.902633,1.61701,1.40664,0.844365,1.57493
1.36331,0.94491,1.59736,1.41886,0.882318,1.56133
1.36103,1.0302,1.5989,1.4203,0.964815,1.55478
1.35745,1.13145,1.6113,1.40787,1.06302,1.56691
1.35611,1.18744,1.52131,1.41129,1.12611,1.53742
1.35622,1.18885,1.3735,1.39538,1.12768,1.38843
1.35659,1.19111,1.14095,1.39444,1.13493,1.18381
1.35697,1.19209,1.03346,1.39897,1.14573,1.01723
1.3577,1.19313,0.903223,1.4035,1.1368,0.922261
1.35914,1.1946,0.692516,1.40146,1.13803,0.720679
1.3602,1.19534,0.55934,1.41634,1.13861,0.562236
1.3623,1.1963,0.320518,1.4299,1.13932,0.348675
1.36511,1.19685,0.159197,1.43184,1.1507,0.149653
1.36702,1.19694,-0.036644,1.43454,1.17528,6.06141
1.36815,1.19687,-0.15684,1.43572,1.17741,6.10659
1.36917,1.19676,-0.261855,1.43673,1.17786,6.01873
1.37042,1.19655,-0.389307,1.43718,1.17719,5.91549
1.3724,1.19572,-0.606709,1.44147,1.17374,5.71304
1.37393,1.19439,-0.812081,1.44354,1.17601,5.56617
1.37587,1.19129,-1.18873,1.44439,1.19208,5.09661
1.37914,1.17556,-1.42785,1.44559,1.13129,4.6739
1.39148,1.09969,-1.38699,1.46954,1.13552,4.95844
1.39626,1.06703,-1.47456,1.48024,1.08205,4.91969
1.3978,1.03756,-1.55735,1.47848,1.02468,4.77479
1.39651,0.951417,-1.6004,1.47964,0.968971,4.70096
1.39511,0.881259,-1.5808,1.48106,0.896593,4.70736
1.39499,0.834154,-1.56667,0.646968,-1.64646,2.61846
1.39776,0.835411,-2.2591,0.639801,0.900721,2.57695
1.40887,0.850205,-1.90594,1.49248,0.916165,4.05355
1.41612,0.801927,-1.29276,1.49687,0.898183,4.79569
1.4414,0.71775,-1.29801,1.51634,0.831766,5.00196
1.45405,0.643637,-1.49419,1.51711,0.750142,4.78239
1.45696,0.575031,-1.54977,1.51402,0.681993,4.66995
1.46144,0.467915,-1.51215,1.53653,0.555643,4.78011
1.46326,0.385439,-1.57239,1.53772,0.458475,4.74296
1.4623,0.323988,-1.59801,1.53599,0.375946,4.70204
1.4611,0.276664,-1.5941,1.53419,0.33061,4.69588
1.45996,0.21523,-1.58458,1.53391,0.288336,4.70041
1.45877,0.0751246,-1.57763,1.53345,0.144506,4.71315
1.45801,-0.000544068,-1.58296,1.53293,0.0748109,4.70943
1.45666,-0.101398,-1.58444,1.52935,-0.013594,4.70587
1.45579,-0.174987,-1.58102,1.52566,-0.0630934,4.69993
1.45551,-0.20923,-1.57534,1.51492,-0.197833,4.69855
1.45634,-0.319976,-1.55574,1.51521,-0.284763,4.71499
1.45704,-0.362285,-1.55216,1.5155,-0.362792,4.71865
1.45776,-0.39957,-1.55057,1.51111,-0.396207,4.71403
1.45904,-0.452929,-1.54329,1.50646,-0.447854,4.71912
1.46109,-0.517357,-1.53556,1.506,-0.511934,4.72515
1.46245,-0.554612,-1.5327,1.50628,-0.555694,4.72529
1.4645,-0.605957,-1.52882,1.50699,-0.596274,4.73043
1.46723,-0.670422,-1.52812,1.50827,-0.664815,4.73092
1.47135,-0.767124,-1.52795,1.51056,-0.734842,4.73165
1.47389,-0.827575,-1.52913,1.50995,-0.808464,4.73033
1.47729,-0.908149,-1.52766,1.51053,-0.889133,4.73052
1.47914,-0.950439,-1.52586,1.5108,-0.927382,4.73226
1.48167,-1.00582,-1.52427,1.51034,-0.973861,4.73146
1.48544,-1.08333,-1.52026,1.5096,-1.04526,4.73122
1.49115,-1.18593,-1.5116,1.51359,-1.16377,4.74259
1.4957,-1.26447,-1.51391,1.51585,-1.24796,4.74125
1.49914,-1.32588,-1.51509,1.52076,-1.31303,4.74171
1.50414,-1.4287,-1.52655,1.52517,-1.37276,4.73798
1.50639,-1.49536,-1.50301,1.52204,-1.47025,4.71624
1.50628,-1.49417,-1.32014,1.52415,-1.49584,4.89422
1.50608,-1.49343,-1.19246,1.52441,-1.49486,5.04009
1.50578,-1.49279,-1.06941,1.52402,-1.481,5.19032
1.50536,-1.49212,-0.926253,1.53647,-1.46885,5.30396
1.50472,-1.49139,-0.747728,1.5482,-1.46864,5.48294
1.504,-1.49082,-0.576151,1.52341,-1.46831,5.64778
1.50284,-1.49024,-0.336968,1.52202,-1.48955,5.90694
1.50174,-1.48999,-0.132936,1.52035,-1.46777,6.09239
1.50048,-1.48996,0.0609612,1.5183,-1.4789,0.162062
1.49926,-1.49006,0.246497,1.51596,-1.48965,0.200559
1.49829,-1.49032,0.410615,1.51863,-1.45573,0.354668
1.4974,-1.49079,0.584844,1.51748,-1.45648,0.547483
1.49655,-1.49146,0.777275,1.55542,-1.45693,0.742059
1.4958,-1.49234,0.987999,1.56949,-1.45796,0.962819
1.49537,-1.4931,1.14709,1.56996,-1.45869,1.11403
1.49496,-1.49451,1.41317,1.57053,-1.46008,1.3259
1.49835,-1.44453,1.55539,1.56929,-1.43037,1.53018
1.49857,-1.362,1.57302,1.50054,-1.47255,1.58963
1.49978,-1.30019,1.5324,1.50135,-1.40766,1.5594
1.50397,-1.22342,1.50668,1.5039,-1.33913,1.52787
1.50779,-1.16503,1.50575,1.50819,-1.26048,1.51992
1.51003,-1.12982,1.50951,1.50993,-1.21846,1.52294
1.5151,-1.04326,1.51464,1.51258,-1.13802,1.52765
1.51837,-0.984845,1.51528,1.5155,-1.0805,1.52939
1.52399,-0.885133,1.51489,1.51814,-1.0063,1.52878
1.52758,-0.821681,1.51438,1.52193,-0.920161,1.52777
1.52998,-0.779381,1.51436,1.52388,-0.871615,1.52801
1.53403,-0.707878,1.51444,1.52594,-0.831955,1.52656
1.53854,-0.627318,1.51588,1.54972,-0.644623,1.50903
1.54113,-0.571026,1.53265,1.55345,-0.568532,1.5224
1.54326,-0.506585,1.54206,1.55554,-0.502198,1.53665
1.54509,-0.444069,1.5411,1.55774,-0.43981,1.53761
1.54752,-0.366424,1.53887,1.56008,-0.364808,1.53504
1.54982,-0.295854,1.53834,1.56261,-0.291033,1.53497
1.55191,-0.23234,1.53791,1.56403,-0.243343,1.53396
1.55321,-0.193024,1.5378,1.56413,-0.227974,1.5335
1.55519,-0.133549,1.53794,1.56645,-0.22025,1.53162
1.55819,-0.0378021,1.5411,1.56925,-0.135998,1.53651
1.56064,0.0418503,1.5398,1.57146,-0.0698687,1.53735
1.5635,0.129569,1.53778,1.57475,0.026991,1.53457
1.56605,0.206182,1.53773,1.57841,0.119861,1.53476
1.5677,0.255577,1.53754,1.58002,0.162894,1.53428
1.57009,0.327147,1.5377,1.58258,0.242903,1.53446
1.57154,0.370495,1.5374,1.58461,0.297883,1.53396
1.57368,0.434002,1.53732,1.58596,0.339368,1.53381
1.57569,0.493475,1.53723,1.58857,0.407713,1.53398
1.57886,0.587222,1.53742,1.59251,0.527682,1.5341
1.58134,0.659803,1.53673,1.59562,0.602742,1.53347
1.58335,0.718271,1.53651,1.59778,0.664134,1.53335
1.58527,0.773712,1.5361,1.59939,0.708013,1.53289
1.58778,0.845281,1.53609,1.6017,0.780346,1.53286
1.59141,0.948096,1.53581,1.6046,0.867353,1.53245
1.59496,1.04688,1.53492,1.60931,0.995296,1.53199
1.59755,1.11644,1.53317,1.61267,1.06383,1.53069
1.60064,1.19808,1.53335,1.61582,1.14469,1.5305
1.60289,1.25755,1.53306,1.61797,1.22002,1.53066
1.60507,1.313,1.53022,1.61977,1.25199,1.52918
1.60808,1.38953,1.52245,1.6228,1.33235,1.52686
1.60829,1.39161,1.31975,1.62785,1.34144,1.397
1.60883,1.39327,1.15539,1.62873,1.35096,1.2313
1.60977,1.39502,0.973077,1.62996,1.35214,1.0448
1.61105,1.39662,0.787405,1.63113,1.36777,0.88158
1.61181,1.39734,0.69178,1.63239,1.36178,0.738034
1.61328,1.39839,0.527832,1.63377,1.3711,0.580932
1.6156,1.39943,0.295474,1.63631,1.37214,0.388591
1.61786,1.39988,0.0858255,1.63822,1.37181,0.118811
1.62072,1.39979,-0.188375,1.63997,1.37167,6.16354
1.6229,1.39923,-0.399824,1.64325,1.37348,5.93439
1.62384,1.39879,-0.494353,1.6447,1.37271,5.79153
1.6254,1.39781,-0.661531,1.64534,1.37175,5.67577
1.62647,1.39688,-0.789344,1.64685,1.37092,5.50663
1.62723,1.39606,-0.889831,1.64795,1.38892,5.43065
1.62791,1.39515,-0.993039,1.6488,1.38859,5.34987
1.62898,1.3931,-1.20236,1.64966,1.3875,5.11563
1.62945,1.39159,-1.34624,1.65016,1.38703,4.98274
1.63365,1.34353,-1.53225,1.65173,1.35788,4.76518
1.63538,1.24854,-1.56074,1.64751,1.2797,4.72203
1.6365,1.17909,-1.54796,1.64757,1.21397,4.73462
1.63921,1.08039,-1.54023,1.66459,1.13469,4.76554
1.641,0.971318,-1.5633,1.66989,1.02833,4.7501
1.64113,0.912765,-1.57202,1.67091,0.952517,4.74085
1.641,0.860314,-1.57449,1.67164,0.901763,4.73172
1.6408,0.782679,-1.5733,1.67261,0.832202,4.73175
1.6407,0.70303,-1.57169,1.67349,0.77717,4.73323
1.64062,0.597149,-1.5717,1.67416,0.690607,4.73265
1.64059,0.513456,-1.57091,1.67397,0.620722,4.72661
1.64096,0.424783,-1.56252,1.67576,0.520716,4.72954
1.64149,0.376435,-1.55653,1.67762,0.446778,4.73697
1.64266,0.301849,-1.55385,1.67884,0.381948,4.73992
1.64345,0.255475,-1.55353,1.68037,0.316888,4.74024
1.64431,0.205067,-1.5534,1.68116,0.28581,4.7403
1.64623,0.0941725,-1.55307,1.68281,0.166187,4.74085
1.64799,-0.00461755,-1.55248,1.68413,0.0506424,4.7415
1.65032,-0.128603,-1.55133,1.69251,-0.0251485,4.74457
1.65179,-0.219376,-1.55606,1.68796,-0.17527,4.73738
1.65274,-0.275792,-1.55148,1.69372,-0.214263,4.74193
1.6546,-0.373575,-1.55171,1.70222,-0.328033,4.74431
1.65577,-0.446202,-1.55651,1.69944,-0.377601,4.74186
1.65642,-0.4946,-1.5573,1.70564,-0.443788,4.7386
1.65727,-0.560136,-1.55801,1.70688,-0.497876,4.73775
1.65782,-0.604495,-1.55812,1.70804,-0.554564,4.73828
1.65862,-0.670029,-1.5584,1.71043,-0.610031,4.73827
1.65937,-0.73355,-1.55924,1.71254,-0.666709,4.73884
1.65993,-0.788005,-1.56092,1.71502,-0.724676,4.73757
1.66033,-0.832377,-1.56225,1.71604,-0.776337,4.73648
1.66088,-0.902958,-1.56302,1.71781,-0.842852,4.73521
1.66152,-0.987645,-1.56286,1.72022,-0.94287,4.73544
1.66238,-1.10157,-1.563,1.72238,-1.03495,4.73563
1.66283,-1.16408,-1.5635,1.72466,-1.1179,4.73538
1.66339,-1.2508,-1.5645,1.72828,-1.17742,4.73467
1.66383,-1.3829,-1.5684,1.73061,-1.29729,4.73226
1.66389,-1.49383,-1.57092,1.76818,-1.39838,4.74369
1.66193,-1.54262,-1.64698,1.80195,-1.45905,4.68656
1.64961,-1.61397,-1.81208,1.79406,-1.52405,4.5718
1.64246,-1.64167,-2.04915,1.76047,-1.60113,4.29232
1.64112,-1.64373,-2.2722,1.76349,-1.55035,4.11551
1.63926,-1.64552,-2.50628,1.76713,-1.53405,3.84557
1.63719,-1.64675,-2.72586,1.76769,-1.57746,3.72102
1.63516,-1.64743,-2.92037,1.76754,-1.57879,3.49293
1.63303,-1.64771,-3.11482,1.68346,-1.65658,3.22451
1.63012,-1.64748,3.06965,1.6609,-1.64711,3.10664
1.59433,-1.64622,3.13278,1.63651,-1.66143,3.14459
1.52413,-1.64737,-3.1074,1.57158,-1.6645,3.19281
1.40731,-1.65182,-3.10183,1.50937,-1.67062,3.21228
1.33969,-1.65399,-3.11486,1.43743,-1.67485,3.20354
1.26907,-1.65559,-3.12135,1.32578,-1.68196,3.18965
1.18746,-1.65739,-3.11767,1.24982,-1.68769,3.18945
1.10786,-1.65941,-3.11483,1.19074,-1.69404,3.19341
1.03728,-1.66118,-3.11752,1.15106,-1.69868,3.19263
0.945509,-1.6631,-3.12234,1.04857,-1.70564,3.18199
0.874963,-1.6645,-3.12064,0.976313,-1.70948,3.18055
0.800393,-1.66615,-3.11822,0.930202,-1.70761,3.18187
0.721823,-1.66819,-3.11308,0.855983,-1.70176,3.18723
0.606076,-1.67246,-3.09943,0.750927,-1.72301,3.20232
0.510143,-1.6752,-3.12173,0.616801,-1.72515,3.18722
0.423405,-1.67665,-3.1264,0.485927,-1.72677,3.16934
0.324817,-1.6793,-3.10524,0.375497,-1.72758,3.18416
0.303899,-1.68001,3.10147,0.323877,-1.72757,3.1635
0.301351,-1.6797,2.85419,0.389099,-1.74194,2.92496
0.299235,-1.67886,2.643,0.425344,-1.75025,2.76918
0.298153,-1.67821,2.52834,0.441879,-1.75731,2.6782
0.296357,-1.67668,2.31549,0.402592,-1.75122,2.42846
0.295119,-1.67511,2.13435,0.461764,-1.71198,2.30619
0.294102,-1.6731,1.93007,0.469184,-1.75232,2.04634
0.293524,-1.67098,1.73064,0.499395,-1.75067,1.91342
0.293387,-1.66973,1.61704,0.468137,-1.7488,1.72594
0.290593,-1.63006,1.68992,0.457532,-1.6883,1.70522
0.265658,-1.54085,1.93629,0.421653,-1.6261,1.94854
0.23493,-1.46466,1.96397,0.39532,-1.57089,2.0027
0.205413,-1.3909,1.94022,0.350357,-1.49125,1.99176
0.177697,-1.31531,1.90778,0.231674,-1.38848,1.93773
0.154257,-1.22982,1.77831,0.202667,-1.32754,1.82425
0.146163,-1.1829,1.70945,0.186234,-1.26227,1.77334
0.140159,-1.12293,1.57524,0.178989,-1.20205,1.69763
0.140306,-1.1207,1.34084,0.179685,-1.19377,1.40295
0.140583,-1.11884,1.14834,0.198397,-1.21539,1.18562
0.1411,-1.11759,1.00821,0.190438,-1.19298,0.947955
0.142457,-1.11591,0.787613,0.200164,-1.19123,0.750961
0.143774,-1.11482,0.611844,0.180717,-1.18669,0.5777
0.145017,-1.11409,0.46352,0.181625,-1.18595,0.493304
0.146877,-1.11342,0.25983,0.183744,-1.18528,0.30939
0.148287,-1.11318,0.114002,0.185225,-1.18419,0.192451
0.149743,-1.11314,-0.0342576,0.186668,-1.18419,0.0848789
0.151461,-1.11327,-0.214783,0.188344,-1.18449,6.17381
0.153619,-1.11364,-0.43503,0.190212,-1.18616,5.92978
0.155294,-1.11447,-0.624975,0.192167,-1.18729,5.80614
0.156175,-1.11519,-0.740177,0.193384,-1.18836,5.6213
0.157505,-1.11671,-0.945832,0.194869,-1.1899,5.44014
0.158112,-1.11769,-1.06386,0.195513,-1.19139,5.29768
0.158794,-1.11929,-1.24227,0.195795,-1.1923,5.16208
0.159202,-1.12116,-1.43836,0.196263,-1.19522,4.91119
0.166737,-1.21548,-1.51152,0.200717,-1.26155,4.79154
0.172504,-1.28205,-1.45725,0.210289,-1.32351,4.82497
0.184816,-1.37027,-1.41342,0.22237,-1.417,4.88118
0.188181,-1.39261,-1.33221,0.228958,-1.44418,4.90412
0.188026,-1.39065,-1.03339,0.229201,-1.44423,5.2372
0.187868,-1.38976,-0.891984,0.228229,-1.45139,5.38759
0.187459,-1.38889,-0.730827,0.227661,-1.45881,5.51895
0.186866,-1.38838,-0.591795,0.226964,-1.45817,5.68803
0.186407,-1.38807,-0.492569,0.233263,-1.44842,5.81722
0.185782,-1.38775,-0.365934,0.232881,-1.4396,5.90811
0.184921,-1.38746,-0.202253,0.219854,-1.4495,6.04673
0.214388,-1.39855,-0.479917,0.242007,-1.44406,5.95424
0.21616,-1.39942,-0.381187,0.255914,-1.44555,5.89638
0.215504,-1.3992,-0.259579,0.260523,-1.44906,5.97806
0.214703,-1.39905,-0.113196,0.260297,-1.44432,6.16367
0.214071,-1.39902,-0.00399183,0.259001,-1.44429,6.20422
0.213167,-1.399,0.134869,0.25882,-1.44439,0.115567
0.211974,-1.39903,0.315571,0.257264,-1.45386,0.307058
0.210708,-1.39913,0.503573,0.247776,-1.47113,0.418896
0.209477,-1.39933,0.689219,0.242812,-1.47178,0.619708
0.208666,-1.39966,0.827777,0.241608,-1.47258,0.80324
0.207836,-1.40065,1.05083,0.237683,-1.47423,1.02448
0.207301,-1.40174,1.26648,0.237243,-1.4864,1.21649
0.207884,-1.39996,1.42798,0.23722,-1.48734,1.40967
0.216564,-1.32911,1.46598,0.241723,-1.43159,1.44614
0.224001,-1.25518,1.47376,0.251487,-1.36221,1.46112
0.231425,-1.18016,1.47076,0.262111,-1.28113,1.43102
0.235955,-1.13224,1.48426,0.269218,-1.2209,1.44672
0.239442,-1.09024,1.49126,0.274324,-1.18691,1.45158
0.244568,-1.02317,1.49724,0.279306,-1.13656,1.46239
0.24982,-0.95304,1.49486,0.284074,-1.05859,1.47101
0.254989,-0.89088,1.48176,0.290507,-0.985179,1.45575
0.263678,-0.797808,1.47546,0.30216,-0.905652,1.44555
0.273956,-0.685385,1.48336,0.311642,-0.834232,1.44782
0.281625,-0.593961,1.49052,0.324778,-0.731638,1.46064
0.285387,-0.547698,1.48913,0.331629,-0.671222,1.45762
0.289021,-0.503459,1.48906,0.339523,-0.622217,1.45598
0.293334,-0.444282,1.3779,0.349788,-0.562136,1.43638
0.293684,-0.441931,1.12484,0.350714,-0.535057,1.22549
0.294251,-0.440747,0.989921,0.353434,-0.557397,1.01878
0.295479,-0.439247,0.791976,0.354887,-0.556993,0.832944
0.297474,-0.43772,0.53326,0.355017,-0.567286,0.618868
0.29977,-0.436774,0.276781,0.354562,-0.562264,0.443634
0.301469,-0.436479,0.100806,0.356827,-0.562021,0.186716
0.316188,-0.433178,0.217056,0.368311,-0.558368,0.344898
0.317495,-0.433008,0.0840581,0.372876,-0.55737,0.189256
0.318883,-0.433017,-0.0589134,0.374719,-0.557055,0.130887
0.320285,-0.43312,-0.206527,0.375977,-0.554435,6.19323
0.322492,-0.433482,-0.431441,0.37822,-0.554731,5.99309
0.324547,-0.434586,-0.668938,0.380519,-0.559505,5.7291
0.325598,-0.435562,-0.814244,0.381633,-0.560832,5.56636
0.326489,-0.436677,-0.959801,0.382696,-0.558108,5.41043
0.327357,-0.438237,-1.14315,0.383411,-0.555266,5.28575
0.32777,-0.439365,-1.26632,0.38463,-0.548781,5.08436
0.327992,-0.440273,-1.36184,0.384882,-0.549549,4.98569
0.329256,-0.448918,-1.47214,0.385071,-0.540011,4.8725
0.332334,-0.494374,-1.5266,0.385923,-0.585473,4.7868
0.335913,-0.578621,-1.52616,0.392969,-0.646253,4.82207
0.337417,-0.618859,-1.54143,0.398494,-0.686071,4.81976
0.338491,-0.712419,-1.57038,0.408607,-0.752508,4.80521
0.338201,-0.762701,-1.58277,0.406013,-0.805875,4.78824
0.33749,-0.823945,-1.58245,0.40862,-0.867413,4.7821
0.336964,-0.894174,-1.57453,0.399376,-0.95004,4.77117
0.338691,-0.987289,-1.53646,0.41883,-1.03345,4.81746
0.341295,-1.08371,-1.55031,0.413686,-1.11276,4.80431
0.343832,-1.17394,-1.53633,0.436829,-1.20468,4.81121
0.345862,-1.2503,-1.55088,0.446492,-1.27106,4.79798
0.347006,-1.39297,-1.56915,0.45383,-1.39608,4.77754
0.347124,-1.43478,-1.53343,0.46151,-1.46616,4.7767
0.347124,-1.43394,-1.40462,0.474173,-1.47664,4.87789
0.347113,-1.43333,-1.31051,0.380973,-1.49149,4.9579
0.347082,-1.43266,-1.20901,0.374834,-1.49063,5.05604
0.347026,-1.43197,-1.10503,0.364961,-1.4697,5.14833
0.34694,-1.4313,-1.00102,0.362988,-1.46919,5.24212
0.346598,-1.42998,-0.783008,0.365478,-1.46859,5.51817
0.345836,-1.42924,-0.596801,0.361448,-1.48212,5.64915
0.345116,-1.42879,-0.442906,0.357682,-1.48211,5.81198
0.344322,-1.42844,-0.286611,0.356056,-1.48781,5.96892
0.343775,-1.42829,-0.184894,0.356102,-1.4878,6.01078
0.35919,-1.43045,-0.159733,0.354796,-1.48772,6.15115
0.409094,-1.44653,-0.457875,0.399939,-1.4984,5.91093
0.432977,-1.4598,-0.55608,0.439847,-1.53176,5.68855
0.432151,-1.45936,-0.390255,0.440187,-1.52934,5.88555
0.431116,-1.45905,-0.199103,0.439138,-1.53268,6.01437
0.429705,-1.45897,0.0442443,0.442154,-1.52918,0.206578
0.428578,-1.45896,0.225489,0.441225,-1.52946,0.179712
0.426678,-1.45905,0.514096,0.433991,-1.55579,0.436917
0.425336,-1.45928,0.717278,0.430861,-1.55665,0.599044
0.424754,-1.45954,0.818688,0.431147,-1.55714,0.809713
0.424208,-1.46011,0.952545,0.430389,-1.55752,0.924534
0.423686,-1.4609,1.11861,0.429692,-1.55826,1.04421
0.423202,-1.46211,1.35158,0.429391,-1.55972,1.30707
0.43028,-1.40357,1.48063,0.431656,-1.5303,1.49508
0.439146,-1.32265,1.44591,0.440854,-1.43407,1.47556
0.446686,-1.26776,1.42457,0.448696,-1.39727,1.42369
0.46088,-1.16339,1.44373,0.463814,-1.30348,1.42474
0.467979,-1.10367,1.46025,0.4714,-1.22447,1.44667
0.4808,-0.986879,1.46205,0.480835,-1.11983,1.45394
0.48766,-0.925954,1.45541,0.485155,-1.07137,1.4504
0.494206,-0.871057,1.44916,0.497781,-1.03021,1.44048
0.504103,-0.787328,1.45692,0.508154,-0.935203,1.44631
0.513111,-0.707508,1.45956,0.512446,-0.890733,1.45016
0.528629,-0.570773,1.45694,0.523796,-0.786392,1.44846
0.533955,-0.524859,1.45378,0.542701,-0.675929,1.44447
0.545596,-0.418721,1.46625,0.553823,-0.598113,1.45157
0.545882,-0.41428,1.2404,0.570102,-0.542482,1.26459
0.546178,-0.412952,1.10238,0.570707,-0.541177,1.1283
0.547321,-0.411156,0.884556,0.57171,-0.539399,0.958655
0.548929,-0.409616,0.65621,0.572779,-0.527421,0.761471
0.551475,-0.408246,0.357063,0.575533,-0.527649,0.435851
0.553848,-0.407723,0.108125,0.577886,-0.52642,0.165796
0.5554,-0.407598,0.0024412,0.578689,-0.525639,0.173864
0.55754,-0.407749,-0.223733,0.580529,-0.525599,6.11441
0.558966,-0.407968,-0.369259,0.582677,-0.52618,6.01276
0.560381,-0.408361,-0.516783,0.58384,-0.527076,5.86118
0.561338,-0.408985,-0.631835,0.585121,-0.52756,5.75227
0.563416,-0.411084,-0.932662,0.586201,-0.540011,5.48513
0.564507,-0.413023,-1.1612,0.587648,-0.551869,5.23215
0.564788,-0.413782,-1.24414,0.588482,-0.553004,5.05429
0.570585,-0.453274,-1.46864,0.587722,-0.554184,4.89992
0.574752,-0.532024,-1.5526,0.58727,-0.645084,4.69427
0.581538,-0.636326,-1.46726,0.59075,-0.734853,4.75875
0.596365,-0.745425,-1.41671,0.601966,-0.825672,4.80946
0.603954,-0.794008,-1.41536,0.606915,-0.886308,4.81387
0.617885,-0.883269,-1.41677,0.611159,-0.95929,4.81305
0.630785,-0.965556,-1.41408,0.620762,-1.05611,4.8124
0.6427,-1.03986,-1.40997,0.620095,-1.09348,4.81395
0.656513,-1.12196,-1.39971,0.635629,-1.18976,4.82305
0.674304,-1.22689,-1.4057,0.643141,-1.26713,4.81948
0.686132,-1.29819,-1.40705,0.655973,-1.34426,4.81689
0.694921,-1.35274,-1.41594,0.661958,-1.41783,4.8097
0.697411,-1.37044,-1.2917,0.660815,-1.42605,4.84269
0.697351,-1.36955,-1.15889,0.661572,-1.40995,5.03862
0.697149,-1.36787,-0.896176,0.656139,-1.40889,5.29775
0.696733,-1.36698,-0.730001,0.663366,-1.40864,5.4511
0.695798,-1.36622,-0.516569,0.661747,-1.40251,5.64199
0.69507,-1.36584,-0.367672,0.678638,-1.37047,5.87959
0.694115,-1.36553,-0.186579,0.672649,-1.37231,6.02076
0.699815,-1.36711,-0.251293,0.670148,-1.3723,6.10948
0.743849,-1.4054,-1.05174,0.697185,-1.45098,5.26283
0.747931,-1.414,-1.02125,0.708741,-1.45694,5.17881
0.747831,-1.41325,-0.905116,0.708239,-1.46432,5.29361
0.747463,-1.41236,-0.743975,0.705696,-1.46635,5.4161
0.746424,-1.41152,-0.505701,0.706621,-1.46261,5.65735
0.745602,-1.4111,-0.339409,0.707979,-1.46428,5.84727
0.744297,-1.41077,-0.09885,0.70723,-1.46362,6.01426
0.743309,-1.41073,0.0597657,0.697875,-1.45992,6.15107
0.7425,-1.41073,0.183623,0.689724,-1.45148,0.0700273
0.741546,-1.41075,0.327114,0.688605,-1.44325,0.237516
0.740282,-1.41086,0.515095,0.706947,-1.44348,0.419994
0.739149,-1.41105,0.685915,0.687381,-1.44417,0.542492
0.737998,-1.4117,0.903794,0.829471,-1.42329,0.798695
0.737247,-1.4128,1.13675,0.828653,-1.42702,1.03487
0.736735,-1.4143,1.41929,0.704886,-1.44783,1.36321
0.742332,-1.35933,1.51198,0.708773,-1.41014,1.47334
0.744061,-1.31442,1.55045,0.714385,-1.3666,1.48915
0.743315,-1.20826,1.5938,0.826958,-1.30415,1.51134
0.736603,-1.1025,1.66085,0.845327,-1.16671,1.55873
0.728839,-1.0298,1.69081,0.691542,-1.15455,1.64346
0.723714,-0.957887,1.60608,0.692389,-1.0575,1.56816
0.722919,-0.848106,1.563,0.689979,-1.00035,1.51859
0.723892,-0.742479,1.56047,0.696179,-0.90144,1.51708
0.725102,-0.617446,1.5613,0.702492,-0.787196,1.50141
0.725306,-0.551997,1.57307,0.709232,-0.680853,1.50042
0.724866,-0.494623,1.58455,0.7173,-0.627229,1.51772
0.723409,-0.411007,1.59094,0.714751,-0.53681,1.52836
0.721945,-0.318199,1.58392,0.722353,-0.450646,1.51965
0.720773,-0.234544,1.58608,0.725652,-0.366044,1.51566
0.719719,-0.174095,1.59036,0.727425,-0.312832,1.51839
0.718184,-0.0995204,1.59245,0.731335,-0.252838,1.52087
0.716914,-0.041062,1.59296,0.734275,-0.205593,1.52804
0.714851,0.0678494,1.58793,0.739268,-0.0754699,1.52268
0.714203,0.107174,1.58697,0.742125,0.00299616,1.5213
0.713657,0.142465,1.58608,0.743799,0.0342122,1.52059
0.712656,0.211022,1.58539,0.746787,0.0914186,1.5201
0.711668,0.280584,1.58514,0.753357,0.141268,1.51672
0.710302,0.356129,1.592,0.767719,0.244294,1.51729
0.707703,0.439612,1.61025,0.770749,0.342003,1.53358
0.705136,0.501025,1.61453,0.773119,0.42437,1.54122
0.70239,0.565508,1.61269,0.774156,0.474192,1.54053
0.700586,0.609852,1.61074,0.773567,0.561422,1.5373
0.698226,0.677437,1.60223,0.776995,0.632994,1.52974
0.69645,0.73823,1.58356,0.777986,0.680266,1.5291
0.696505,0.739655,1.44057,0.781625,0.709606,1.42078
0.696608,0.740531,1.35571,0.781478,0.710325,1.33405
0.696996,0.741975,1.21393,0.781634,0.71201,1.21038
0.69802,0.744087,0.996955,0.782718,0.713679,0.992418
0.699881,0.746337,0.730959,0.784798,0.71669,0.729447
0.701628,0.74765,0.531804,0.787387,0.720948,0.495797
0.703164,0.748415,0.375227,0.788948,0.721286,0.350139
0.704937,0.74894,0.206136,0.790477,0.725838,0.193315
0.706975,0.749192,0.0216967,0.792179,0.720508,3.27399
0.706178,0.749127,0.145452,0.792273,0.720507,0.184894
0.707708,0.749294,0.00969184,0.792597,0.714799,3.90264
0.706823,0.749231,0.147889,0.792857,0.714798,0.201566
0.707959,0.749352,0.0405343,0.793119,0.714755,1.73317
0.707036,0.749264,0.190731,0.793232,0.714751,0.202755
0.708119,0.749451,0.0890808,0.793452,0.716995,0.172895
0.710133,0.749457,-0.10449,0.794162,0.716815,6.12057
0.711268,0.749333,-0.214305,0.796706,0.701192,5.96603
0.712718,0.748951,-0.355702,0.796755,0.697825,5.81593
0.714507,0.748125,-0.537088,0.79683,0.700212,5.64498
0.7157,0.747332,-0.666806,0.798347,0.705442,5.48614
0.717357,0.745772,-0.872384,0.799467,0.695168,5.35824
0.718896,0.74343,-1.12676,0.800834,0.692685,5.11477
0.719594,0.741584,-1.30596,0.804671,0.701655,4.89783
0.729,0.69589,-1.41459,0.803898,0.685168,4.76091
0.742353,0.604998,-1.42847,0.801317,0.608729,4.68981
0.749082,0.563514,-1.39285,0.803097,0.569485,4.70548
0.75732,0.521189,-1.36574,0.804871,0.520476,4.74811
0.770052,0.461056,-1.36024,0.807715,0.477441,4.75813
0.780508,0.411702,-1.36348,0.809644,0.412083,4.75667
0.787732,0.377138,-1.36545,0.810583,0.378881,4.75123
0.804194,0.298172,-1.36456,0.852203,0.288891,4.82247
0.820444,0.19508,-1.44538,0.854997,0.19929,4.75458
0.828354,0.126831,-1.46216,0.856958,0.104617,4.72405
0.836627,0.0527282,-1.45657,0.858744,0.0420776,4.73078
0.845767,-0.0263854,-1.45506,0.86023,-0.0353278,4.73297
0.853897,-0.0964956,-1.45532,0.86048,-0.0829884,4.73226
0.859356,-0.143563,-1.45483,0.863797,-0.173796,4.73391
0.871938,-0.252757,-1.45664,0.865547,-0.250046,4.73323
0.881632,-0.337918,-1.45774,0.867556,-0.361758,4.7316
0.888228,-0.39602,-1.45737,0.869706,-0.43101,4.73181
0.89324,-0.440098,-1.45741,0.86966,-0.483342,4.73182
0.898944,-0.490184,-1.45696,0.86849,-0.521199,4.7313
0.907732,-0.566285,-1.45466,0.870611,-0.607909,4.73417
0.913683,-0.617359,-1.45457,0.871692,-0.645013,4.73436
0.922074,-0.68947,-1.45495,0.872806,-0.718285,4.73403
0.92988,-0.756568,-1.45467,0.874081,-0.763816,4.73408
0.94003,-0.843696,-1.45469,0.87488,-0.847246,4.73414
0.945877,-0.89376,-1.4539,0.876699,-0.905376,4.73457
0.952817,-0.952838,-1.45356,0.877689,-0.957597,4.73517
0.965416,-1.05998,-1.45366,0.877957,-1.07986,4.73502
0.976098,-1.14904,-1.4496,0.879311,-1.16318,4.73745
0.985261,-1.22306,-1.4459,0.882333,-1.25482,4.74208
0.992158,-1.27808,-1.44613,0.884884,-1.30912,4.74247
1.00409,-1.37519,-1.44997,0.890142,-1.40346,4.73888
1.00827,-1.41201,-1.31092,0.893773,-1.45177,4.77182
1.00829,-1.41088,-1.12259,0.893717,-1.45863,5.01779
1.00815,-1.40968,-0.9353,0.893288,-1.46773,5.18649
1.00738,-1.40826,-0.657301,0.892448,-1.45591,5.38131
1.0065,-1.40764,-0.466218,0.891272,-1.46591,5.6865
1.00524,-1.40713,-0.220512,0.899561,-1.41532,5.91843
1.00481,-1.40713,-0.0767264,0.897972,-1.4161,6.10806
1.05205,-1.43496,-0.814787,0.916037,-1.4371,5.55607
1.05153,-1.43416,-0.659925,0.935344,-1.45609,5.39229
1.05062,-1.43356,-0.461239,0.93448,-1.45402,5.59959
1.05007,-1.43331,-0.351949,0.93384,-1.45323,5.73315
1.04928,-1.43306,-0.200464,0.933996,-1.45293,5.93094
1.04783,-1.43296,0.0502442,0.935644,-1.45318,6.10235
1.04633,-1.43295,0.286066,0.931212,-1.50703,0.124145
1.04558,-1.43299,0.397613,0.929805,-1.51164,0.274391
1.04396,-1.43319,0.640244,0.926863,-1.557,0.568466
1.0428,-1.43363,0.835797,0.925998,-1.55792,0.740797
1.04209,-1.43445,1.02169,0.924832,-1.55909,0.900943
1.04151,-1.43555,1.24228,0.924483,-1.55991,1.12298
1.04127,-1.43635,1.39092,0.924526,-1.56068,1.29592
1.04545,-1.39314,1.5191,0.926462,-1.54781,1.40827
1.0454,-1.33472,1.61327,0.92822,-1.47102,1.51934
1.03967,-1.23464,1.63522,0.925357,-1.39803,1.55117
1.03343,-1.12734,1.62449,0.931022,-1.295,1.53599
1.02925,-1.05117,1.62671,0.938318,-1.20728,1.52635
1.02442,-0.973089,1.63772,0.938047,-1.14401,1.54636
1.01993,-0.903946,1.63358,0.934678,-1.09031,1.54917
1.01616,-0.83976,1.62586,0.930188,-1.04944,1.55558
1.01315,-0.775479,1.61093,0.937765,-0.973896,1.5287
1.01129,-0.730362,1.61442,0.93864,-0.922802,1.52672
1.00919,-0.685274,1.6205,0.939828,-0.853754,1.53439
1.00571,-0.617116,1.62257,0.940349,-0.814593,1.53665
1.00095,-0.524886,1.62197,0.942369,-0.724358,1.53766
0.995593,-0.417601,1.61983,0.944211,-0.614153,1.5366
0.993893,-0.382502,1.61863,0.944809,-0.556356,1.53582
0.991217,-0.325336,1.61666,0.947509,-0.504413,1.53498
0.98813,-0.257142,1.61552,0.94959,-0.439029,1.53336
0.985981,-0.209007,1.61536,0.951147,-0.398725,1.53241
0.984231,-0.169902,1.61578,0.952754,-0.362732,1.53277
0.98228,-0.126787,1.61621,0.954202,-0.311507,1.53343
0.979914,-0.0746443,1.61609,0.955224,-0.273414,1.53456
0.976955,-0.00845383,1.61484,0.956909,-0.159651,1.52869
0.972733,0.0857975,1.61606,0.961004,-0.0526469,1.54493
0.970166,0.152078,1.60441,0.963677,0.0518685,1.5324
0.968317,0.210289,1.60121,0.967159,0.130942,1.52521
0.965976,0.284521,1.60346,0.97084,0.208595,1.52575
0.963975,0.343697,1.60572,0.973316,0.24807,1.52805
0.961372,0.415909,1.60767,0.976573,0.320105,1.53123
0.957189,0.529259,1.60752,0.980022,0.399341,1.53328
0.954088,0.615535,1.60612,0.988531,0.572663,1.53008
0.951525,0.682707,1.61159,0.992255,0.653836,1.53196
0.950075,0.72176,1.49521,0.997283,0.695001,1.47336
0.950291,0.72397,1.26583,0.997738,0.701346,1.29432
0.950828,0.726089,1.04064,0.998607,0.693713,1.06916
0.951816,0.727466,0.867804,0.999679,0.70039,0.857862
0.953007,0.728632,0.697137,1.00079,0.701369,0.705529
0.954824,0.729807,0.473509,1.00318,0.696874,0.509327
0.95602,0.730304,0.340204,1.00467,0.697415,0.362772
0.957661,0.730729,0.174007,1.00579,0.69437,0.244545
0.976727,0.739386,0.418136,1.02317,0.709119,0.492222
0.978763,0.74,0.199382,1.02728,0.713168,0.286901
0.980851,0.74016,-0.0117045,1.03013,0.713015,0.237949
0.982114,0.740086,-0.147102,1.03188,0.716071,6.03504
0.983649,0.739904,-0.30482,1.033,0.709814,5.97613
0.984827,0.739682,-0.42477,1.03359,0.710457,5.90391
0.986233,0.739076,-0.579721,1.03588,0.751078,5.71146
0.988002,0.737573,-0.815148,1.03747,0.749349,5.4679
0.989108,0.73613,-1.00083,1.0382,0.749991,5.30504
0.989901,0.734555,-1.18176,1.03904,0.766567,5.16985
0.990281,0.733364,-1.30998,1.04863,0.792807,4.99826
0.992701,0.718514,-1.4577,1.04883,0.791447,4.86102
0.995951,0.666872,-1.54494,1.05016,0.742832,4.74212
0.997017,0.60657,-1.55533,1.05088,0.677206,4.72021
0.998939,0.519323,-1.5436,1.05043,0.616384,4.71669
1.00056,0.470226,-1.53213,1.05131,0.520832,4.72789
1.00653,0.336904,-1.52317,1.05909,0.439867,4.75268
1.01055,0.23046,-1.53931,1.06303,0.310626,4.74331
1.01311,0.132054,-1.54806,1.0649,0.206771,4.7341
1.01428,0.0798615,-1.54842,1.06727,0.139402,4.7324
1.01574,0.0156325,-1.54781,1.06792,0.0708683,4.73503
1.01765,-0.069682,-1.54883,1.07022,-0.0237861,4.73351
1.01869,-0.116853,-1.54881,1.07561,-0.0544158,4.73587
1.02038,-0.203197,-1.55297,1.07671,-0.179134,4.72772
1.02164,-0.268421,-1.55028,1.07808,-0.25595,4.72998
1.02239,-0.304547,-1.54947,1.07836,-0.290225,4.73052
1.02377,-0.367769,-1.54852,1.07981,-0.340295,4.73207
1.02589,-0.464115,-1.54903,1.08119,-0.436208,4.73116
1.02726,-0.526335,-1.54861,1.08207,-0.512887,4.73096
1.02828,-0.571491,-1.54783,1.08333,-0.56733,4.73202
1.03042,-0.663816,-1.54766,1.08416,-0.608724,4.73216
1.03216,-0.739081,-1.54767,1.08703,-0.725673,4.73284
1.03379,-0.811342,-1.54862,1.08946,-0.794768,4.73297
1.03571,-0.903686,-1.55093,1.08483,-0.863579,4.72969
1.0373,-0.972897,-1.54517,1.09173,-0.980026,4.7358
1.03864,-1.0271,-1.54725,1.0933,-1.02901,4.7342
1.04111,-1.14253,-1.55071,1.09422,-1.09321,4.72988
1.04317,-1.24087,-1.54933,1.09628,-1.20321,4.72932
1.04472,-1.31011,-1.54767,1.09737,-1.28191,4.73043
1.0472,-1.41144,-1.54555,1.09991,-1.38243,4.7332
1.04857,-1.46919,-1.55574,1.10134,-1.44828,4.73239
1.04855,-1.4683,-1.3709,1.10422,-1.46778,4.85151
1.04845,-1.46653,-1.10091,1.10315,-1.46972,5.10919
1.04822,-1.46508,-0.873011,1.10311,-1.47238,5.3768
1.04779,-1.46428,-0.719197,1.10323,-1.46566,5.51097
1.04673,-1.46347,-0.48094,1.10283,-1.46503,5.71864
1.04565,-1.46299,-0.267553,1.10114,-1.47844,5.99253
1.04468,-1.46279,-0.091482,1.10005,-1.47822,6.09823
1.04302,-1.46275,0.168745,1.10659,-1.47886,0.186423
1.04161,-1.4628,0.381517,1.10115,-1.48846,0.377222
1.04011,-1.46297,0.604127,1.10492,-1.46285,0.539396
1.03913,-1.46318,0.755119,1.10404,-1.46489,0.771451
1.03846,-1.46368,0.893828,1.10382,-1.46621,0.874358
1.03788,-1.46445,1.06232,1.10248,-1.46742,1.00678
1.03741,-1.4654,1.25075,1.10216,-1.46807,1.18671
1.03981,-1.44828,1.42438,1.10134,-1.46951,1.52188
1.06513,-1.37091,1.11431,1.11943,-1.39527,1.21839
1.0648,-1.37176,1.27952,1.1228,-1.39022,1.29642
1.0786,-1.29998,1.46008,1.1236,-1.3736,1.42995
1.08303,-1.2324,1.53974,1.12312,-1.29251,1.57338
1.08748,-1.13794,1.51086,1.11926,-1.21702,1.57093
1.09297,-1.06565,1.4831,1.12704,-1.13628,1.53722
1.09791,-1.01062,1.48026,1.12803,-1.07569,1.52536
1.10883,-0.883593,1.48788,1.13337,-0.964773,1.53071
1.11921,-0.75549,1.49128,1.13817,-0.837136,1.53292
1.12704,-0.656387,1.49246,1.14028,-0.762577,1.53552
1.13435,-0.564276,1.49122,1.14648,-0.648777,1.5363
1.13732,-0.527233,1.49053,1.1481,-0.605245,1.53616
1.14275,-0.460161,1.48961,1.15025,-0.541293,1.53514
1.1474,-0.403107,1.48939,1.15198,-0.489872,1.53191
1.15337,-0.329045,1.49148,1.15556,-0.428408,1.53245
1.15777,-0.272993,1.49346,1.15265,-0.358575,1.53534
1.16664,-0.160849,1.49085,1.18023,-0.222079,1.53698
1.17328,-0.0717849,1.50063,1.18307,-0.106281,1.54414
1.17659,-0.0237141,1.50348,1.18428,-0.0553285,1.54731
1.18153,0.050422,1.50488,1.18569,0.00722518,1.54907
1.18682,0.130584,1.50482,1.18667,0.0672915,1.54958
1.19344,0.229786,1.50388,1.18916,0.162221,1.54856
1.19988,0.325974,1.50422,1.1922,0.274563,1.54815
1.20746,0.441199,1.5057,1.19552,0.395686,1.54975
1.21078,0.492302,1.50619,1.19563,0.444131,1.55023
1.21825,0.606544,1.5053,1.19658,0.579366,1.5502
1.22174,0.658667,1.50239,1.19833,0.630798,1.54838
1.22705,0.734818,1.50056,1.2008,0.716027,1.54522
1.23013,0.778889,1.50146,1.20214,0.758122,1.54559
1.23533,0.85502,1.50353,1.20374,0.831814,1.54708
1.24027,0.931033,1.49756,1.20696,0.909414,1.54631
1.24049,0.933214,1.26949,1.20812,0.930748,1.44646
1.24143,0.935925,0.974234,1.20924,0.929758,1.07542
1.24206,0.936743,0.868968,1.2097,0.931168,0.916808
1.24348,0.938091,0.668208,1.21137,0.932324,0.720619
1.24546,0.939275,0.429487,1.21197,0.934742,0.521915
1.24759,0.939932,0.200642,1.21418,0.92723,0.241707
1.24972,0.940246,0.0444562,1.21356,0.921674,0.119694
1.25074,0.940223,-0.0612205,1.21656,0.933149,6.17537
1.25184,0.940141,-0.176843,1.21727,0.921353,6.10967
1.25321,0.939962,-0.317425,1.21797,0.928162,5.98651
1.25557,0.939219,-0.567648,1.21862,0.94335,5.83915
1.25767,0.937389,-0.850697,1.21989,0.958279,5.51916
1.25899,0.935412,-1.09424,1.22086,0.966061,5.32375
1.25974,0.933365,-1.31798,1.22303,0.973121,4.99922
1.26428,0.897371,-1.49115,1.22335,0.976431,4.80939
1.26884,0.781594,-1.55123,1.22489,0.857022,4.72232
1.2714,0.696414,-1.5319,1.23294,0.829718,4.76189
1.27398,0.618079,-1.54325,1.23891,0.674533,4.76378
1.27537,0.545714,-1.55729,1.24075,0.617008,4.74782
1.27654,0.44732,-1.55958,1.24189,0.524061,4.73925
1.2778,0.362029,-1.55372,1.24586,0.453874,4.74585
1.27878,0.304816,-1.55375,1.24813,0.393797,4.74672
1.2798,0.243582,-1.55453,1.24962,0.337221,4.74613
1.2808,0.181348,-1.55481,1.25378,0.263819,4.74594
1.28192,0.109074,-1.55556,1.25518,0.185928,4.74493
1.28279,0.0528655,-1.55525,1.25771,0.122002,4.7449
1.28386,-0.0153872,-1.55496,1.25916,0.0523771,4.74512
1.2853,-0.104716,-1.55444,1.26088,-0.0241383,4.74534
1.28663,-0.184004,-1.55372,1.26583,-0.162215,4.74653
1.28736,-0.227165,-1.55395,1.26735,-0.217381,4.74658
1.2886,-0.30144,-1.55421,1.26886,-0.265817,4.74628
1.28945,-0.352628,-1.55411,1.27131,-0.329318,4.74644
1.29038,-0.408835,-1.55425,1.27354,-0.378416,4.74646
1.29206,-0.512218,-1.55484,1.27562,-0.445061,4.74596
1.29307,-0.575452,-1.55492,1.27872,-0.548085,4.74559
1.29415,-0.642696,-1.55447,1.28063,-0.603418,4.74552
1.29488,-0.686855,-1.55407,1.28349,-0.655389,4.74614
1.29635,-0.77719,-1.55498,1.28517,-0.72688,4.74577
1.29767,-0.860495,-1.55496,1.28926,-0.841202,4.74554
1.2984,-0.906664,-1.55502,1.29057,-0.872058,4.74554
1.29895,-0.941795,-1.55522,1.29179,-0.917537,4.74564
1.30053,-1.04417,-1.55543,1.29463,-0.980742,4.74555
1.30184,-1.1325,-1.55644,1.29795,-1.07533,4.74428
1.30244,-1.17466,-1.5567,1.29912,-1.13442,4.74406
1.30318,-1.22585,-1.55602,1.30052,-1.18978,4.74424
1.30418,-1.29007,-1.55464,1.30137,-1.21954,4.74518
1.306,-1.39746,-1.55338,1.30492,-1.31313,4.74719
1.30696,-1.45467,-1.55472,1.30738,-1.3995,4.74574
1.30749,-1.4895,-1.53499,1.30827,-1.42403,4.74581
1.30749,-1.489,-1.45813,1.30984,-1.44152,4.82575
1.30747,-1.48784,-1.27969,1.30936,-1.43428,4.98122
1.30733,-1.48623,-1.0345,1.30865,-1.43872,5.22023
1.30722,-1.48555,-0.927985,1.30817,-1.44176,5.32409
1.3068,-1.48449,-0.737042,1.30755,-1.44129,5.44522
1.30605,-1.48385,-0.563279,1.30674,-1.45049,5.68572
1.30482,-1.4832,-0.312637,1.30461,-1.43989,5.84887
1.30367,-1.48293,-0.101838,1.30276,-1.41771,6.14694
1.34586,-1.50482,-0.704946,1.33514,-1.42652,5.77269
1.36528,-1.52811,-0.98326,1.35988,-1.45925,5.34913
1.36527,-1.52755,-0.888704,1.36004,-1.45701,5.41331
1.36493,-1.52669,-0.729598,1.35965,-1.4583,5.54991
1.36431,-1.52616,-0.583064,1.35886,-1.45816,5.65908
1.36345,-1.52565,-0.401749,1.34733,-1.45974,5.82045
1.36255,-1.52532,-0.225526,1.35385,-1.45854,5.97581
1.36127,-1.52515,-0.00233228,1.35594,-1.4576,6.13605
1.35936,-1.52516,0.287355,1.35684,-1.46786,0.219005
1.35829,-1.52523,0.44812,1.35677,-1.46855,0.437641
1.35696,-1.52541,0.646036,1.33871,-1.47244,0.621591
1.35592,-1.52575,0.816839,1.33813,-1.47368,0.810743
1.35518,-1.52656,1.00522,1.35469,-1.47847,0.957652
1.35456,-1.52772,1.23819,1.35802,-1.47214,1.22858
1.35435,-1.52854,1.39102,1.35888,-1.47849,1.35395
1.3621,-1.48507,1.45245,1.365,-1.55447,1.373
1.3644,-1.40928,1.59955,1.36348,-1.48695,1.56815
1.36282,-1.35507,1.5951,1.36257,-1.42251,1.59238
1.36239,-1.29261,1.56437,1.35822,-1.3636,1.59439
1.36319,-1.25127,1.53953,1.35988,-1.30246,1.55493
1.3663,-1.16592,1.53189,1.36094,-1.25016,1.54438
1.36959,-1.07863,1.53417,1.36471,-1.14214,1.54454
1.3731,-0.978296,1.537,1.36608,-0.993496,1.55378
1.37535,-0.916049,1.53238,1.3666,-0.92514,1.55345
1.37813,-0.848791,1.52733,1.36802,-0.862774,1.54854
1.38197,-0.762503,1.52561,1.36684,-0.799595,1.54818
1.38695,-0.656159,1.52316,1.37272,-0.685293,1.54454
1.39217,-0.543824,1.52527,1.377,-0.583081,1.54702
1.39697,-0.437496,1.526,1.37118,-0.372746,1.5525
1.40155,-0.346166,1.51697,1.37814,-0.272232,1.54191
1.40665,-0.249908,1.51866,1.40664,-0.227852,1.52091
1.40991,-0.151771,1.55215,1.4147,-0.20771,1.53489
1.41012,-0.0545539,1.57889,1.41386,-0.0747119,1.5784
1.40995,0.0258282,1.56876,1.41302,-0.00074853,1.57006
1.41009,0.0650012,1.56599,1.41324,0.0343379,1.56678
1.41063,0.145335,1.56126,1.41585,0.0747024,1.564
1.41146,0.231679,1.56073,1.41864,0.170696,1.55481
1.41184,0.312946,1.5695,1.42047,0.274321,1.56287
1.4118,0.395242,1.57209,1.42052,0.349419,1.56889
1.41171,0.457476,1.5728,1.4213,0.399196,1.56345
1.41155,0.504641,1.57486,1.42114,0.45471,1.56965
