-1.26835,-0.844806,2.65709,-1.12158,0.0533763,2.55839
-1.36367,-0.794656,2.65762,-1.12196,0.0337279,2.55874
-1.47898,-0.734077,2.65825,-1.12222,0.816442,1.57448
-1.59432,-0.673571,2.65888,1.67934,-0.0739801,5.8218
-1.70304,-0.616624,2.65949,1.75378,-0.121703,5.82218
-1.83178,-0.549304,2.66022,1.49023,-0.15416,5.06532
-1.85739,-0.540734,2.4189,1.7879,-0.179202,5.45106
-1.85894,-0.538946,2.1627,1.87714,-0.179382,5.10714
-1.86005,-0.536563,1.87638,-1.11282,1.36613,0.924281
-1.86042,-0.53323,1.51488,-1.11336,1.37044,0.541934
-1.83141,-0.446499,1.19576,-1.0883,1.37517,0.317281
-1.77534,-0.322895,1.13858,-0.933489,1.38723,0.177861
-1.70928,-0.179582,1.13929,-0.791494,1.4177,0.144378
-1.65797,-0.0680805,1.13989,-0.68273,1.43525,0.157962
-1.59001,0.0798774,1.14074,-0.588325,1.45533,0.158733
-1.51801,0.237006,1.14167,-0.424777,1.47135,0.174444
-1.45968,0.364582,1.14246,-1.18166,-0.342015,1.58301
-1.39419,0.508162,1.1434,-1.22924,-0.408191,1.63916
-1.34956,0.606197,1.14407,-1.23591,-0.360256,1.6406
-1.29155,0.733917,1.14496,-1.24672,-0.192071,1.64129
-1.22435,0.882229,1.14601,-1.25581,-0.0636365,1.64216
-1.16968,1.00321,1.14691,-1.26596,0.0759639,1.64313
-1.10175,1.15395,1.14806,-1.28001,0.25912,1.64421
-1.04015,1.29104,1.14915,-1.29586,0.483125,1.64523
-0.980745,1.42364,1.15022,-1.30969,0.658631,1.64634
-0.915362,1.57002,1.15143,-1.3188,0.795148,1.64764
-0.843038,1.73251,1.15283,-1.33491,0.993157,1.64846
-0.803347,1.83079,1.15653,-1.34619,1.13563,1.64987
-0.800949,1.83467,0.726094,-1.33488,1.18364,1.41346
-0.797872,1.83644,0.338775,-1.33339,1.1284,0.804121
-0.795229,1.83692,0.0524983,-1.33227,1.11489,0.595828
-0.743993,1.82926,-0.110694,-1.3263,1.11882,0.301615
-0.587537,1.80861,-0.133439,-1.15104,1.18344,0.28357
-0.441105,1.78896,-0.133217,-1.03097,1.23136,0.370894
-0.299629,1.77001,-0.133014,-0.915533,1.27199,0.373451
-0.187933,1.75508,-0.132858,-0.690159,1.30959,0.397473
-0.0538956,1.73718,-0.132606,-0.676448,1.36377,0.373766
0.0305006,1.72592,-0.132452,-0.646727,1.40819,0.371314
0.127311,1.71303,-0.132249,-0.583821,1.44726,0.361642
0.231572,1.69918,-0.132041,-0.622894,1.4514,0.374281
0.35818,1.68237,-0.131744,-0.471403,1.51094,0.374468
0.517066,1.66134,-0.131379,-0.355736,1.5564,0.3747
0.715687,1.63513,-0.13088,-0.166924,1.63082,0.375279
0.914325,1.60902,-0.130333,0.0836316,1.72817,0.375767
1.09808,1.58497,-0.129804,0.236825,1.78795,0.376156
1.23466,1.56717,-0.129413,0.386939,1.84868,0.376523
1.38367,1.5478,-0.128981,0.479014,1.88451,0.377173
1.50785,1.5317,-0.12861,0.579109,1.92242,0.377404
1.64694,1.51374,-0.12818,0.682945,1.96604,0.377865
1.78355,1.49615,-0.127755,0.715601,1.97697,0.378169
1.84013,1.49118,-0.30254,0.763248,1.99478,0.312873
1.84214,1.49038,-0.548938,0.766185,1.9934,0.0736658
1.84455,1.48826,-0.895712,0.775292,1.99554,6.03055
1.84609,1.48533,-1.25722,0.779455,1.99218,5.66815
1.8465,1.48288,-1.52318,0.779767,1.99202,5.5885
1.83326,1.41911,-1.80109,0.794967,1.95901,5.14588
1.80567,1.3122,-1.82631,0.828296,1.87309,5.07162
1.77647,1.20071,-1.82747,0.864914,1.77519,5.07024
1.74396,1.07745,-1.83012,0.906183,1.66783,5.06862
1.71247,0.95885,-1.83084,0.957122,1.5459,5.06996
1.68285,0.847758,-1.83299,1.00454,1.41058,5.07367
1.64973,0.724423,-1.8333,1.04483,1.30394,5.06909
1.58662,0.488404,-1.83217,1.08814,1.15804,5.07299
1.54857,0.406281,-2.04184,1.1096,0.99393,4.85922
1.48268,0.276795,-2.04105,1.12233,0.860091,4.85003
1.42823,0.169594,-2.04037,1.13575,0.762865,4.85742
1.35913,0.0333063,-2.03948,1.15447,0.706162,4.86126
1.30259,-0.0784517,-2.03871,1.1768,0.558121,4.86216
1.24952,-0.183544,-2.03797,1.19075,0.465735,4.86261
1.1954,-0.290914,-2.03721,1.21031,0.338412,4.86351
1.10651,-0.467718,-2.0359,1.23528,0.175771,4.86457
1.05485,-0.570722,-2.03513,1.25037,0.0778679,4.86522
1.00883,-0.662723,-2.03393,1.27064,-0.0583681,4.86637
0.976343,-0.727825,-2.03303,1.28385,-0.13936,4.86754
0.943914,-0.792953,-2.03213,1.29617,-0.218948,4.86849
0.898169,-0.885082,-2.03075,1.30958,-0.300783,4.86895
0.860332,-0.96153,-2.02956,1.32155,-0.386259,4.86952
0.81926,-1.04477,-2.02826,1.33251,-0.479267,4.87019
0.780511,-1.12357,-2.02697,1.33199,-0.620863,4.86984
0.745173,-1.19565,-2.02576,-1.08641,-1.07851,2.75114
0.709923,-1.26778,-2.02452,-1.17932,-1.04922,2.75234
0.664889,-1.36025,-2.02295,-1.25897,-1.02,2.7536
0.626562,-1.43926,-2.02154,-1.37794,-0.972102,2.75548
0.599253,-1.49572,-2.02057,-1.44143,-0.948491,2.7566
0.545894,-1.60646,-2.01856,-1.51414,-0.918395,2.75847
0.49925,-1.70373,-2.0168,-1.62473,-0.871854,2.75974
0.457097,-1.79203,-2.01515,-1.74059,-0.825912,2.76219
0.428389,-1.8568,-2.0078,-1.8015,-0.802232,2.7631
0.427196,-1.86521,-2.10491,-1.83408,-0.789848,2.71408
0.426221,-1.86661,-2.27156,-1.82645,-0.789738,2.58081
0.424847,-1.86798,-2.46343,-1.82778,-0.79118,2.34036
0.423484,-1.86886,-2.63456,-1.82916,-0.78967,2.2045
0.422224,-1.86943,-2.78529,-1.82337,-0.791176,2.19645
0.420482,-1.86988,-2.98118,0.00321153,-1.92386,3.3154
0.418722,-1.86997,3.11109,0.00142471,-1.92381,3.09546
0.417399,-1.86989,2.96545,-0.000459265,-1.92289,2.80801
0.367606,-1.84979,2.7861,-0.026081,-1.90955,2.66194
0.293813,-1.81579,2.65384,-0.0993146,-1.85934,2.55806
0.194248,-1.76294,2.65412,-0.176483,-1.81597,2.58793
0.119004,-1.72305,2.65437,-0.253093,-1.76823,2.6037
0.0415335,-1.68201,2.65463,-0.318433,-1.73281,2.60329
-0.0337337,-1.64217,2.65491,-0.357183,-1.70281,2.58679
-0.111228,-1.60117,2.65521,-0.378648,-1.69081,2.58701
-0.195376,-1.55669,2.65554,-0.38471,-1.69904,2.60566
-0.268464,-1.51808,2.65583,-0.437126,-1.63546,2.5498
-0.341564,-1.47949,2.65614,-0.477784,-1.60815,2.5501
-0.425753,-1.43509,2.65648,-0.55432,-1.55677,2.55053
-0.492231,-1.40005,2.65677,-0.606583,-1.52171,2.5508
-0.567583,-1.36037,2.65711,-0.668688,-1.48006,2.55114
-0.631864,-1.32654,2.65738,-0.721929,-1.4445,2.55145
-0.707242,-1.2869,2.65773,-0.810318,-1.38524,2.55169
-0.771544,-1.25311,2.65803,-0.869499,-1.34571,2.55187
-0.860254,-1.20654,2.65841,1.77923,-0.968997,4.5278
-0.942328,-1.16349,2.6588,-1.18598,-1.13147,2.55315
-1.01776,-1.12396,2.65914,-1.25277,-1.08957,2.55349
-1.10874,-1.07633,2.65958,-1.33159,-1.03706,2.55389
-1.19531,-1.03105,2.66,-1.41487,-0.981663,2.55428
-1.25969,-0.997414,2.66032,-1.48371,-0.935884,2.55464
-1.35739,-0.946411,2.66078,-1.53304,-0.902972,2.55495
-1.41069,-0.918611,2.66105,-1.58771,-0.866602,2.55533
-1.49065,-0.876938,2.66145,-1.65056,-0.825196,2.55566
-1.57508,-0.832984,2.66187,-1.71828,-0.780268,2.55607
-1.65953,-0.789066,2.66229,-1.79225,-0.731672,2.5565
-1.73065,-0.75211,2.66266,-1.84988,-0.693487,2.55686
-1.81503,-0.708355,2.6631,-1.91008,-0.652879,2.55726
-1.83745,-0.700443,2.61843,-1.93212,-0.638331,2.55908
-1.83856,-0.699697,2.47743,-1.9397,-0.633811,2.434
-1.83938,-0.698964,2.36182,-1.93357,-0.637099,2.33979
-1.8404,-0.697729,2.19099,-1.93786,-0.633573,2.14185
-1.84111,-0.696513,2.04039,-1.95079,-0.624055,1.99474
-1.84169,-0.695025,1.86974,-1.94221,-0.628854,1.84055
-1.84196,-0.693784,1.73424,-1.94689,-0.624063,1.70575
-1.84206,-0.692511,1.59871,-1.95115,-0.619333,1.5445
-1.83978,-0.678297,1.46925,-1.9453,-0.616096,1.36839
-1.8253,-0.599139,1.31983,-1.91552,-0.573625,1.31538
-1.80305,-0.521849,1.28507,-1.88408,-0.469182,1.28853
-1.78255,-0.45215,1.28435,-1.86508,-0.415725,1.28756
-1.76341,-0.387271,1.28367,-1.85222,-0.348488,1.28696
-1.73935,-0.30584,1.28123,-1.827,-0.275008,1.27661
-1.71502,-0.224236,1.28078,-1.79878,-0.18115,1.26034
-1.69065,-0.142651,1.28031,-1.77679,-0.109088,1.25994
-1.67056,-0.0754584,1.27979,-1.7573,-0.0416088,1.25944
-1.64761,0.00106017,1.27768,-1.73832,0.0224572,1.25833
-1.6259,0.0729797,1.27746,-1.71189,0.093276,1.25447
-1.60562,0.140097,1.27723,-1.69263,0.179378,1.24737
-1.5788,0.228788,1.27692,-1.68004,0.231942,1.24689
-1.54323,0.346251,1.27651,-1.65647,0.298953,1.24333
-1.50833,0.461302,1.27613,-1.63507,0.376658,1.24295
-1.461,0.617076,1.27561,-1.56226,0.562863,1.24228
-1.42235,0.744075,1.27521,-1.51879,0.684056,1.24217
-1.38583,0.863872,1.2748,-1.47506,0.818657,1.24164
-1.35366,0.96928,1.27443,-1.44091,0.92117,1.24127
-1.31999,1.07947,1.27407,-1.40964,1.0243,1.241
-1.27747,1.21838,1.2736,-1.35076,1.20941,1.2455
-1.23049,1.37164,1.27308,-1.30486,1.33619,1.24502
-1.18563,1.5177,1.2726,-1.25228,1.49754,1.24459
-1.14954,1.63501,1.27221,-1.21365,1.5939,1.24854
-1.12816,1.70443,1.27197,-1.19521,1.64612,1.23901
-1.10676,1.77384,1.27175,-1.17161,1.73536,1.23864
-1.09028,1.83784,1.28004,-1.14783,1.80294,1.25106
-1.0893,1.8419,1.07098,-1.14157,1.80753,1.09827
-1.08806,1.84363,0.849219,-1.12754,1.8455,0.927785
-1.08669,1.84488,0.65284,-1.12861,1.84421,0.742832
-1.08556,1.84564,0.491951,-1.12379,1.86845,0.548524
-1.08425,1.84621,0.336049,-1.12271,1.85964,0.394146
-1.08273,1.84658,0.165115,-1.12078,1.88769,0.281963
-1.08162,1.84667,0.044473,-1.11991,1.88781,0.144011
-1.06585,1.84375,-0.101363,-1.11641,1.88788,6.19959
-1.00314,1.83323,-0.21831,-1.05713,1.87945,6.11553
-0.920629,1.81085,-0.276249,-0.977585,1.85767,5.97423
-0.838708,1.78762,-0.276266,-0.895518,1.83013,5.98274
-0.756787,1.76439,-0.276267,-0.814436,1.81386,5.97428
-0.67082,1.7433,-0.164573,-0.772394,1.78529,5.99921
-0.506024,1.71789,-0.152297,-0.630168,1.76098,6.10737
-0.352557,1.69434,-0.152115,-0.448825,1.73447,6.11811
-0.270871,1.68182,-0.151989,-0.304931,1.70773,6.1263
-0.189183,1.66931,-0.151867,-0.232446,1.70233,6.1264
-0.0951149,1.65492,-0.1517,-0.158446,1.68342,6.12661
-0.0233233,1.64396,-0.151536,-0.0737461,1.67524,6.1267
0.0608474,1.63111,-0.151369,-0.00506983,1.66962,6.12723
0.21434,1.60771,-0.151026,0.079524,1.66283,6.14231
0.313372,1.59265,-0.150817,0.226919,1.62733,6.1278
0.407457,1.57835,-0.150573,0.326136,1.61714,6.12816
0.49907,1.56446,-0.150342,0.418767,1.59499,6.1284
0.630305,1.54459,-0.149973,0.538706,1.58798,6.12879
0.702117,1.53374,-0.149794,0.61591,1.58053,6.13603
0.788789,1.52067,-0.149527,0.700866,1.56533,6.12912
0.870511,1.50836,-0.149314,0.851701,1.51454,6.12117
0.952238,1.49607,-0.14906,0.968208,1.48806,6.12154
1.02406,1.48529,-0.148861,1.03438,1.47964,6.12173
1.12561,1.47007,-0.148543,1.11756,1.46434,6.1221
1.20239,1.45858,-0.148302,1.21442,1.44658,6.12245
1.28908,1.44563,-0.14805,1.28242,1.43894,6.12262
1.38568,1.43123,-0.147747,1.37415,1.42389,6.12287
1.50954,1.41282,-0.147349,1.48593,1.40429,6.12344
1.59129,1.40069,-0.147084,1.56972,1.39482,6.12406
1.67305,1.38858,-0.14679,1.64374,1.38305,6.12437
1.77215,1.37394,-0.146462,1.72283,1.36669,6.12462
1.82765,1.36801,-0.191966,1.80357,1.35298,6.13422
1.82947,1.36752,-0.388903,1.85,1.34512,5.95387
1.83117,1.36665,-0.610154,1.8546,1.34361,5.68404
1.83308,1.36487,-0.891636,1.81992,1.34307,5.42596
1.83431,1.36281,-1.1528,1.85718,1.33484,5.2315
1.83489,1.36091,-1.36863,1.87207,1.33269,4.94069
1.83488,1.35315,-1.60164,1.87234,1.33412,4.64878
1.82867,1.27148,-1.64463,1.8631,1.27256,4.57886
1.82182,1.16187,-1.73672,1.83386,1.08885,4.55725
1.82139,1.16026,-1.90949,1.82615,1.12407,4.3489
1.80192,1.13208,-2.01936,1.82396,1.12799,4.17558
1.80142,1.12858,-2.14332,1.85058,1.1352,4.13689
1.80329,1.12898,-2.30978,1.85676,1.16641,4.07611
1.80753,1.1299,-2.45606,-1.58753,1.74565,5.71512
1.81387,1.13057,-2.57428,-1.59157,1.74861,5.64525
1.81762,1.13274,-2.76615,-1.59612,1.75185,5.63065
1.78159,1.11758,-2.86057,-1.58553,1.73971,5.41304
1.66611,1.08428,-2.86116,-1.53253,1.67116,5.40883
1.51693,1.04138,-2.86192,-1.41464,1.52105,5.40832
1.41105,1.01099,-2.86246,-1.34322,1.43303,5.40824
1.29791,0.978589,-2.86291,-1.26496,1.33455,5.40707
1.1968,0.949685,-2.86331,-1.17042,1.19208,5.35166
1.08123,0.9167,-2.86379,1.27456,-0.715036,1.90199
0.965638,0.883771,-2.86425,1.24248,-0.621503,1.90112
0.864487,0.854998,-2.86464,1.19712,-0.488524,1.90038
0.785002,0.832425,-2.86498,1.16802,-0.403697,1.90007
0.729599,0.816704,-2.86521,1.14358,-0.332235,1.89996
0.623602,0.786662,-2.86562,1.1104,-0.234517,1.89987
0.510363,0.754627,-2.86606,1.07991,-0.145487,1.89962
0.387469,0.719924,-2.86658,1.0241,0.0202332,1.89893
0.303119,0.696141,-2.86692,0.980253,0.147993,1.89814
0.213942,0.671032,-2.86728,0.956324,0.219013,1.89799
0.112704,0.642567,-2.86768,0.922954,0.316267,1.89801
0.0210962,0.616847,-2.86805,0.885815,0.424819,1.89749
-0.0608754,0.593867,-2.86837,0.864186,0.489067,1.89699
-0.140444,0.571583,-2.86868,0.836001,0.57269,1.89672
-0.215197,0.550678,-2.86899,0.772971,0.760076,1.89641
-0.299603,0.527098,-2.86933,0.7418,0.851674,1.8959
-0.384016,0.503548,-2.86966,0.724239,0.903868,1.89567
-0.463614,0.481372,-2.86998,0.70622,0.958128,1.89565
-0.535981,0.461229,-2.87026,0.683792,1.02131,1.89527
-0.605942,0.441783,-2.87056,0.67671,1.04358,1.89497
-0.675908,0.422354,-2.87083,0.653043,1.11648,1.8948
-0.741054,0.40428,-2.87108,0.634957,1.16751,1.89456
-0.818269,0.382884,-2.87139,0.613038,1.23432,1.89417
-0.885838,0.36418,-2.87165,0.603754,1.26448,1.89416
-0.96548,0.342163,-2.87197,0.602243,1.26764,1.8937
-1.0572,0.316838,-2.87234,0.566664,1.374,1.89357
-1.12237,0.298866,-2.87261,0.544323,1.44048,1.89331
-1.1972,0.278251,-2.8729,0.519689,1.50898,1.89271
-1.2817,0.255003,-2.87324,0.517832,1.51955,1.89264
-1.35172,0.235762,-2.87353,0.509309,1.54098,1.89226
-1.41691,0.217865,-2.87376,0.491792,1.59267,1.89214
-1.4966,0.196015,-2.87408,0.478216,1.63103,1.89168
-1.55215,0.180802,-2.87432,0.468199,1.66701,1.89151
-1.6246,0.160973,-2.87459,0.450542,1.72323,1.89105
-1.70431,0.139189,-2.87491,0.433974,1.77012,1.89078
-1.77194,0.120724,-2.87518,0.416329,1.82179,1.89054
-1.83988,0.103889,-2.84818,0.395521,1.88603,1.89262
-1.84522,0.102771,-2.96539,0.372237,1.86991,1.84134
-1.84706,0.102659,3.12249,0.395076,1.87019,1.67836
-1.84877,0.10278,2.93753,0.397271,1.88125,1.46408
-1.85038,0.10316,2.76248,0.398543,1.88503,1.29499
-1.85195,0.103977,2.5772,0.399335,1.88682,1.13816
-1.85298,0.104748,2.44187,0.400602,1.89229,0.906254
-1.85398,0.105752,2.29145,0.402165,1.89305,0.771484
-1.85491,0.107052,2.12092,0.404132,1.86314,0.647141
-1.85544,0.108095,1.99552,-0.6727,1.76798,0.551969
-1.85589,0.109383,1.85002,-0.653506,1.76897,0.342404
-1.85615,0.11082,1.69447,0.416365,1.86375,0.13762
-1.85618,0.11265,1.49897,0.417863,1.86374,6.20853
-1.84836,0.135287,1.34497,0.425103,1.86061,5.9296
-1.82183,0.220482,1.24833,0.485095,1.82856,5.80413
-1.80039,0.284622,1.24859,0.557555,1.79045,5.80705
-1.77423,0.363029,1.24891,0.621655,1.75796,5.80723
-1.75046,0.434314,1.24924,0.672675,1.72869,5.79232
-1.72593,0.507986,1.24957,0.728906,1.68407,5.7629
-1.69747,0.593549,1.24998,0.759097,1.6605,5.74261
-1.6651,0.691012,1.25047,0.816868,1.62495,5.74282
-1.63514,0.781357,1.25093,0.903342,1.58109,5.74332
-1.60601,0.869341,1.25142,0.984448,1.53713,5.74382
-1.57614,0.959715,1.25191,1.06439,1.50375,5.80988
-1.54475,1.05486,1.25246,1.16278,1.46316,5.81046
-1.52045,1.12862,1.2529,1.23783,1.44191,5.8109
-1.48602,1.23331,1.25352,1.36955,1.3777,5.81132
-1.44854,1.34756,1.25425,1.46414,1.32781,5.81218
-1.41037,1.46421,1.25501,1.56161,1.27892,5.8128
-1.3816,1.55232,1.2556,1.64319,1.23878,5.81348
-1.35522,1.63329,1.25616,1.70262,1.20841,5.81406
-1.32965,1.7119,1.25671,1.77659,1.17001,5.81462
-1.3049,1.78814,1.25725,1.87293,1.12129,5.81521
-1.29645,1.82739,1.30128,1.91215,1.1072,5.89832
-1.29606,1.82864,1.1607,1.91339,1.10015,5.77638
-1.2959,1.8292,1.16193,1.92936,1.09931,5.66929
-1.29499,1.83102,1.02255,1.92715,1.10098,5.61633
-1.29413,1.83218,0.871929,1.59896,-1.97991,4.7233
-1.29283,1.83343,0.681168,1.59867,-1.98177,4.53987
-1.29132,1.8344,0.490401,1.59808,-1.98317,4.35588
-1.28879,1.83526,0.204352,1.5964,-1.98376,3.90767
-1.28728,1.83543,0.0437113,1.80873,1.15519,4.90247
-1.25144,1.83195,-0.100001,1.80754,1.14097,4.63645
-1.17179,1.82385,-0.100867,1.79781,1.0462,4.60519
-1.11198,1.8178,-0.100411,1.79264,0.995986,4.60258
-1.02724,1.80928,-0.0997559,1.7686,0.90129,4.56201
-0.949965,1.80156,-0.0991818,1.76125,0.849979,4.55602
-0.86272,1.7929,-0.0985185,1.74453,0.791005,4.53795
-0.770484,1.7838,-0.0978251,1.71643,0.651006,4.5311
-0.685719,1.7755,-0.0971551,0.0372123,-0.971421,3.63053
-0.603444,1.7675,-0.0965419,-0.051094,-1.01942,3.6312
-0.511117,1.75858,-0.0955133,-0.109418,-1.05051,3.63165
-0.443691,1.75214,-0.0945351,-0.194541,-1.09611,3.63329
-0.341296,1.74248,-0.0931406,-0.273672,-1.13855,3.63441
-0.248877,1.73388,-0.0918573,-0.319344,-1.16323,3.63564
-0.168939,1.72655,-0.0906751,-0.38567,-1.19927,3.63719
-0.0690042,1.71751,-0.0892547,-0.452962,-1.23188,3.63842
0.0184491,1.70971,-0.0880021,-0.534069,-1.25399,3.63931
0.11091,1.70159,-0.0866861,-1.27097,0.518119,1.82207
0.183387,1.6953,-0.0856553,-1.07346,0.315112,2.0727
0.283363,1.68676,-0.0842702,-0.731845,-1.37055,3.64368
0.350857,1.68107,-0.0832938,-0.792751,-1.41726,3.64527
0.443356,1.67338,-0.0819741,-0.861941,-1.46131,3.64652
0.518361,1.66724,-0.0809295,-0.919489,-1.49245,3.64724
0.583372,1.66198,-0.0800081,-0.99367,-1.53379,3.64873
0.675895,1.65459,-0.0786868,-1.0522,-1.5657,3.64933
0.755921,1.6483,-0.0775838,-1.12598,-1.60717,3.6503
0.828454,1.64268,-0.0765472,-0.926961,-1.73494,2.84691
0.893486,1.63771,-0.0756263,-0.989866,-1.71588,2.84754
0.966029,1.63223,-0.0745919,-1.05853,-1.69514,2.84841
1.03357,1.62719,-0.0736619,-1.13929,-1.67084,2.84999
1.10112,1.62222,-0.072736,-1.19342,-1.65483,2.85053
1.17618,1.61677,-0.0716468,-1.25746,-1.63422,2.85121
1.23373,1.61265,-0.0708413,-1.32073,-1.61697,2.85224
1.29378,1.60839,-0.0700309,-1.37659,-1.5999,2.85342
1.36135,1.60367,-0.0690572,-1.43308,-1.58283,2.85467
1.42892,1.599,-0.0681317,-1.49167,-1.56463,2.85533
1.53154,1.59205,-0.066698,-1.58753,-1.53776,2.85627
1.58911,1.58821,-0.0658956,-1.65251,-1.51887,2.85704
1.67421,1.58261,-0.0647451,-1.72679,-1.49709,2.85832
1.74681,1.57793,-0.0637178,-1.78566,-1.48055,2.85996
1.80719,1.57479,-0.0633814,-1.86105,-1.45961,2.8623
1.8099,1.57453,-0.255804,-1.84024,-1.46105,2.74534
1.81099,1.57427,-0.376686,-1.84175,-1.4636,2.60423
1.81211,1.57375,-0.507383,-1.86999,-1.45556,2.49514
1.81646,1.56974,-0.683948,-1.87555,-1.45181,2.43208
1.84774,1.54138,-0.748746,-1.87998,-1.43038,2.31818
1.8546,1.53511,-0.843878,-1.89599,-1.41855,2.24861
1.85536,1.53411,-0.979299,-1.81791,-1.43857,2.1649
1.85603,1.53289,-1.1297,-1.81769,-1.43813,2.02251
1.85641,1.53192,-1.24007,-1.81806,-1.43707,1.92255
1.85678,1.53027,-1.42069,-1.81993,-1.43415,1.74509
1.85686,1.52923,-1.53111,-1.81769,-1.43602,1.69584
1.85684,1.5283,-1.63139,-1.82093,-1.42988,1.52141
1.85132,1.50383,-1.74993,-1.81978,-1.42356,1.38564
1.83783,1.44819,-1.86297,-1.80383,-1.37117,1.2335
1.81301,1.37927,-1.93591,-1.81282,-1.28615,1.12485
1.78618,1.30908,-1.93548,-1.77546,-1.22424,1.12212
1.76564,1.25525,-1.93514,-1.75434,-1.17574,1.12547
1.74155,1.19205,-1.93473,-1.71682,-1.09568,1.1261
1.72015,1.13587,-1.93434,-1.6876,-1.03953,1.12659
1.70056,1.08436,-1.934,-1.65573,-1.04215,1.17957
1.67832,1.02582,-1.93361,0.322403,0.610018,1.16448
1.64988,0.950878,-1.93308,0.397466,1.52555,0.54637
1.62237,0.878261,-1.93258,0.461236,1.56432,0.546757
1.59756,0.812658,-1.93209,0.522946,1.60196,0.547317
1.57189,0.744699,-1.9316,0.58703,1.64112,0.547856
1.54184,0.665008,-1.93099,0.631178,1.67187,0.548314
1.52065,0.608743,-1.93057,0.633304,1.67571,0.549004
1.49157,0.531365,-1.92997,-0.855246,1.5539,0.81402
1.4722,0.479769,-1.92956,-0.876493,-1.07794,3.34604
1.45374,0.430512,-1.92917,-0.918914,-1.09083,3.3466
1.42914,0.364824,-1.92862,-0.985974,-1.10482,3.3471
1.40284,0.294429,-1.92806,1.40972,0.123499,4.80221
1.38269,0.240448,-1.9276,1.48326,0.0457076,5.37349
1.35733,0.172373,-1.92702,1.42165,0.0108175,4.8033
1.33114,0.101935,-1.92643,-1.29395,0.686689,0.154353
1.30673,0.0361775,-1.92583,-1.18233,0.702109,0.155098
1.26669,-0.0719602,-1.92461,-1.08874,0.710293,0.155805
1.23457,-0.159054,-1.92328,0.743269,-0.554642,3.5314
1.19997,-0.253256,-1.92176,0.654154,-0.605864,3.53409
1.17326,-0.326298,-1.92056,0.549773,-0.619966,3.53541
1.13122,-0.441816,-1.9186,-1.77142,1.60626,5.6847
1.10303,-0.519663,-1.91724,0.320955,-0.742618,3.53819
1.0826,-0.576302,-1.91623,0.242217,-0.782601,3.53954
1.05714,-0.647133,-1.91495,0.19085,-0.809881,3.54066
1.02503,-0.736897,-1.9133,0.11219,-0.846225,3.54224
0.99558,-0.819622,-1.91175,-0.000324097,-0.889115,3.54393
0.961248,-0.916587,-1.9099,-0.103438,-0.935651,3.54544
0.925433,-1.01835,-1.90798,-0.181927,-0.970075,3.54687
0.89395,-1.10834,-1.9062,-0.276544,-1.0101,3.54913
0.865092,-1.19127,-1.90458,-0.37842,-1.05778,3.55057
0.819205,-1.32407,-1.90191,-0.514656,-1.11597,3.55309
0.780152,-1.43799,-1.89962,-0.644355,-1.16909,3.55562
0.744585,-1.54249,-1.89749,-0.781939,-1.22803,3.55704
0.718056,-1.62092,-1.89588,-0.808488,-1.24388,3.55801
0.692449,-1.69702,-1.89433,-0.387437,1.55167,1.21745
0.658371,-1.80024,-1.88876,-0.328039,1.70994,1.21656
0.653891,-1.81947,-2.02577,-0.30398,1.77207,1.19402
0.651843,-1.82224,-2.38953,-0.288232,1.80967,0.77843
0.649917,-1.8236,-2.64651,-0.292469,1.80106,0.629835
0.648093,-1.82435,-2.87307,-0.290588,1.80165,0.345886
0.616724,-1.8309,-3.00959,-0.283919,1.78008,0.209901
0.525784,-1.84304,-3.00749,-0.206588,1.80083,0.206764
0.4982,-1.84581,-3.09921,-0.160914,1.80131,0.19249
0.395797,-1.8444,3.06581,-0.0516164,1.799,0.0499318
0.273882,-1.82292,2.92888,0.0260692,1.76427,6.0727
0.175968,-1.80176,2.92874,0.139762,1.7298,5.98345
0.0731499,-1.77953,2.92857,0.157559,1.70477,5.96697
-0.0247703,-1.75835,2.92839,0.300813,1.68192,5.97504
-0.193678,-1.72175,2.92792,0.451305,1.62423,5.99266
-0.284248,-1.70209,2.92761,0.553568,1.58667,5.97934
-0.357679,-1.68612,2.92732,0.615431,1.56857,5.96621
-0.484952,-1.65839,2.92676,0.744199,1.5384,5.96573
-0.585293,-1.63647,2.92622,1.06801,1.45979,5.99135
-0.700468,-1.61123,2.92565,1.18167,1.4256,5.99079
-0.81075,-1.58701,2.92514,1.3004,1.3898,5.99028
-0.945523,-1.55732,2.92457,1.42214,1.35294,5.9891
-1.11458,-1.51997,2.92372,1.5305,1.32007,5.98844
-1.23217,-1.4939,2.92311,1.63984,1.28702,5.98811
-1.3424,-1.46939,2.92254,1.75861,1.25083,5.98708
-1.48934,-1.43659,2.92175,1.91915,-0.923838,4.88674
-1.64605,-1.40147,2.92087,1.95047,-1.09773,4.88543
-1.79783,-1.36733,2.92005,1.9799,-1.27641,4.88463
-1.85544,-1.35595,2.80941,1.98575,-1.33884,4.83513
-1.85656,-1.35547,2.6129,1.98641,-1.35293,4.66658
-1.85795,-1.35441,2.34922,1.98552,-1.35425,4.3902
-1.85878,-1.3534,2.16048,1.98238,-1.33138,4.32689
-1.85951,-1.35198,1.93036,1.98731,-1.36121,4.1334
-1.85983,-1.3509,1.76879,1.9887,-1.37769,3.6864
-1.85996,-1.34952,1.57057,1.98723,-1.37818,3.49049
-1.85991,-1.34818,1.38797,1.98593,-1.37823,3.28875
-1.8377,-1.28873,1.20804,1.95849,-1.37914,3.18181
-1.79845,-1.20388,1.11281,1.85987,-1.36137,2.9557
-1.75071,-1.10713,1.1125,1.74903,-1.33293,2.93132
-1.71523,-1.03527,1.11224,1.66587,-1.30317,2.90077
-1.66976,-0.943189,1.11178,1.64774,-1.30111,2.90062
-1.63978,-0.882562,1.11143,1.63256,-1.29739,2.90041
-1.59756,-0.797251,1.11088,1.5629,-1.28019,2.90032
-1.55862,-0.718697,1.11033,1.4561,-1.25384,2.89969
-1.53078,-0.6626,1.10991,1.40025,-1.24012,2.89945
-1.49846,-0.597541,1.10937,1.3366,-1.22435,2.89898
-1.43258,-0.465234,1.10819,1.22287,-1.1961,2.89771
-1.38446,-0.368856,1.10725,1.11455,-1.16904,2.89647
-1.32951,-0.259085,1.10611,0.979393,-1.13501,2.89547
-1.25854,-0.11784,1.10433,0.818415,-1.09443,2.89351
-1.2156,-0.0326975,1.1033,0.77289,-1.08179,2.89214
-1.18504,0.0277751,1.10249,0.704791,-1.06435,2.89093
-1.15215,0.0926962,1.10166,0.675828,-1.05697,2.88992
-1.10898,0.177727,1.1005,0.569556,-1.03002,2.88947
-1.07597,0.242583,1.09964,0.494974,-1.01105,2.88902
-1.0486,0.296237,1.09888,0.442299,-0.997668,2.88833
-1.01434,0.363275,1.09793,0.391682,-0.983208,2.88769
-0.977719,0.434745,1.09692,0.36733,-0.978903,2.88721
-0.944474,0.499486,1.09594,0.290998,-0.957841,2.88628
-0.913462,0.55973,1.09507,0.212659,-0.936669,2.8852
-0.868573,0.646702,1.09376,0.163055,-0.922124,2.88412
-0.822415,0.735843,1.0924,0.0691543,-0.899101,2.88283
-0.784239,0.809332,1.09131,-0.0281382,-0.87183,2.88178
-0.752947,0.869433,1.09035,-0.12819,-0.84709,2.8806
-0.722758,0.927276,1.08945,-0.179649,-0.83063,2.87993
-0.68553,0.998431,1.08834,-0.263308,-0.809162,2.87898
-0.620193,1.12285,1.08633,-0.283253,0.0690669,2.87839
-0.542868,1.26933,1.08396,-0.471226,-0.748244,2.8757
-0.471085,1.40453,1.08178,-0.662637,-0.67786,2.87392
-0.423856,1.49311,1.08031,-0.717902,-0.645126,2.87331
-0.370571,1.59268,1.07864,1.30405,0.635887,5.85375
-0.330195,1.66784,1.07742,1.45368,0.606822,5.85299
-0.292117,1.73855,1.07621,1.57367,0.564321,5.85164
-0.246785,1.82244,1.07481,1.68,0.51659,5.85034
-0.230333,1.85804,1.01955,1.74883,0.485963,5.86111
-0.229661,1.85898,0.862549,1.75114,0.484688,5.69546
-0.228332,1.8602,0.617081,1.74359,0.486896,5.45313
-0.226889,1.861,0.39308,1.71969,0.496318,5.13126
-0.22457,1.86154,0.0601996,1.72013,0.494039,4.91443
-0.222988,1.86152,-0.1476,1.72014,0.49245,4.7221
-0.219577,1.86,-0.299699,1.71999,0.489916,4.51244
-0.102504,1.80311,-0.443729,1.69025,0.410058,4.2867
-0.00977799,1.75901,-0.443688,1.64944,0.335498,4.27028
0.0874879,1.71278,-0.443759,1.65341,0.344514,4.2866
0.148561,1.68374,-0.443897,1.64324,0.291897,4.23633
0.214155,1.65254,-0.444108,1.61073,0.229544,4.23608
0.329495,1.59763,-0.444558,1.56102,0.114908,4.23579
0.447073,1.54159,-0.445089,1.52074,0.0414614,4.23523
0.530504,1.50183,-0.446974,1.38815,0.0220549,4.14621
0.629867,1.45419,-0.447453,1.34999,-0.037943,4.14587
0.787887,1.37828,-0.448391,1.27097,-0.161896,4.1451
0.932321,1.30871,-0.449408,1.18105,-0.302805,4.1441
1.10149,1.22698,-0.450625,1.06335,-0.4783,4.14271
1.22548,1.16691,-0.451544,1.01667,-0.559308,4.1418
1.39221,1.08591,-0.452812,0.893865,-0.750799,4.14078
1.51607,1.02557,-0.453773,0.791198,-0.91815,4.13972
1.68037,0.945298,-0.455049,0.702991,-1.12948,4.13871
1.77914,0.896938,-0.457074,1.87642,-1.64767,4.66766
1.84861,0.867684,-0.480028,1.8737,-1.75562,4.66824
1.85034,0.866616,-0.69131,1.87036,-1.78151,4.5117
1.85146,0.865496,-0.86216,1.87087,-1.72425,4.25886
1.8525,0.863958,-1.06297,1.86937,-1.72409,4.09957
1.85315,0.862452,-1.23857,1.86764,-1.72519,3.87656
1.85358,0.860287,-1.47437,1.86557,-1.75629,3.59829
1.85345,0.858035,-1.68947,1.86196,-1.83105,3.38016
1.83793,0.800958,-1.84892,1.837,-1.83348,3.20225
1.79163,0.680868,-1.96654,1.70417,-1.82487,3.04262
1.74337,0.565299,-1.96616,1.56942,-1.80296,3.00841
1.69129,0.440462,-1.96568,1.4175,-1.78332,2.99874
1.62966,0.292473,-1.96501,1.24613,-1.76259,2.99911
1.58253,0.179139,-1.96447,1.12622,-1.73651,2.9999
1.52684,0.0449553,-1.9638,0.971659,-1.71015,3.00061
1.47411,-0.0823253,-1.96311,0.952099,-1.60845,3.00775
1.4253,-0.200382,-1.96244,0.711708,0.540183,3.00831
1.37561,-0.320789,-1.96172,-1.35901,0.540503,0.00290392
1.32792,-0.436599,-1.96101,-1.18961,0.541033,0.00396147
1.28031,-0.552445,-1.96026,0.153122,-1.53072,3.0103
1.23754,-0.656737,-1.95958,-0.992845,0.542057,0.00527639
1.19294,-0.765696,-1.95882,-0.9083,0.54287,0.0060432
1.15599,-0.856135,-1.9582,-0.804648,0.543607,0.0067669
1.10021,-0.992999,-1.95719,-0.683828,0.544407,0.00769909
1.05965,-1.09278,-1.95646,1.18327,0.626613,5.59863
1.00693,-1.22278,-1.95546,1.67345,0.579126,5.59956
0.956219,-1.34819,-1.95448,1.79307,0.481536,5.60046
0.911247,-1.4597,-1.95357,1.87042,0.423341,5.60134
0.868244,-1.56661,-1.95269,1.91252,0.38777,5.60225
0.816953,-1.69448,-1.9516,1.97865,0.336589,5.60365
0.779738,-1.78752,-1.95079,1.6856,-0.794908,5.58685
0.76922,-1.82385,-2.01601,1.74322,-0.834026,5.57497
0.766664,-1.823,-2.21401,1.73435,-0.83411,5.25437
0.756107,-1.80963,-2.35996,-1.88702,-0.399795,2.09367
0.698444,-1.85575,-2.35881,-1.90114,-0.372388,2.04331
0.682604,-1.87155,-2.53529,-1.92924,-0.307679,1.97512
0.680414,-1.87263,-2.79621,-1.92948,-0.305441,1.63483
0.678105,-1.87311,-3.04706,-0.232976,-0.607604,3.07764
0.676187,-1.87309,3.03056,-1.92663,-0.308087,1.27775
0.646264,-1.85422,2.71056,-1.90954,-0.331275,1.21245
0.519661,-1.78734,2.64852,-1.83376,-0.262818,1.1359
0.409329,-1.72807,2.6489,1.40977,-0.961811,3.45433
0.316635,-1.67831,2.64921,1.28395,-0.982743,3.44864
0.22834,-1.63096,2.64953,-1.69788,0.0859289,1.13658
0.133404,-1.58008,2.6499,-1.65088,0.185227,1.13692
0.0450759,-1.53279,2.65025,-1.63078,0.237211,1.13729
-0.0675675,-1.47254,2.65073,-1.57913,0.358302,1.13811
-0.191287,-1.40644,2.65124,-1.44274,0.686397,1.13937
-0.290727,-1.35337,2.65168,-1.39155,0.781234,1.13987
-0.425563,-1.2815,2.65226,-1.32879,0.890115,1.14022
-0.547173,-1.21677,2.65283,-1.28067,1.00648,1.14099
-0.677669,-1.14741,2.65343,-1.22947,1.11015,1.14173
-0.772802,-1.0969,2.65387,-1.23523,1.12425,1.14237
-0.910011,-1.02416,2.65452,-1.13372,1.32854,1.14249
-1.05834,-0.945657,2.65524,-1.0964,1.40564,1.14336
-1.22001,-0.860243,2.65603,-1.07501,1.45682,1.14493
-1.36403,-0.784298,2.65674,-1.37029,-0.0849085,2.32205
-1.48815,-0.718953,2.65738,-1.45605,-0.0141273,2.32281
-1.59235,-0.66417,2.65792,-1.54622,0.0766126,2.32318
-1.71876,-0.597807,2.65857,-1.65068,0.176354,2.32394
-1.81194,-0.54896,2.65905,-1.7265,0.254269,2.3245
-1.84626,-0.533925,2.50581,-1.77641,0.316641,2.25083
-1.84824,-0.5319,2.20426,-1.78662,0.332093,1.98665
-1.84946,-0.529527,1.9181,-1.78736,0.346504,1.56129
-1.84997,-0.526515,1.59187,-1.78721,0.388986,1.19497
-1.82692,-0.386362,1.27373,-1.83208,0.55377,1.00193
-1.75249,-0.189218,1.20113,-1.7537,0.697742,0.891909
-1.6927,-0.0351184,1.20008,-1.66374,0.832804,0.917733
-1.64273,0.0932697,1.19898,-1.60458,0.92561,0.916295
-1.58802,0.233274,1.19767,-1.53555,1.01918,0.914696
-1.53041,0.379902,1.19522,-1.50203,1.09799,0.908609
-1.48076,0.505695,1.19439,-1.51952,1.06751,0.908389
-1.42914,0.636142,1.1935,-1.44142,1.1722,0.908244
-1.37367,0.775841,1.19226,-1.36528,1.28651,0.907166
-1.31989,0.910821,1.19103,-1.26919,1.39913,0.906049
-1.25207,1.08039,1.18805,-1.16439,1.52525,0.904384
-1.19027,1.23369,1.18708,-1.03171,1.65561,0.897333
-1.12831,1.38696,1.18597,-0.965973,1.78709,0.89642
-1.08123,1.50303,1.18499,-0.895506,1.87843,0.894669
-1.04253,1.59818,1.18411,-0.854038,1.92597,0.893912
-0.991432,1.72344,1.18292,-0.820371,1.96737,0.893506
-0.946001,1.83449,1.18053,-0.82652,1.96742,0.891602
-0.937189,1.86624,1.06602,-0.811193,1.98344,0.854943
-0.93582,1.86811,0.819141,-1.19925,-1.0323,2.71196
-0.934396,1.86933,0.617843,-0.807944,1.98599,0.578127
-0.932306,1.87044,0.346395,-0.806058,1.98662,0.298002
-0.930053,1.87092,0.0951046,-0.802968,1.98695,0.0290373
-0.927836,1.87088,-0.145826,-0.800938,1.98659,6.09886
-0.882556,1.8521,-0.350882,-0.783887,1.98029,5.90548
-0.758157,1.79012,-0.507831,-0.669429,1.90491,5.68122
-0.681552,1.74749,-0.507586,-0.57683,1.83758,5.6716
-0.561149,1.68054,-0.507167,-0.495735,1.77299,5.68167
-0.445094,1.61607,-0.506757,-0.410841,1.71984,5.67189
-0.324632,1.54923,-0.506284,-0.266554,1.61772,5.69633
-0.153741,1.45453,-0.505591,-0.115151,1.52841,5.69752
-0.035394,1.38904,-0.505112,0.0255001,1.43033,5.69788
0.0807949,1.32482,-0.50461,0.161954,1.34937,5.69857
0.175084,1.27276,-0.5042,0.235728,1.29842,5.699
0.289137,1.20985,-0.50369,0.337161,1.22357,5.6998
0.370311,1.16513,-0.503318,0.372788,1.20245,5.70024
0.464668,1.11319,-0.502888,0.474566,1.14632,5.70061
0.563437,1.05889,-0.502419,0.554433,1.09477,5.70107
0.692974,0.987749,-0.501809,0.683164,1.01024,5.70147
0.833537,0.910674,-0.501154,0.812014,0.924696,5.70208
1.00931,0.814465,-0.500293,0.97593,0.816876,5.70302
1.16319,0.730406,-0.499535,1.12115,0.722377,5.70372
1.24235,0.687221,-0.499133,1.25164,0.637306,5.70433
1.34352,0.632086,-0.498629,1.33026,0.583789,5.7047
1.43152,0.584184,-0.498175,1.40956,0.534489,5.7051
1.53935,0.525558,-0.497636,1.53178,0.454727,5.70582
1.6384,0.47177,-0.497136,1.6269,0.393722,5.70629
1.7529,0.409678,-0.496532,1.73741,0.321878,5.70672
1.84709,0.363113,-0.527596,1.85045,0.24939,5.71625
1.84995,0.360503,-0.944834,1.85648,0.239996,5.36502
1.85134,0.357489,-1.30117,1.88734,0.218152,5.07505
1.85163,0.354723,-1.59735,1.86803,0.228355,4.79072
1.82999,0.286821,-1.90486,1.8823,0.198886,4.38088
1.77259,0.126549,-1.91524,1.80193,0.050048,4.26288
1.732,0.0133752,-1.91484,1.76756,-0.020622,4.26242
1.69146,-0.0998158,-1.91438,1.71419,-0.147061,4.26398
1.65014,-0.215385,-1.91389,1.66212,-0.256229,4.29458
1.60129,-0.352208,-1.91326,1.61695,-0.386545,4.29894
1.54834,-0.500863,-1.91253,1.57802,-0.472031,4.30314
1.49802,-0.642479,-1.91178,1.43978,-0.755053,4.29699
1.45951,-0.751077,-1.91118,1.38817,-0.884092,4.29783
1.38853,-0.95181,-1.91001,1.33871,-1.01155,4.29861
1.34106,-1.08647,-1.90918,1.28083,-1.17685,4.3
1.30367,-1.19281,-1.90848,1.24529,-1.25125,4.30059
1.26387,-1.30626,-1.90773,1.19865,-1.35373,4.30177
1.21506,-1.44576,-1.90678,1.15928,-1.47343,4.30272
1.17381,-1.56402,-1.90592,1.09984,-1.57252,4.30362
1.13183,-1.68468,-1.90504,1.05876,-1.6819,4.31593
1.09242,-1.79828,-1.90417,1.0294,-1.79132,4.31733
1.07381,-1.86493,-2.09407,0.97554,-1.87788,4.27091
1.07152,-1.86756,-2.46168,0.963756,-1.88041,3.82071
1.06979,-1.86864,-2.67795,0.93258,-1.90322,3.68233
1.06811,-1.86926,-2.86893,0.930096,-1.90379,3.43966
1.06533,-1.86956,3.11306,0.899119,-1.87754,3.13208
1.06218,-1.86895,2.82931,0.896703,-1.90301,2.90742
0.973592,-1.82174,2.5999,0.863841,-1.89354,2.67293
0.867011,-1.75589,2.58783,0.765665,-1.81476,2.56975
0.781787,-1.7032,2.58814,0.681283,-1.7557,2.57373
0.66884,-1.63344,2.58858,0.615174,-1.69188,2.57406
0.538807,-1.55321,2.5891,0.524677,-1.61409,2.56685
0.427925,-1.48487,2.58955,0.393316,-1.52388,2.5644
0.32128,-1.41921,2.59,0.307548,-1.48148,2.5562
0.214604,-1.35359,2.59044,0.17809,-1.38696,2.55703
0.124974,-1.29851,2.59084,0.0858378,-1.34244,2.55738
0.0139741,-1.23036,2.59132,-0.00330846,-1.28889,2.56243
-0.120551,-1.14787,2.5919,-0.115894,-1.23253,2.56094
-0.242307,-1.07331,2.59243,-0.255528,-1.14376,2.54903
-0.340595,-1.01318,2.59289,-0.351161,-1.0723,2.54954
-0.470975,-0.933514,2.59347,-0.464315,-0.993977,2.55017
-0.562911,-0.877402,2.59389,-0.564681,-0.931619,2.55053
-0.678399,-0.806992,2.59444,-0.676304,-0.857127,2.55103
-0.781086,-0.744458,2.5949,-0.839766,-0.744602,2.5587
-0.888084,-0.67937,2.59542,-0.935062,-0.662538,2.56625
-1.02937,-0.593536,2.59609,-1.03951,-0.60002,2.56656
-1.16429,-0.511693,2.59674,-1.18973,-0.510665,2.56764
-1.32069,-0.416968,2.59748,-1.31371,-0.463255,2.56862
-1.53934,-0.284811,2.59855,-1.51951,-0.322445,2.56973
-1.71308,-0.18003,2.5994,-1.70796,-0.200585,2.57083
-1.84549,-0.103675,2.54941,-1.8751,-0.106817,2.57693
-1.84724,-0.102129,2.29806,-1.88098,-0.0995221,2.33081
-1.84851,-0.100243,2.05191,-1.88553,-0.093012,2.04138
-1.84947,-0.0968631,1.67546,-1.88718,-0.08898,1.71001
-1.84234,-0.0688608,1.38354,-1.90412,-0.0902932,1.39373
-1.80448,0.053351,1.22001,-1.87378,0.00559464,1.20279
-1.74765,0.208585,1.21989,-1.83083,0.132011,1.17772
-1.6753,0.406152,1.21962,-1.74918,0.308627,1.14528
-1.61322,0.575477,1.21932,-1.67217,0.477564,1.12722
-1.51397,0.845884,1.21875,-1.53462,0.813385,1.162
-1.44395,1.03631,1.21829,-1.45966,1.0324,1.17865
-1.37645,1.21965,1.21781,-1.38948,1.16527,1.1785
-1.30712,1.40766,1.21727,-1.29493,1.4024,1.15987
-1.23855,1.59328,1.21671,-1.19673,1.61375,1.14133
-1.18031,1.75067,1.21618,-1.16947,1.7203,1.14176
-1.13931,1.87005,1.15657,-1.13212,1.82792,1.1614
-1.13798,1.87218,0.89432,-1.13262,1.89344,0.93434
-1.13622,1.87388,0.627198,-1.12057,1.89526,0.701124
-1.13322,1.87529,0.260167,-1.12735,1.89583,0.341746
-1.1286,1.87541,-0.241744,-1.12409,1.93557,6.11101
-1.05377,1.8286,-0.56017,-1.13702,1.92403,5.84099
-0.930081,1.75604,-0.554853,-1.03194,1.83084,5.72437
-0.909597,1.74101,-0.815092,-1.01141,1.79731,5.50729
-0.908199,1.73905,-1.06374,-1.01746,1.80032,5.30339
-0.907211,1.73625,-1.37053,-1.04456,1.80291,5.02268
-0.907058,1.73389,-1.61188,-0.975419,1.79699,4.82697
-0.907272,1.73158,-1.85256,-1.00701,1.7948,4.55215
-0.907582,1.72994,-2.02027,-1.04473,1.79295,4.3597
-0.908448,1.72833,-2.20524,-1.04547,1.79105,4.188
-0.909973,1.72671,-2.43084,-1.04736,1.78938,3.92064
-0.910921,1.726,-2.55134,-1.04837,1.78842,3.78828
-0.912821,1.72504,-2.76994,-1.05028,1.78838,3.60865
-0.914431,1.72459,-2.94089,-1.05266,1.78826,3.38505
-0.915736,1.72444,-3.07412,-1.05376,1.78798,3.27451
-0.917272,1.72447,3.0769,-1.05549,1.7885,3.07889
-0.960194,1.72261,-3.02227,-1.07426,1.78868,3.17134
-1.05556,1.69747,-2.80624,-1.14856,1.75561,3.46019
-1.11263,1.67816,-2.8368,-1.22328,1.71709,3.50321
-1.19858,1.6589,-2.97916,-1.30808,1.68786,3.37347
-1.25159,1.65153,-3.02394,-1.35935,1.67055,3.37128
-1.33844,1.64587,-3.0813,-1.44494,1.65887,3.31603
-1.33752,1.64587,-2.94012,-1.45067,1.65158,3.44851
-1.33651,1.64591,-2.78665,-1.46685,1.64948,3.56842
-1.33581,1.64596,-2.68021,-1.48051,1.65068,3.66753
-1.33479,1.6461,-2.5218,-1.48088,1.64723,3.74781
-1.33421,1.64622,-2.43009,-1.4863,1.64347,3.84533
-1.33337,1.64677,-2.2565,-1.48587,1.64441,4.00013
-1.3329,1.64737,-2.11997,-1.48518,1.72581,4.18871
-1.33255,1.64796,-1.99834,-1.48525,1.72667,4.31701
-1.33227,1.64861,-1.86929,-1.48485,1.72701,4.46271
-1.33421,1.64199,-1.84285,-1.4848,1.72761,4.54646
-1.35851,1.59241,-2.19484,-1.51739,1.68621,4.15493
-1.3595,1.5907,-2.11509,-1.51955,1.67007,4.20848
-1.35919,1.59122,-2.00849,-1.51977,1.67066,4.31202
-1.35888,1.59196,-1.86705,-1.51966,1.67137,4.43913
-1.35869,1.59282,-1.70831,-1.51964,1.67253,4.61924
-1.35863,1.59419,-1.48243,-1.51961,1.67348,4.79836
-1.35864,1.59548,-1.28682,-1.52023,1.6747,4.98698
-1.35876,1.59708,-1.04932,-1.52212,1.67649,5.18319
-1.35891,1.59801,-0.908251,-1.55846,1.69883,5.34686
-1.35948,1.59921,-0.692837,-1.5581,1.69817,5.54218
-1.36018,1.59977,-0.53668,-1.56053,1.70018,5.71367
-1.36093,1.60018,-0.385431,-1.56108,1.70053,5.83278
-1.36169,1.60047,-0.241645,-1.56264,1.70069,5.98227
-1.35871,1.59977,-0.11007,-1.56457,1.70084,6.1756
-1.27726,1.59312,-0.0635175,-1.50699,1.7035,6.17479
-1.2233,1.59065,-0.0304768,-1.42939,1.69547,6.22047
-1.15208,1.58875,-0.0247877,-1.38149,1.69504,6.2356
-1.09683,1.5872,-0.031442,-1.29716,1.68925,6.23335
-1.03959,1.58521,-0.0369622,-1.24007,1.68652,6.22833
-0.957294,1.58204,-0.0393933,-1.16782,1.6821,6.2222
-0.881051,1.57915,-0.0367265,-1.06841,1.67462,6.22104
-0.812836,1.57679,-0.0328402,-1.00239,1.67002,6.22492
-0.716502,1.57371,-0.0313845,-0.93944,1.66811,6.22752
-0.599074,1.56991,-0.0329077,-0.799464,1.66094,6.23064
-0.521778,1.5672,-0.0367891,-0.720107,1.65467,6.22299
-0.456566,1.56487,-0.0347292,-0.61343,1.67865,6.26153
-0.360037,1.55905,-0.0765917,-0.533099,1.67454,6.23557
-0.258855,1.54995,-0.0975377,-0.397538,1.66518,6.2031
-0.179907,1.54246,-0.0915924,-0.342238,1.66183,6.20563
-0.110916,1.53628,-0.0873157,-0.267288,1.65701,6.21301
0.0101403,1.52558,-0.0886642,-0.14938,1.6487,6.21392
0.0931758,1.51809,-0.0908619,-0.0461519,1.6429,6.21189
0.174193,1.51062,-0.092568,0.0875004,1.6304,6.20788
0.242183,1.5044,-0.0898415,0.141358,1.62547,6.20959
0.317193,1.49774,-0.0875488,0.224266,1.62012,6.21315
0.386226,1.49165,-0.0883618,0.301683,1.61523,6.21282
0.507269,1.48083,-0.089382,0.4223,1.57537,6.21104
0.597238,1.474,-0.0658535,0.520944,1.57011,6.22598
0.733493,1.46633,-0.051242,0.632143,1.59787,6.23982
0.853924,1.45736,-0.0865423,0.796012,1.55832,6.21602
0.928903,1.45158,-0.0685838,0.9096,1.56288,6.22289
0.996018,1.44707,-0.0662728,0.962854,1.55,6.22708
1.04707,1.44392,-0.0569802,1.01867,1.55648,6.23483
1.15037,1.43754,-0.0652795,1.106,1.55445,6.23133
1.23158,1.4317,-0.0768172,1.2073,1.53217,6.21734
1.27152,1.42904,-0.0531279,1.24986,1.53009,6.23254
1.34767,1.42651,-0.0358473,1.31935,1.47751,6.23463
1.35003,1.42629,-0.283971,1.35834,1.54954,6.0705
1.35201,1.42588,-0.489097,1.39942,1.47131,5.86354
1.35366,1.42477,-0.691931,1.40075,1.48243,5.67234
1.35529,1.423,-0.940331,1.40291,1.46772,5.43408
1.356,1.42186,-1.07857,1.40339,1.55726,5.31951
1.35689,1.41931,-1.35766,1.3796,1.55501,5.1193
1.35707,1.41688,-1.60646,1.3804,1.5517,4.81693
1.3568,1.41418,-1.88712,1.37914,1.54906,4.47019
1.35653,1.41283,-2.02468,1.37955,1.54866,4.35585
1.35527,1.41074,-2.27237,1.39062,1.54699,4.10777
1.3538,1.40935,-2.47803,1.37685,1.54522,3.95234
1.35209,1.4083,-2.68398,1.37509,1.54437,3.66547
1.35088,1.40782,-2.81721,1.38575,1.54429,3.53258
1.34823,1.40736,-3.09127,1.39701,1.54396,3.30897
1.3453,1.4076,3.01841,1.37022,1.54523,3.13313
1.26609,1.41807,3.02794,1.32253,1.54892,3.01746
1.15385,1.42121,-3.11346,1.20964,1.54028,3.17427
1.07463,1.41856,-3.10502,1.12903,1.52944,3.20135
0.976154,1.41585,-3.12078,1.03084,1.50885,3.16585
0.913945,1.4144,-3.11543,0.934994,1.52801,3.16438
0.778605,1.40928,-3.09788,0.816187,1.52238,3.20979
0.711246,1.40696,-3.11579,0.76116,1.51904,3.20271
0.636837,1.40572,-3.13135,0.679195,1.51571,3.18337
0.583607,1.40521,-3.13221,0.621872,1.51377,3.1812
0.518342,1.40457,-3.13102,0.552257,1.50794,3.19037
0.444912,1.40404,-3.13724,0.477117,1.50318,3.18899
0.38538,1.40396,3.14071,0.400643,1.49927,3.18535
0.323851,1.40413,3.13717,0.337161,1.49734,3.18248
0.250209,1.40464,3.13285,0.245581,1.49396,3.179
0.198776,1.40511,3.13257,0.18801,1.47052,3.18381
0.143237,1.40591,3.12245,0.127019,1.47934,3.17573
0.0827221,1.40715,3.1214,0.0788967,1.48856,3.16777
-0.0220615,1.4085,3.13329,-0.000629433,1.48508,3.18001
-0.1673,1.40988,3.13102,-0.155455,1.47933,3.18368
-0.228844,1.41066,3.12788,-0.243323,1.47609,3.17974
-0.309521,1.41176,3.12835,-0.320773,1.47383,3.18011
-0.365993,1.4125,3.12896,-0.378462,1.47211,3.18074
-0.487015,1.41402,3.12908,-0.47879,1.47055,3.17884
-0.535405,1.41457,3.13174,-0.55494,1.4704,3.17509
-0.579726,1.41486,3.13835,-0.595559,1.4694,3.18162
-0.638195,1.41494,3.14074,-0.649697,1.4628,3.18996
-0.713858,1.4152,3.13624,-0.730774,1.46064,3.18409
-0.78245,1.41564,3.1345,-0.802843,1.45829,3.1818
-0.851022,1.4161,3.13555,-0.875387,1.44865,3.18644
-0.924707,1.41688,3.12741,-0.948087,1.44494,3.1779
-0.996335,1.41802,3.12525,-1.0064,1.44279,3.17398
-1.08407,1.4194,3.12657,-1.0752,1.44032,3.17452
-1.1829,1.42086,3.12724,-1.19326,1.43324,3.17806
-1.25255,1.4222,3.11911,-1.26663,1.43214,3.16999
-1.35944,1.42455,3.12075,-1.33499,1.42984,3.17002
-1.46233,1.42664,3.12156,-1.45479,1.42769,3.16931
-1.46326,1.42668,-3.02885,-1.49694,1.42313,3.26441
-1.46206,1.42683,-2.8367,-1.50122,1.43402,3.436
-1.46072,1.42743,-2.58328,-1.49346,1.4346,3.64087
-1.45974,1.4282,-2.35558,-1.49614,1.44717,3.91065
-1.45915,1.42889,-2.18659,-1.4887,1.44842,4.05149
-1.45856,1.42993,-1.96244,-1.4667,1.45035,4.2217
-1.45856,1.43069,-1.67822,-1.46672,1.45212,4.61951
-1.46461,1.40963,-1.89928,-1.51066,1.43837,4.39421
-1.46451,1.41013,-1.80181,-1.55251,1.44119,4.49748
-1.46441,1.41108,-1.61716,-1.55185,1.44218,4.65826
-1.46441,1.41272,-1.35635,-1.51069,1.44517,4.86841
-1.46441,1.41423,-1.11934,-1.54996,1.44702,5.12764
-1.46452,1.41513,-0.984975,-1.552,1.45606,5.29339
-1.46486,1.41645,-0.77693,-1.55358,1.45954,5.47855
-1.4655,1.41711,-0.620747,-1.55418,1.4602,5.63405
-1.46605,1.41749,-0.504203,-1.55513,1.45862,5.74786
-1.46696,1.41794,-0.323289,-1.55568,1.46263,5.9409
-1.46756,1.41805,-0.165445,-1.59929,1.41542,6.10023
-1.39734,1.41061,-0.0545787,-1.53672,1.44158,6.1945
-1.29923,1.40773,-0.0144316,-1.43495,1.40996,6.25571
-1.23294,1.4066,-0.0199745,-1.37529,1.40588,6.25392
-1.1767,1.40536,-0.0236259,-1.29568,1.40359,6.25271
-1.12248,1.404,-0.0260935,-1.25217,1.40189,6.2506
-1.09236,1.40321,-0.0266709,-1.20667,1.39991,6.24884
-1.00303,1.40086,-0.0260394,-1.14968,1.39753,6.24913
-0.94381,1.39933,-0.0256149,-1.06312,1.39388,6.24969
-0.808304,1.39589,-0.0254025,-0.972154,1.39066,6.25004
-0.669786,1.39237,-0.025506,-0.810799,1.38559,6.25007
-0.597516,1.39052,-0.0255923,-0.733081,1.38482,6.25006
-0.542307,1.38909,-0.0262204,-0.655542,1.38234,6.24948
-0.515206,1.38838,-0.0263608,-0.608297,1.38169,6.24863
-0.440931,1.38641,-0.0263871,-0.570285,1.38058,6.24798
-0.363647,1.38439,-0.0260408,-0.47143,1.37942,6.24821
-0.313457,1.38307,-0.0266657,-0.303208,1.39957,6.23166
-0.274311,1.38202,-0.0269081,-0.25774,1.39765,6.23137
-0.199031,1.37997,-0.0273576,-0.184842,1.39366,6.23153
-0.133788,1.37817,-0.0277226,-0.133597,1.39113,6.23114
-0.0635298,1.37622,-0.0278633,-0.0596483,1.38716,6.23069
0.0257972,1.37374,-0.0276378,-0.0253033,1.38496,6.23144
0.106092,1.37152,-0.0277346,0.0513633,1.38123,6.23145
0.183377,1.36937,-0.027997,0.11802,1.37731,6.23131
0.276716,1.36676,-0.0278571,0.225109,1.37154,6.23089
0.356003,1.36458,-0.0272092,0.295469,1.36721,6.23138
0.403173,1.36331,-0.026543,0.368112,1.36358,6.23231
0.449342,1.36209,-0.0264207,0.407046,1.36159,6.23263
0.582836,1.35854,-0.0268339,0.507182,1.35639,6.2325
0.665139,1.35633,-0.0267709,0.612592,1.35055,6.23234
0.762493,1.35378,-0.0259892,0.760439,1.34473,6.23313
0.843805,1.35156,-0.0282261,0.860365,1.33962,6.2317
0.896001,1.35006,-0.02912,0.906115,1.33673,6.23039
0.981305,1.34763,-0.028118,0.966574,1.33328,6.23086
1.04654,1.34583,-0.0268578,1.06711,1.32888,6.23236
1.08468,1.34479,-0.0281562,1.10369,1.32709,6.23196
1.10036,1.3444,-0.118337,1.13834,1.32387,6.18414
1.10174,1.34426,-0.261398,1.14056,1.32364,6.05415
1.10279,1.34409,-0.369162,1.15338,1.32255,5.94156
1.10389,1.34382,-0.484257,1.15351,1.32217,5.83475
1.10522,1.34299,-0.644431,1.16045,1.32108,5.66049
1.10655,1.34176,-0.829984,1.15655,1.32025,5.51068
1.10761,1.34034,-1.01334,1.16174,1.3184,5.31386
1.10847,1.33853,-1.21947,1.15764,1.31694,5.10161
1.10878,1.3374,-1.34014,1.15788,1.31495,4.91224
1.10895,1.33638,-1.44579,1.15834,1.31394,4.79002
1.10899,1.33454,-1.63416,1.15832,1.31247,4.6796
1.10869,1.33186,-1.91224,1.15912,1.31093,4.43866
1.1082,1.33006,-2.09972,1.15784,1.30922,4.20569
1.10717,1.32863,-2.27748,1.15672,1.30778,4.03409
1.1061,1.32757,-2.43041,1.15585,1.30676,3.91245
1.10384,1.32614,-2.70421,1.15439,1.30561,3.6676
1.10198,1.32552,-2.90529,1.15213,1.30513,3.38131
1.10058,1.32531,-3.04865,1.15074,1.30495,3.24846
1.0992,1.32531,3.11075,1.14942,1.30482,3.12091
1.06031,1.32615,3.13363,1.13129,1.3056,3.12621
0.983243,1.32505,-3.11139,1.07138,1.30441,3.16326
0.914085,1.32254,-3.10075,0.99937,1.29804,3.18856
0.820706,1.3193,-3.11158,0.877108,1.30956,3.12378
0.744754,1.31533,-3.07064,0.809538,1.30514,3.1561
0.659824,1.30832,-3.05127,0.736425,1.2982,3.19704
0.591715,1.30255,-3.06285,0.672961,1.29219,3.20159
0.532501,1.2984,-3.07933,0.63198,1.29031,3.18297
0.444254,1.29321,-3.08497,0.551959,1.286,3.1768
0.378088,1.28949,-3.08561,0.470192,1.28329,3.1757
0.289879,1.28453,-3.08545,0.401335,1.2796,3.17701
0.22171,1.28075,-3.08663,0.333672,1.27706,3.17645
0.132491,1.2759,-3.08777,0.254066,1.27292,3.18284
0.029174,1.27078,-3.09502,0.14268,1.26819,3.17408
-0.0480373,1.2672,-3.0954,0.0648668,1.26059,3.17931
-0.109249,1.26456,-3.10124,0.000190776,1.2685,3.1643
-0.174379,1.26163,-3.09252,-0.117155,1.26995,3.1635
-0.248462,1.25742,-3.07901,-0.195363,1.26725,3.1772
-0.285514,1.25506,-3.07697,-0.237799,1.26497,3.18259
-0.359648,1.25032,-3.07864,-0.300788,1.26125,3.18542
-0.423795,1.24643,-3.0829,-0.36626,1.2548,3.18287
-0.504002,1.24197,-3.08841,-0.433075,1.25281,3.17808
-0.581188,1.23792,-3.08987,-0.537036,1.24982,3.17519
-0.637307,1.23498,-3.08864,-0.575508,1.24933,3.17506
-0.682396,1.23255,-3.08697,-0.607849,1.24967,3.17565
-0.766559,1.2278,-3.08395,-0.694854,1.24736,3.17964
-0.834694,1.22384,-3.08325,-0.78836,1.2435,3.18086
-0.903839,1.21981,-3.08363,-0.845786,1.2421,3.18076
-0.960951,1.21648,-3.08319,-0.90497,1.23918,3.18112
-1.0331,1.21227,-3.08352,-0.985553,1.23721,3.1812
-1.11225,1.20763,-3.08251,-1.04621,1.23302,3.18245
-1.1774,1.20384,-3.08445,-1.13086,1.23015,3.18069
-1.21447,1.20172,-3.08464,-1.1709,1.22881,3.18042
-1.2736,1.19833,-3.08421,-1.22599,1.22784,3.18047
-1.35875,1.1933,-3.08129,-1.29112,1.22464,3.18233
-1.43088,1.18892,-3.08084,-1.38881,1.22087,3.18293
-1.48012,1.18606,-2.97897,-1.45464,1.2175,3.19423
-1.47871,1.18611,-2.76527,-1.45999,1.21792,3.46819
-1.4781,1.18616,-2.67101,-1.4632,1.2169,3.57024
-1.47693,1.18634,-2.49016,-1.45863,1.21191,3.73799
-1.47615,1.18659,-2.35633,-1.45875,1.12882,3.91201
-1.47557,1.18714,-2.21728,-1.49387,1.12818,4.0173
-1.47509,1.18782,-2.06845,-1.49242,1.1296,4.15204
-1.47456,1.18899,-1.83513,-1.55684,1.12455,4.35472
-1.47436,1.18995,-1.66161,-1.5571,1.12522,4.67534
-1.47432,1.1909,-1.51039,-1.59113,1.12543,4.76224
-1.47432,1.19159,-1.40389,-1.591,1.12653,4.87254
-1.47436,1.19281,-1.2208,-1.59139,1.12801,5.0703
-1.4745,1.19427,-1.00309,-1.59196,1.12916,5.26165
-1.4751,1.19604,-0.708415,-1.59331,1.13002,5.55562
-1.47585,1.19664,-0.542332,-1.59427,1.13084,5.71
-1.47682,1.19716,-0.346485,-1.59603,1.13138,5.90116
-1.47771,1.19744,-0.18044,-1.59688,1.13164,6.08319
-1.43929,1.19223,-0.0825896,-1.56613,1.1293,6.16104
-1.36973,1.19,0.00563951,-1.49494,1.13026,0.0821578
-1.26663,1.18675,-0.0624558,-1.42389,1.13217,6.15955
-1.20701,1.18531,0.01021,-1.35848,1.13474,0.0585129
-1.1375,1.18437,-0.0353616,-1.29483,1.13302,0.040288
-1.06704,1.18024,-0.0760394,-1.20965,1.13349,6.24463
-1.01303,1.17654,-0.060667,-1.14377,1.13239,6.25333
-0.956957,1.17349,-0.0487516,-1.14264,1.12469,6.24405
-0.873821,1.17066,-0.0237205,-1.0467,1.12749,0.0250065
-0.782315,1.16704,-0.0517504,-0.947258,1.12645,6.25239
-0.707169,1.1637,-0.0373379,-0.87144,1.12453,6.25068
-0.601901,1.16109,-0.017186,-0.75652,1.12753,0.0316541
-0.544507,1.15935,-0.0436934,-0.679586,1.12752,6.2373
-0.48943,1.15742,-0.0240746,-0.629566,1.12713,0.0395427
-0.421954,1.15443,-0.061331,-0.553119,1.12159,6.24573
-0.382931,1.15225,-0.0481065,-0.499122,1.11767,6.24443
-0.340899,1.15059,-0.0307309,-0.470702,1.12003,6.24144
-0.270774,1.14936,-0.00712149,-0.418561,1.12542,0.0552758
-0.207267,1.14728,-0.0550903,-0.352556,1.12602,6.22909
-0.123171,1.14404,-0.0251702,-0.276312,1.13188,0.0499439
-0.0316445,1.13789,-0.092024,-0.199774,1.12925,6.23547
0.0362871,1.13233,-0.0719563,-0.102693,1.14559,6.25257
0.112415,1.12678,-0.0737262,-0.063299,1.15339,6.25381
0.225603,1.11771,-0.0837059,0.0592743,1.15132,6.24687
0.302684,1.111,-0.0897199,0.162929,1.14761,6.2468
0.361726,1.10549,-0.0958751,0.235054,1.14317,6.24133
0.436708,1.0982,-0.0973622,0.300984,1.14209,6.24172
0.505689,1.09133,-0.100732,0.372054,1.13968,6.23938
0.600623,1.08157,-0.10367,0.456863,1.13403,6.23313
0.68952,1.07254,-0.0991058,0.539394,1.13002,6.23941
0.784462,1.06309,-0.0992887,0.738113,1.09518,6.23038
0.846168,1.05867,-0.0453298,0.818085,1.09335,6.25657
0.905079,1.05756,0.00447997,0.863204,1.0941,0.0335902
0.947639,1.0579,-0.0091635,0.932612,1.09814,0.0560161
0.948708,1.05784,-0.124433,0.939738,1.09787,6.23187
0.951179,1.05751,-0.37961,0.938668,1.10101,6.06574
0.953492,1.05645,-0.642228,0.935475,1.09877,5.76858
0.95543,1.05449,-0.925662,0.93455,1.10615,5.46407
0.956646,1.05228,-1.18705,0.917156,1.10475,5.16938
0.957001,1.05116,-1.30776,0.921274,1.11517,5.00275
0.960017,1.04028,-1.33787,0.922663,1.10305,5.01768
0.960216,1.0389,-1.47843,0.921061,1.08081,4.86255
0.960194,1.03711,-1.66394,0.920466,1.08076,4.68529
0.960101,1.03594,-1.78654,0.92022,1.0993,4.6016
0.959922,1.03469,-1.91404,0.91998,1.1043,4.47206
0.959544,1.03311,-2.07641,0.91948,1.09818,4.32879
0.95871,1.03185,-2.229,0.919755,1.09719,4.17701
0.957706,1.03075,-2.37936,0.921659,1.09721,4.04444
0.956875,1.03005,-2.48977,0.923041,1.09585,3.90825
0.95561,1.02925,-2.64296,0.923388,1.09566,3.72757
0.953628,1.02847,-2.86162,0.920003,1.09665,3.53405
0.951178,1.02813,-3.11304,0.91897,1.09906,3.33246
0.949433,1.02821,2.987,0.92193,1.09488,3.1252
0.885314,1.03954,2.98704,0.901231,1.10872,3.08383
0.765431,1.05099,3.07884,0.763515,1.09752,3.20435
0.659104,1.05867,3.0629,0.670466,1.11024,3.14833
0.590124,1.0631,3.09107,0.550401,1.10696,3.16889
0.535028,1.06547,3.10571,0.502203,1.10296,3.18523
0.407577,1.06959,3.11106,0.369366,1.0986,3.19582
0.338294,1.07183,3.10773,0.312426,1.09421,3.19517
0.236901,1.07553,3.10369,0.21985,1.08622,3.18929
0.161633,1.07841,3.10318,0.143277,1.08049,3.18827
0.0642938,1.08219,3.10263,0.0348694,1.08015,3.18429
-0.0119429,1.085,3.10676,-0.019836,1.08113,3.18725
-0.078153,1.08717,3.1104,-0.13942,1.07014,3.18188
-0.127302,1.0886,3.11468,-0.203034,1.068,3.18581
-0.185497,1.09009,3.11719,-0.245154,1.06531,3.18963
-0.286866,1.0926,3.11637,-0.332079,1.06159,3.19052
-0.356119,1.09439,3.11509,-0.419695,1.05968,3.18775
-0.441406,1.09655,3.11728,-0.504539,1.05796,3.18921
-0.517668,1.09827,3.12023,-0.562747,1.05959,3.1902
-0.59995,1.09974,3.12601,-0.683164,1.06036,3.19164
-0.665147,1.10042,3.13564,-0.736404,1.05644,3.19378
-0.766492,1.10049,-3.14026,-0.828097,1.05087,3.2014
-0.842767,1.10036,-3.13889,-0.908145,1.04517,3.20277
-0.899978,1.10017,-3.13761,-0.966895,1.04009,3.20394
-0.986315,1.09987,-3.13856,-1.04947,1.0368,3.20353
-1.07264,1.09953,-3.13694,-1.11369,1.03342,3.20468
-1.18104,1.09889,-3.13476,-1.22381,1.02727,3.20725
-1.28342,1.09807,-3.13274,-1.3248,1.02341,3.20822
-1.37069,1.09692,-3.1245,-1.41234,1.02098,3.2139
-1.39808,1.09641,-3.02182,-1.47716,1.00794,3.28066
-1.39687,1.09644,-2.83556,-1.47642,1.00843,3.45362
-1.39515,1.0966,-2.57269,-1.46962,1.00845,3.76902
-1.39437,1.09674,-2.44886,-1.48489,1.00683,3.90848
-1.3933,1.09745,-2.22808,-1.49427,1.01123,4.01968
-1.39287,1.09803,-2.09903,-1.50128,1.01262,4.20977
-1.39228,1.09924,-1.85587,-1.33385,1.02367,4.36429
-1.39207,1.10014,-1.6897,-1.33375,1.02459,4.60012
-1.4166,1.06086,-2.3844,-1.36494,1.00189,4.07756
-1.44993,1.03897,-2.71388,-1.38269,0.978265,3.82988
-1.51792,1.02201,-3.02612,-1.46293,0.964754,3.38487
-1.51693,1.02188,-2.85169,-1.48636,0.961634,3.40202
-1.51545,1.02189,-2.61454,-1.49323,0.96388,3.55667
-1.51415,1.02212,-2.40795,-1.46521,0.963448,3.87877
-1.51331,1.02279,-2.22187,-1.44798,0.964302,4.16769
-1.51278,1.02353,-2.05807,-1.4473,0.965108,4.32958
-1.51237,1.02439,-1.88678,-1.44613,0.965887,4.35326
-1.51207,1.02583,-1.62398,-1.44715,0.957913,4.6368
-1.51204,1.02699,-1.44555,-1.47609,0.97084,4.82256
-1.51207,1.02817,-1.26737,-1.47641,0.972029,5.02219
-1.51216,1.02943,-1.07932,-1.47671,0.972874,5.15514
-1.51234,1.03065,-0.896216,-1.47774,0.9737,5.45338
-1.51257,1.03138,-0.777396,-1.63972,0.996645,5.59313
-1.51351,1.03226,-0.556811,-1.64059,0.997048,5.75392
-1.51429,1.03271,-0.398098,-1.64167,0.997459,5.93615
-1.5149,1.03296,-0.279142,-1.6425,0.997706,6.01587
-1.47494,1.02683,-0.110936,-1.63074,0.996887,6.174
-1.39221,1.02041,-0.0557011,-1.53307,1.00096,0.0868193
-1.33183,1.01456,-0.13711,-1.46277,1.00492,0.103662
-1.25649,0.998502,-0.262363,-1.38636,0.998855,6.18859
-1.18771,0.980584,-0.241207,-1.34466,0.99496,6.1732
-1.13505,0.968659,-0.205155,-1.26978,0.982281,6.17916
-1.09679,0.961294,-0.174515,-1.22857,0.983012,6.20017
-0.99379,0.945455,-0.140079,-1.14282,0.979082,6.22903
-0.907268,0.933617,-0.133225,-1.07072,0.982049,0.034071
-0.831615,0.920691,-0.197054,-0.936433,0.980351,6.26384
-0.737179,0.900037,-0.22683,-0.864595,0.995962,6.2436
-0.685276,0.88763,-0.242484,-0.814847,0.990599,6.19223
-0.568093,0.859982,-0.222747,-0.729391,0.98489,6.2013
-0.512258,0.847703,-0.210536,-0.629882,0.980546,6.21786
-0.459211,0.83639,-0.210254,-0.587361,0.977076,6.21796
-0.382587,0.820036,-0.21008,-0.520476,0.970933,6.2179
-0.345258,0.81209,-0.209264,-0.488031,0.968472,6.22092
-0.301041,0.80269,-0.209706,-0.442989,0.965783,6.22108
-0.253878,0.792629,-0.210521,-0.388356,0.963086,6.22056
-0.164492,0.773448,-0.211753,-0.30216,0.956979,6.21909
-0.129138,0.765847,-0.211593,-0.260483,0.953742,6.2184
-0.083963,0.756165,-0.210617,-0.199418,0.949659,6.21735
-0.00733792,0.739886,-0.208211,-0.158759,0.946244,6.21907
0.0339364,0.731189,-0.206995,-0.101964,0.94273,6.21933
0.0801383,0.721514,-0.205842,-0.0641733,0.941563,6.22069
0.152902,0.706299,-0.206375,-0.0260631,0.939139,6.22014
0.213859,0.69352,-0.206673,0.0673049,0.932844,6.21945
0.294475,0.676639,-0.206021,0.107844,0.930005,6.22051
0.362321,0.662464,-0.205923,0.121028,0.928535,6.22083
0.4341,0.647494,-0.205149,0.191768,0.924032,6.22146
0.534413,0.626649,-0.204528,0.297807,0.918088,6.22212
0.603261,0.612308,-0.205856,0.37653,0.913195,6.22125
0.666193,0.599133,-0.206742,0.455372,0.90798,6.22032
0.693419,0.593908,-0.32515,0.486839,0.905625,6.19556
0.695088,0.593469,-0.500766,0.490235,0.904886,5.98051
0.696435,0.592573,-0.665959,0.509859,0.902276,5.81054
0.697188,0.591906,-0.768786,0.514488,0.901514,5.751
0.69802,0.590977,-0.896776,0.512663,0.899294,5.70668
0.698968,0.589505,-1.07769,0.516888,0.899103,5.5688
0.699624,0.587907,-1.25619,0.518286,0.897369,5.49374
0.69998,0.586249,-1.42967,0.519177,0.89635,5.34138
0.700022,0.584004,-1.66078,0.520122,0.893906,5.05977
0.699511,0.580552,-1.93439,0.520368,0.890556,4.82824
0.699141,0.579152,-2.07958,0.520762,0.888967,4.69831
0.698406,0.57803,-2.2147,0.520204,0.887125,4.56242
0.697129,0.576648,-2.40518,0.519898,0.885556,4.42213
0.694951,0.575183,-2.67387,0.518479,0.8831,4.06711
0.693303,0.574558,-2.85483,0.531495,0.880361,3.94036
0.691553,0.57424,-3.03587,0.530716,0.879887,3.76104
0.68937,0.57426,3.02134,0.528486,0.879252,3.54855
0.686948,0.574573,2.77087,0.52681,0.879708,3.22106
0.683656,0.5756,2.63762,0.523306,0.879008,3.12826
0.646421,0.594813,2.68669,0.492058,0.877007,3.17519
0.565031,0.634076,2.695,0.405878,0.867386,3.24129
0.518987,0.657167,2.65764,0.366891,0.86512,3.21334
0.477271,0.679644,2.63703,0.324329,0.863215,3.18396
0.394683,0.725553,2.63287,0.259599,0.861085,3.17468
0.308591,0.77329,2.63724,0.158763,0.858038,3.17687
0.25403,0.803325,2.63968,0.0871186,0.855322,3.17869
0.197639,0.83422,2.64105,-0.104721,0.847789,3.18022
0.155326,0.857368,2.64129,-0.14929,0.851308,3.16776
0.0916933,0.891597,2.65353,-0.223682,0.848334,3.18454
0.0597403,0.908546,2.65401,-0.264401,0.84675,3.18412
0.0242313,0.927377,2.65408,-0.306241,0.845169,3.182
-0.0272709,0.954633,2.65577,-0.334656,0.838713,3.18069
-0.0876916,0.986547,2.65573,-0.410632,0.841753,3.18113
-0.13302,1.01041,2.65834,-0.482876,0.839124,3.18346
-0.201562,1.04628,2.66046,-0.541445,0.83664,3.18491
-0.252341,1.07277,2.66133,-0.602966,0.833667,3.18623
-0.303137,1.09924,2.66122,-0.648349,0.831526,3.18602
-0.372642,1.13547,2.66113,-0.718766,0.813976,3.20033
-0.444446,1.1742,2.63627,-0.817802,0.811313,3.17717
-0.526084,1.21979,2.62992,-0.901726,0.808451,3.16749
-0.601458,1.26204,2.63157,-0.997583,0.80575,3.16801
-0.671635,1.30124,2.63282,-1.0563,0.804516,3.17117
-0.783945,1.36395,2.63228,-1.13417,0.802086,3.17292
-0.852344,1.40227,2.62977,-1.26585,0.798793,3.17032
-0.909291,1.43426,2.6299,-1.30674,0.797422,3.17005
-0.949592,1.4569,2.62983,-1.37126,0.79488,3.17087
-0.978506,1.47316,2.6282,-1.39521,0.792774,3.16983
-1.01554,1.49383,2.62543,-1.43434,0.794379,3.16365
-1.01573,1.49368,2.72393,-1.43604,0.793495,3.24335
-1.01449,1.49325,2.95685,-1.55806,0.79467,3.46939
-1.01377,1.49316,3.08577,-1.55734,0.787254,3.61288
-1.01248,1.49314,-2.99917,-1.58389,0.77768,3.73027
-1.01138,1.49316,-2.83082,-1.58339,0.77856,4.00946
-1.01075,1.4932,-2.73436,-1.58269,0.779125,4.10712
-1.00994,1.49329,-2.61058,-1.5821,0.779567,4.14184
-1.00906,1.49343,-2.47191,-1.58154,0.780884,4.30509
-1.00829,1.49372,-2.33802,-1.58126,0.781735,4.43789
-1.00764,1.49441,-2.17173,-1.58132,0.782216,4.52333
-1.00716,1.49516,-2.01041,-1.56784,0.791378,4.68298
-1.00668,1.49645,-1.76233,-1.58181,0.783718,4.91609
-1.00656,1.4975,-1.58138,-1.58335,0.784424,5.13903
-1.00656,1.49906,-1.34354,-1.58441,0.785757,5.37418
-1.00666,1.50071,-1.09621,-1.58546,0.786767,5.60893
-1.00678,1.5016,-0.962555,-1.58668,0.787604,5.74517
-1.00691,1.50229,-0.858544,-1.58729,0.787899,5.88578
-1.00733,1.50309,-0.710038,-1.58788,0.78804,5.99908
-0.969306,1.47931,-0.522122,-1.56672,0.787463,6.19144
-0.880855,1.42985,-0.503709,-1.46731,0.792176,0.0801762
-0.804295,1.38069,-0.625595,-1.401,0.788731,6.20592
-0.763665,1.35104,-0.63328,-1.32625,0.775407,6.1465
-0.697985,1.30533,-0.588668,-1.26287,0.770235,6.18102
-0.629936,1.26095,-0.569807,-1.18681,0.759608,6.19804
-0.526365,1.1955,-0.560015,-1.0855,0.752128,6.21014
-0.468488,1.15916,-0.561234,-1.01099,0.745621,6.21012
-0.422559,1.13026,-0.561849,-0.964525,0.740197,6.20638
-0.35531,1.08814,-0.557606,-0.914189,0.734307,6.20611
-0.296386,1.05169,-0.550953,-0.84349,0.727898,6.21154
-0.189177,0.986326,-0.545461,-0.757515,0.718425,6.21382
-0.135844,0.954227,-0.538396,-0.599305,0.708251,6.22247
-0.0685158,0.914135,-0.535959,-0.527943,0.704039,6.22466
0.0446821,0.846954,-0.535216,-0.417167,0.698364,6.22548
0.0904472,0.819897,-0.541209,-0.312872,0.692769,6.22416
0.0930447,0.818446,-0.747936,-0.299335,0.690657,6.08216
0.0942919,0.817011,-0.943827,-0.271434,0.689582,5.95736
0.0955943,0.814405,-1.24555,-0.269852,0.68884,5.64349
0.0960583,0.811661,-1.52722,-0.288536,0.687699,5.37358
0.0960121,0.810291,-1.67284,-0.234761,0.684047,5.18734
0.0958204,0.808474,-1.86087,-0.266891,0.682738,5.00627
0.0954716,0.806705,-2.04111,-0.266464,0.681117,4.78793
0.0948758,0.805594,-2.16863,-0.228938,0.6801,4.63694
0.0940574,0.804562,-2.30137,-0.250342,0.678778,4.57266
0.0921424,0.802937,-2.55732,-0.229587,0.677369,4.42215
0.0902827,0.802005,-2.77089,-0.233865,0.67484,4.05887
0.0887935,0.801582,-2.92927,-0.232697,0.673563,3.83493
0.0872906,0.801404,-3.08266,-0.233342,0.673848,3.71514
0.0844471,0.801562,2.9045,-0.23611,0.671273,3.60447
0.0822633,0.801959,2.67925,-0.235176,0.671107,3.33125
0.0801322,0.803239,2.41883,-0.21814,0.67184,3.01437
0.0412016,0.834554,2.50878,-0.258378,0.678455,2.98684
-0.0148,0.868587,2.66193,-0.315064,0.683099,3.09586
-0.1033,0.906843,2.77775,-0.405634,0.678625,3.21565
-0.161571,0.928676,2.786,-0.480811,0.684771,3.18905
-0.251517,0.959704,2.82479,-0.568758,0.684757,3.1803
-0.335006,0.984224,2.87637,-0.671833,0.664876,3.26493
-0.416336,1.00742,2.85278,-0.76068,0.65158,3.25771
-0.477919,1.02653,2.83005,-0.846671,0.652368,3.21366
-0.527638,1.0423,2.84132,-0.884336,0.647347,3.21674
-0.597767,1.06336,2.85626,-0.968595,0.643109,3.23878
-0.690331,1.09039,2.85812,-1.0203,0.655201,3.21149
-0.754109,1.10737,2.89963,-1.10371,0.654022,3.239
-0.835214,1.12546,2.93802,-1.1601,0.648101,3.26908
-0.910001,1.14017,2.95446,-1.25512,0.694212,3.26122
-0.979526,1.14781,3.09265,-1.31565,0.682721,3.35951
-1.03123,1.14851,-3.12358,-1.35177,0.661668,3.45657
-1.10652,1.14757,-3.1396,-1.3989,0.637714,3.47912
-1.15259,1.14867,3.0885,-1.439,0.590465,3.4379
-1.15178,1.14865,-3.07123,-1.40404,0.558051,3.50774
-1.15093,1.14865,-2.94038,-1.39477,0.513334,3.69658
-1.14933,1.14872,-2.69577,-1.34688,-1.16877,4.85888
-1.10944,1.16719,-2.74289,-1.37234,0.552552,3.93826
-1.16656,1.15632,-3.06833,-1.34726,-1.30505,4.79876
-1.16554,1.15637,-2.85563,-1.32784,-1.33917,4.97513
-1.16461,1.15643,-2.7157,-1.32897,-1.33876,5.09659
-1.16377,1.15648,-2.58717,-1.40841,0.551259,4.06202
-1.16259,1.15671,-2.399,-1.46375,0.624774,4.16607
-1.16197,1.15717,-2.26499,-1.45374,0.625605,4.35582
-1.16122,1.15821,-2.03669,-1.45338,0.61959,4.53342
-1.16076,1.15928,-1.82574,-1.45383,0.709112,4.818
-1.16055,1.16104,-1.52575,-1.45906,0.602634,4.98702
-1.16055,1.16247,-1.30793,-1.45408,0.646417,5.18646
-1.16059,1.16326,-1.18918,-1.45458,0.726727,5.30004
-1.16074,1.16459,-0.991199,-1.45523,0.727472,5.47601
-1.16136,1.1663,-0.701553,-1.45653,0.729438,5.69961
-1.16211,1.1669,-0.535463,-1.45789,0.72992,5.92081
-1.14721,1.16091,-0.345343,-1.46004,0.73017,6.19006
-1.07132,1.13041,-0.41781,-1.40368,0.722955,6.20023
-0.975151,1.0806,-0.520065,-1.28751,0.690973,6.07126
-0.879712,1.02713,-0.503594,-1.20673,0.660972,6.07081
-0.791975,0.980735,-0.474614,-1.0794,0.636107,6.08155
-0.746314,0.957738,-0.459187,-1.01609,0.622388,6.07523
-0.662957,0.91832,-0.429684,-0.953452,0.607616,6.09635
-0.58052,0.881431,-0.414598,-0.839234,0.588318,6.11599
-0.508807,0.849769,-0.416686,-0.778404,0.576844,6.11519
-0.471137,0.833084,-0.417059,-0.700025,0.565736,6.11408
-0.390335,0.797113,-0.419974,-0.619458,0.550421,6.11136
-0.327019,0.768886,-0.418508,-0.539564,0.536919,6.11135
-0.249885,0.734643,-0.417089,-0.490998,0.525797,6.1126
-0.188285,0.707597,-0.410797,-0.352711,0.516138,6.13782
-0.177698,0.703481,-0.475524,-0.345374,0.525253,6.10513
-0.176442,0.702721,-0.625734,-0.354274,0.525025,5.97343
-0.175185,0.701626,-0.796195,-0.352718,0.523959,5.77953
-0.174281,0.700538,-0.941815,-0.352408,0.523588,5.64985
-0.173225,0.698623,-1.16801,-0.351214,0.522097,5.46233
-0.172722,0.696989,-1.34403,-0.351576,0.520687,5.27748
-0.172509,0.695317,-1.51503,-0.355092,0.519225,5.1079
-0.172529,0.6942,-1.63053,-0.354716,0.518218,4.9798
-0.17201,0.671462,-1.42565,-0.354425,0.516174,4.85536
-0.157255,0.635819,-0.958572,-0.326331,0.483406,5.42775
-0.154359,0.631219,-1.05136,-0.324919,0.488771,5.58894
-0.153884,0.630233,-1.16449,-0.363035,0.522934,5.47504
-0.153497,0.629102,-1.28768,-0.362391,0.52272,5.39322
-0.153166,0.627107,-1.49382,-0.362636,0.521778,5.18157
-0.15324,0.624816,-1.73217,-0.361106,0.519302,4.9532
-0.153598,0.622395,-1.97981,-0.361344,0.517707,4.71138
-0.15411,0.621028,-2.12725,-0.360858,0.513856,4.6083
-0.155029,0.619793,-2.28249,-0.361369,0.513139,4.42119
-0.156532,0.618402,-2.49066,-0.362151,0.510573,4.21063
-0.157777,0.617613,-2.64136,-0.363143,0.510349,4.09604
-0.159311,0.616962,-2.81229,-0.363814,0.508707,3.87636
-0.161041,0.616571,-2.99334,-0.365171,0.507749,3.6391
-0.162442,0.616485,-3.1341,-0.3662,0.507223,3.49576
-0.163523,0.616533,3.03367,-0.368144,0.507137,3.34646
-0.165432,0.616745,2.83573,-0.370131,0.506989,3.13648
-0.188117,0.624735,2.83337,-0.378894,0.506964,3.08975
-0.264691,0.644146,2.94188,-0.443894,0.497003,3.20018
-0.31486,0.653516,2.96913,-0.497707,0.496387,3.21033
-0.386105,0.664725,2.9973,-0.551614,0.492453,3.23884
-0.447713,0.673441,3.00394,-0.623587,0.483652,3.24069
-0.512367,0.682245,3.00825,-0.661634,0.478636,3.24472
-0.614896,0.695941,3.00924,-0.756986,0.47483,3.23193
-0.685555,0.704757,3.02402,-0.848393,0.47133,3.23542
-0.754327,0.712242,3.04124,-0.903005,0.46525,3.25206
-0.837249,0.720272,3.04758,-0.976131,0.464947,3.24915
-0.891185,0.724997,3.06076,-1.04118,0.460497,3.25002
-0.941162,0.728665,3.07594,-1.07108,0.468361,3.2391
-0.985098,0.730895,3.10616,-1.11017,0.480887,3.23023
-1.04592,0.731112,-3.11608,-1.16188,0.475069,3.29011
-1.08093,0.729883,-3.09742,-1.20186,0.475308,3.3181
-1.15098,0.726056,-3.07905,-1.25739,0.473789,3.33795
-1.23697,0.719774,-3.06071,-1.34525,0.440787,3.36608
-1.33341,0.714007,-3.09656,-1.44489,0.420698,3.33767
-1.39468,0.711638,-3.10852,-1.49766,0.413419,3.32551
-1.44712,0.710007,3.13061,-1.56713,0.406124,3.32138
-1.4486,0.710095,2.97314,-1.57748,0.403073,3.1464
-1.45024,0.710304,2.80332,-1.57398,0.403478,2.96564
-1.45203,0.710816,2.6134,-1.57078,0.406797,2.8151
-1.45407,0.71242,2.34784,-1.57211,0.409233,2.51498
-1.45508,0.713667,2.18213,-1.57428,0.407583,2.34218
-1.45569,0.714669,2.06153,-1.57381,0.408214,2.20072
-1.45606,0.715486,1.96853,-1.57129,0.409243,2.10738
-1.45665,0.717609,1.74222,-1.57157,0.414102,1.87518
-1.45675,0.718547,1.64666,-1.57193,0.418008,1.75562
-1.45786,0.784051,1.57077,-1.57653,0.441797,1.69056
-1.45788,0.830228,1.57194,-1.58405,0.517753,1.67661
-1.45896,0.91945,1.59118,-1.58967,0.618856,1.69721
-1.46056,0.984631,1.59875,-1.57964,0.690323,1.70185
-1.46231,1.03572,1.61197,-1.58258,0.744796,1.70803
-1.46835,1.14583,1.63396,-1.58936,0.824015,1.72349
-1.47349,1.21986,1.64507,-1.58937,0.935728,1.72767
-1.48189,1.31266,1.67259,-1.6038,1.02813,1.73551
-1.48894,1.37437,1.69421,-1.61944,1.11753,1.76643
-1.50105,1.47095,1.69595,-1.63129,1.19067,1.74629
-1.51202,1.55037,1.71743,-1.64541,1.33062,1.75477
-1.52858,1.64398,1.76553,-1.67934,1.41807,1.80264
-1.54227,1.71921,1.73847,-1.69435,1.48521,1.78532
-1.55102,1.77597,1.66896,-1.71583,1.58274,1.76626
-1.55095,1.77849,1.40902,-1.71602,1.59321,1.53236
-1.55067,1.7807,1.18154,-1.71479,1.61029,1.30129
-1.54975,1.78282,0.946407,-1.71417,1.61824,1.17318
-1.54894,1.78379,0.818629,-1.7356,1.51053,0.893111
-1.54758,1.78498,0.635517,-1.73447,1.51149,0.705076
-1.54568,1.78605,0.411902,-1.73304,1.51237,0.573016
-1.54443,1.78648,0.276119,-1.73138,1.51328,0.437906
-1.54341,1.78669,0.170541,-1.73016,1.53074,0.295447
-1.48386,1.78729,-0.0279136,-1.51383,1.9194,6.17553
-1.40178,1.7863,0.00463619,-1.43438,1.91445,6.16178
-1.33382,1.78828,0.0500852,-1.34606,1.90708,6.22426
-1.24464,1.793,0.0540886,-1.28032,1.90407,6.22882
-1.16946,1.79705,0.0533256,-1.19557,1.90058,6.23136
-1.09025,1.80114,0.0501405,-1.12185,1.89851,6.23138
-1.005,1.80523,0.0462139,-1.02651,1.89404,6.2291
-0.932791,1.80848,0.0440389,-0.923646,1.92081,0.0243799
-0.861113,1.80898,-0.0220143,-0.74756,1.88912,6.21334
-0.785843,1.80737,-0.0183292,-0.692435,1.88258,6.19022
-0.703683,1.80723,0.00837121,-0.627974,1.87814,6.21926
-0.599316,1.80839,0.0129764,-0.578223,1.89862,6.23308
-0.503835,1.80869,-0.00339494,-0.521354,1.90175,6.22648
-0.427455,1.80791,-0.0162556,-0.446225,1.89897,6.21865
-0.354117,1.80634,-0.0250126,-0.367927,1.88876,6.18801
-0.290965,1.80527,-0.00944306,-0.292323,1.88569,6.19406
-0.231794,1.80507,0.000920414,-0.233308,1.88163,6.21873
-0.185594,1.80505,-0.00225045,-0.194491,1.87995,6.21822
-0.133356,1.80477,-0.0077926,-0.144758,1.87752,6.21234
-0.0891666,1.80437,-0.0115033,-0.116037,1.87534,6.21688
0.00626009,1.80276,-0.0206859,-0.0690335,1.8722,6.21507
0.111701,1.80009,-0.0277043,0.136397,1.81122,6.18185
0.170729,1.79933,0.00534687,0.219428,1.80372,6.2064
0.219792,1.80015,0.025919,0.260064,1.7968,6.22407
0.295941,1.80278,0.0415096,0.332173,1.79288,6.22806
0.345022,1.80504,0.0504366,0.385303,1.78944,6.23199
0.388077,1.80736,0.0576646,0.435218,1.78496,6.23833
0.429128,1.80983,0.0624047,0.477632,1.78237,6.24035
0.466169,1.81221,0.0659792,0.520794,1.78116,6.2508
0.537293,1.81686,0.0639185,0.563559,1.78008,6.24884
0.608426,1.82134,0.062111,0.741721,1.77051,6.25565
0.686603,1.82604,0.057727,0.808932,1.76928,6.25209
0.756768,1.82999,0.0550128,0.890326,1.76627,6.24837
0.833935,1.83426,0.0553685,0.95034,1.76505,6.24927
0.877034,1.83663,0.0546584,0.990768,1.76269,6.24754
0.958203,1.84113,0.0559181,1.07589,1.71447,6.22515
1.05251,1.85051,0.131753,1.15343,1.75179,0.0330312
1.16159,1.86189,0.082418,1.27929,1.75844,6.24016
1.23665,1.86791,0.0788028,1.34866,1.76106,6.24894
1.31192,1.87291,0.0568333,1.41081,1.75943,6.24517
1.38932,1.8763,0.0327663,1.4934,1.75611,6.23036
1.4327,1.87732,-0.0913791,1.54941,1.7476,6.16556
1.43501,1.87706,-0.331658,1.55192,1.74625,5.91131
1.43655,1.8767,-0.49158,1.55082,1.74514,5.71421
1.4383,1.87549,-0.709424,1.55051,1.74238,5.53084
1.4393,1.87449,-0.854918,1.55128,1.7417,5.33167
1.43997,1.87361,-0.967902,1.55352,1.74032,5.22607
1.44122,1.87093,-1.27456,1.585,1.73821,4.92862
1.44158,1.86884,-1.49084,1.58512,1.74483,4.72179
1.44154,1.86683,-1.69917,1.63658,1.73338,4.49276
1.44135,1.86518,-1.86952,1.63588,1.73199,4.30451
1.44102,1.86351,-2.03956,1.63539,1.72931,4.10367
1.44059,1.86265,-2.13706,1.63481,1.7283,4.04591
1.43973,1.8615,-2.28227,1.66834,1.72776,3.93237
1.43807,1.85999,-2.51055,1.66677,1.72687,3.7273
1.43645,1.85906,-2.70149,1.69866,1.72676,3.4943
1.43472,1.85846,-2.88999,1.66284,1.72571,3.32519
1.43332,1.85823,-3.03335,1.6265,1.7254,3.18164
1.43126,1.85804,-3.10488,1.62492,1.72549,3.12028
1.38698,1.85436,-3.04991,1.60373,1.7259,3.15363
1.32016,1.84755,-3.03277,1.56634,1.72487,3.1699
1.25132,1.83986,-3.02888,1.48123,1.72399,3.1825
1.18366,1.83231,-3.03346,1.41563,1.72058,3.18362
1.09578,1.8231,-3.04038,1.39101,1.73525,3.11078
0.971515,1.80475,-2.97256,1.19558,1.72827,3.17438
0.865788,1.78615,-2.96489,1.09529,1.7239,3.18731
0.809417,1.77618,-2.96832,1.02107,1.71986,3.1863
0.747084,1.76538,-2.97159,0.976055,1.71716,3.1834
0.667922,1.75186,-2.97309,0.910255,1.71536,3.18083
0.608564,1.74174,-2.97225,0.830428,1.70856,3.18259
0.53236,1.72878,-2.9741,0.786649,1.70581,3.18228
0.459099,1.71647,-2.9761,0.701077,1.70116,3.18058
0.425435,1.71086,-2.97678,0.660623,1.69878,3.18022
0.372949,1.70216,-2.97788,0.635305,1.6953,3.18066
0.285762,1.68791,-2.98094,0.553132,1.69033,3.17788
0.204497,1.67482,-2.98266,0.449955,1.68621,3.17747
0.158898,1.66753,-2.98375,0.424463,1.68382,3.17682
0.119241,1.66124,-2.98488,0.391796,1.68269,3.17616
-0.000747639,1.64241,-2.98682,0.262173,1.66364,3.18855
-0.0694081,1.63242,-3.00525,0.187671,1.65966,3.17001
-0.148047,1.62196,-3.01229,0.12435,1.65834,3.16296
-0.235647,1.61061,-3.01327,0.0360572,1.65687,3.16095
-0.293373,1.60313,-3.01225,-0.03691,1.65503,3.16162
-0.361049,1.5943,-3.01174,-0.0709564,1.65434,3.16227
-0.474507,1.57949,-3.01195,-0.195664,1.65142,3.16263
-0.548164,1.5699,-3.01249,-0.286971,1.64929,3.16178
-0.657653,1.5557,-3.01276,-0.402491,1.6458,3.16139
-0.726343,1.54683,-3.01363,-0.477071,1.64309,3.16098
-0.801029,1.53731,-3.01593,-0.544036,1.64006,3.15955
-0.897673,1.52533,-3.02015,-0.628996,1.63516,3.1564
-1.0044,1.51289,-3.02919,-0.736486,1.63152,3.14869
-1.0673,1.50602,-3.0364,-0.829815,1.62648,3.14058
-1.15233,1.49786,-3.05105,-0.907627,1.62602,3.13036
-1.25326,1.48851,-3.04852,-1.01743,1.62609,3.12893
-1.31721,1.48248,-3.04686,-1.08251,1.6254,3.13212
-1.41716,1.47314,-3.04975,-1.20556,1.6256,3.1325
-1.49317,1.46635,-3.055,-1.29993,1.62754,3.12569
-1.58215,1.45857,-3.05376,-1.43269,1.62023,3.1331
-1.59338,1.45778,-2.88035,-1.42274,1.62612,3.24731
-1.59255,1.45783,-2.75514,-1.40434,1.62841,3.37724
-1.59149,1.4579,-2.59168,-1.43804,1.63442,3.55019
-1.59035,1.45812,-2.41086,-1.40264,1.63694,3.76489
-1.58927,1.45905,-2.16029,-1.40136,1.63854,4.04733
-1.58854,1.4604,-1.88234,-1.40088,1.63913,4.25886
-1.58831,1.46122,-1.73107,-1.40043,1.64047,4.46031
-1.59475,1.44006,-1.99466,-1.40174,1.63422,4.4597
-1.6482,1.39488,-2.75764,-1.48637,1.60983,3.55275
-1.64961,1.39421,-2.58377,-1.51174,1.59833,3.52199
-1.64847,1.39443,-2.40273,-1.5175,1.59825,3.79964
-1.6477,1.39503,-2.23399,-1.49595,1.59825,3.95216
-1.64683,1.39641,-1.93864,-1.51621,1.59619,4.06751
-1.64643,1.39798,-1.64849,-1.5156,1.59795,4.37136
-1.64639,1.3994,-1.42792,-1.51549,1.5995,4.62061
-1.64648,1.40144,-1.12113,-1.51586,1.60165,5.02977
-1.64655,1.40208,-1.02464,-1.51629,1.60263,5.18515
-1.64675,1.40318,-0.858768,-1.51678,1.60282,5.32495
-1.64706,1.40387,-0.737523,-1.51681,1.6041,5.39662
-1.64777,1.4045,-0.573886,-1.50593,1.61188,5.57165
-1.64858,1.40498,-0.407786,-1.50694,1.61229,5.73807
-1.64969,1.40538,-0.197135,-1.50774,1.61283,5.9181
-1.61299,1.40649,0.0632023,-1.50732,1.61247,6.16478
-1.56445,1.41111,0.120497,-1.45791,1.61102,0.0591194
-1.50976,1.41641,0.0732119,-1.39189,1.6119,0.0643707
-1.44206,1.41875,0.00135346,-1.33689,1.6046,6.16857
-1.34125,1.42281,0.0709439,-1.25349,1.59852,6.20868
-1.23461,1.43325,0.1138,-1.12471,1.59633,6.24956
-1.11106,1.44793,0.120445,-1.02182,1.59556,0.0347385
-1.04782,1.45415,0.0773823,-0.95237,1.59264,6.24692
-0.951754,1.46159,0.0803085,-0.878042,1.5902,6.24613
-0.890783,1.46673,0.0873284,-0.794427,1.58785,6.24832
-0.813857,1.47377,0.0940495,-0.724253,1.58622,6.24837
-0.765929,1.47841,0.0988222,-0.668532,1.58179,6.24937
-0.694072,1.48577,0.104808,-0.552248,1.59457,6.26297
-0.61311,1.49386,0.0950981,-0.485439,1.59392,6.23885
-0.554209,1.49965,0.101262,-0.398791,1.59306,6.24031
-0.408537,1.5152,0.108621,-0.275817,1.59343,6.24851
-0.348652,1.52167,0.106664,-0.202386,1.5976,6.24658
-0.276757,1.52922,0.102821,-0.142831,1.59811,6.24543
-0.194837,1.53745,0.098104,-0.0953903,1.62319,0.0161153
-0.094187,1.54343,0.0332482,-0.026772,1.61667,6.22148
-0.0339931,1.54542,0.0340139,0.0383312,1.58307,6.21209
0.0260548,1.54809,0.0552764,0.102604,1.58227,6.23348
0.0671018,1.5505,0.0614569,0.129555,1.57982,6.24071
0.121178,1.55392,0.0643862,0.192751,1.57747,6.24399
0.196297,1.55879,0.0649586,0.269837,1.57341,6.245
0.317488,1.56671,0.0652448,0.380891,1.56868,6.2456
0.399615,1.57209,0.0654879,0.483277,1.56142,6.24494
0.516756,1.58006,0.0693744,0.587455,1.56083,6.24813
0.594869,1.58544,0.0679727,0.755194,1.55363,6.24728
0.705019,1.59296,0.0681629,0.839393,1.55227,6.24743
0.780138,1.59802,0.0664865,0.939754,1.54809,6.24626
0.878285,1.60454,0.0662384,1.01571,1.54723,6.24642
0.947415,1.60903,0.0632793,1.10275,1.55784,6.24525
1.03488,1.61303,0.0323669,1.18807,1.56538,6.2236
1.13161,1.61326,-0.0182864,1.28609,1.55858,6.173
1.18006,1.61207,-0.073188,1.34637,1.55076,6.15461
1.18123,1.61198,-0.1961,1.34704,1.55537,6.03282
1.18306,1.6117,-0.38406,1.3551,1.54474,5.87077
1.18453,1.61119,-0.544144,1.35581,1.5423,5.69761
1.1858,1.61026,-0.704434,1.35701,1.5505,5.56546
1.18677,1.6093,-0.844894,1.3575,1.55291,5.36564
1.18808,1.60736,-1.08606,1.35812,1.55153,5.18425
1.18874,1.60571,-1.26957,1.35838,1.54979,4.9538
1.18927,1.60358,-1.36664,1.35881,1.54745,4.80911
1.18943,1.60213,-1.51482,1.3569,1.54641,4.68576
1.18938,1.60047,-1.68773,1.35831,1.54474,4.56562
1.18928,1.59936,-1.80278,1.35835,1.54381,4.47273
1.18904,1.59786,-1.95521,1.35783,1.54291,4.32757
1.18786,1.59537,-2.23517,1.35562,1.54075,4.03397
1.18676,1.5942,-2.39806,1.35431,1.54093,3.9166
1.18584,1.59346,-2.51854,1.35107,1.56141,3.76009
1.18435,1.59261,-2.6944,1.34983,1.56089,3.65924
1.18196,1.59186,-2.95079,1.34727,1.56012,3.27077
1.18083,1.59173,-3.06644,1.34666,1.55984,3.18141
1.17972,1.59166,-3.10011,1.34526,1.53975,3.15678
1.1798,1.59165,-3.07136,1.34383,1.54959,3.15601
1.17925,1.59163,-3.11478,1.34545,1.53593,3.14582
1.17893,1.59162,3.14025,1.34595,1.53729,3.10244
1.13435,1.5914,-3.1173,1.30188,1.54046,3.07026
1.09074,1.58933,-3.06557,1.25546,1.54233,3.10553
0.981583,1.57612,-2.99561,1.1875,1.53953,3.17827
0.905175,1.56468,-2.99127,1.06478,1.5296,3.20841
0.872322,1.55988,-3.00264,0.983377,1.52691,3.20362
0.825458,1.55368,-3.01645,0.929424,1.52452,3.18152
0.763691,1.546,-3.01815,0.895444,1.52316,3.1808
0.662095,1.53338,-3.01805,0.802553,1.51926,3.18116
0.61528,1.52757,-3.01808,0.732088,1.51554,3.18099
0.56448,1.52126,-3.0182,0.693086,1.51355,3.18096
0.469847,1.50954,-3.01869,0.642526,1.511,3.18134
0.392141,1.49998,-3.01953,0.560351,1.50678,3.18513
0.299436,1.48884,-3.02402,0.452717,1.50335,3.18152
0.218687,1.47935,-3.02519,0.38438,1.50019,3.18052
0.155878,1.47202,-3.02557,0.325617,1.49833,3.18007
0.119989,1.46783,-3.02548,0.290986,1.4976,3.17967
0.0581856,1.4606,-3.02485,0.237046,1.4952,3.18029
0.00435551,1.45428,-3.02474,0.160813,1.49255,3.18047
-0.0604389,1.44667,-3.02466,0.106109,1.49089,3.18029
-0.140183,1.43729,-3.02435,0.0497661,1.48849,3.18062
-0.218931,1.428,-3.02425,-0.0159654,1.48507,3.18107
-0.334571,1.41442,-3.02519,-0.157903,1.48063,3.18026
-0.411323,1.40543,-3.02466,-0.254465,1.47629,3.18027
-0.489071,1.39627,-3.0243,-0.324221,1.47364,3.18065
-0.562834,1.38757,-3.0242,-0.410513,1.47034,3.18076
-0.62463,1.38027,-3.02405,-0.476068,1.46825,3.18034
-0.724293,1.36845,-3.02322,-0.56915,1.46485,3.18081
-0.785084,1.3612,-3.02256,-0.648018,1.46106,3.18189
-0.847872,1.3537,-3.02299,-0.70836,1.45923,3.18154
-0.919625,1.34514,-3.02281,-0.785423,1.45696,3.18148
-0.976425,1.33833,-3.02197,-0.837867,1.45438,3.18214
-1.02226,1.33282,-3.0217,-0.886467,1.45175,3.18275
-1.08106,1.32576,-3.02246,-0.92805,1.44948,3.18223
-1.14286,1.31839,-3.02344,-0.976345,1.44575,3.18146
-1.25055,1.30582,-3.02682,-1.0801,1.44209,3.1789
-1.35425,1.29389,-3.02746,-1.17723,1.43935,3.17767
-1.41805,1.28652,-3.02548,-1.25447,1.43698,3.17843
-1.48283,1.27887,-3.02274,-1.32194,1.43413,3.18083
-1.54062,1.27194,-3.0218,-1.37545,1.43276,3.1822
-1.60481,1.26428,-2.89378,-1.47295,1.42474,3.23053
-1.60285,1.26444,-2.59524,-1.46727,1.42663,3.50084
-1.60138,1.26481,-2.35228,-1.49881,1.42749,3.83821
-1.60041,1.26592,-2.09171,-1.49841,1.42805,4.0903
-1.59987,1.26703,-1.8683,-1.48201,1.42843,4.26204
-1.59962,1.26812,-1.66999,-1.50453,1.42989,4.48357
-1.59957,1.2701,-1.36024,-1.54259,1.42876,4.83848
-1.59963,1.27137,-1.16978,-1.51235,1.42709,4.99473
-1.5997,1.27208,-1.0634,-1.52044,1.42782,5.15123
-1.59982,1.27292,-0.937179,-1.55977,1.42861,5.24452
-1.60027,1.27415,-0.73163,-1.5611,1.42958,5.45086
-1.6014,1.27504,-0.481285,-1.56501,1.43037,5.70737
-1.60225,1.27544,-0.31514,-1.58637,1.43119,5.90209
-1.60165,1.27533,-0.107414,-1.58721,1.43157,6.09976
-1.53971,1.27234,-0.00193546,-1.52749,1.43126,6.19298
