0.493935,1.88726,0.000696618,0.841599,1.19576,0.724131
0.61279,1.80357,-0.74717,1.97428,1.05014,4.61917
1.00292,1.43993,-0.752853,1.7901,0.519791,4.37073
1.05143,1.43423,-1.92403,1.64664,0.380831,4.08763
1.04937,1.43058,-2.3593,1.74065,0.433499,3.25187
1.0446,1.42804,-2.92225,1.73219,0.397041,2.60944
0.997829,1.44347,2.97148,1.67916,0.371682,1.85598
0.609574,1.44591,-3.13061,1.57411,0.416123,2.05841
0.26294,1.44211,-3.13061,1.39896,0.75932,2.06047
-0.089704,1.43824,-3.1306,1.28303,1.01586,2.01312
-0.458376,1.43419,-3.13059,1.12956,1.28985,2.03546
-0.877139,1.42958,-3.13059,0.999686,1.54888,2.05805
-1.27586,1.42518,-3.13053,0.887753,1.81988,2.05832
-1.60092,1.4217,-3.13048,0.812003,1.85672,2.06227
-1.60589,1.42189,-2.78952,0.836128,1.91897,2.23646
-1.60371,1.42291,-2.34864,0.759522,1.91994,2.57265
-1.60248,1.42496,-1.84621,0.806595,1.91464,3.05848
-1.63006,1.32172,-1.76319,0.687257,1.90173,3.28856
-1.63,1.32313,-1.47882,0.688665,1.91346,3.45238
-1.62997,1.32489,-1.17086,0.685961,1.91424,3.80492
-1.63016,1.32654,-0.901265,0.683245,1.91485,4.1116
-1.6306,1.32804,-0.623971,0.683015,1.91669,4.21423
-1.63207,1.32896,-0.268819,0.683183,1.917,4.65316
-1.26867,1.31885,-0.00224318,0.730257,1.72325,4.88311
-0.781645,1.31775,-0.00213796,0.835724,1.15892,4.94082
-0.338849,1.31686,-0.001998,0.935871,0.817976,4.9566
0.0415764,1.31621,-0.00166628,0.95401,0.359704,4.88239
0.512355,1.31553,-0.00142856,1.01099,0.0412011,4.88425
1.15131,1.31498,-0.00060872,1.11197,-0.530811,4.8847
1.67007,1.31552,0.00221521,1.24392,-1.25315,4.8888
1.71974,1.31548,-0.204574,1.27194,-1.43436,4.8259
1.72234,1.31502,-0.470344,1.26652,-1.48373,4.5127
1.72514,1.31294,-0.825838,1.27015,-1.52225,4.13942
1.72669,1.31065,-1.10952,1.26959,-1.55021,3.76441
1.72864,1.30484,-1.40772,1.2807,-1.64315,3.42079
1.73758,1.22198,-1.75354,1.19827,-1.62522,2.95175
1.73652,1.21844,-2.13351,1.1955,-1.62591,2.59149
1.73449,1.2161,-2.4519,1.19345,-1.62335,2.31115
1.73168,1.21449,-2.79131,1.19226,-1.62115,1.98915
1.72928,1.21398,-3.04297,1.19186,-1.61792,1.77933
1.57481,1.21742,-3.13982,1.20701,-1.55848,1.39671
1.3564,1.21666,-3.13729,1.23878,-1.32982,1.41684
1.13396,1.21571,-3.13727,1.2877,-1.10164,1.40042
0.791283,1.21424,-3.13727,1.3321,-0.781992,1.41745
0.34641,1.21234,-3.13728,1.43085,-0.298095,1.40103
-0.0583823,1.21061,-3.13728,1.48405,0.0712662,1.39073
-0.144572,1.21025,-2.86982,1.46671,0.193451,1.57265
-0.142237,1.21043,-2.50053,1.47123,0.0797048,1.73417
-0.139952,1.21139,-2.06753,1.47215,0.0162751,2.26138
-0.148712,1.17633,-1.76889,1.47359,0.0142377,2.45676
-0.156423,1.1326,-1.48041,1.38738,0.055631,2.69395
-0.156498,1.13536,-1.02201,1.39186,0.0549576,3.18202
-0.157046,1.13759,-0.623966,1.39834,0.0563197,3.43243
-0.158346,1.13846,-0.304596,1.3957,0.0569479,3.89308
0.0431345,1.12506,-0.0133236,1.33538,-0.0401143,4.12966
0.461936,1.11993,-0.0120974,1.11719,-0.363364,4.10969
0.962904,1.11388,-0.0120168,0.797035,-0.885859,4.14001
1.39975,1.10865,-0.0119155,0.488618,-1.36394,4.14019
1.72472,1.10491,-0.0912165,0.574,-1.75739,4.31185
1.72889,1.10415,-0.52298,0.570841,-1.82346,3.98626
1.731,1.10249,-0.795903,0.569491,-1.82513,3.69604
1.73271,1.10007,-1.09965,0.574548,-1.83263,3.41001
1.73355,1.09751,-1.37615,0.560465,-1.84411,3.00504
1.74153,1.00441,-1.72997,0.448164,-1.92438,2.81563
1.74074,1.00186,-2.00545,0.436454,-1.9211,2.53525
1.7393,0.999576,-2.27785,0.435497,-1.91978,2.19216
1.73681,0.997377,-2.58701,0.434344,-1.91721,1.99383
1.73397,0.996107,-2.87246,0.434087,-1.91364,1.66557
1.73116,0.995695,-3.12994,0.434834,-1.91106,1.36743
1.54715,0.999674,3.14064,0.454372,-1.84558,1.25105
1.28205,0.999926,3.14092,0.607438,-1.55143,1.1269
0.948646,1.00019,3.14114,0.774159,-1.19076,1.12736
0.558978,1.00038,-3.14159,0.936828,-0.857595,1.12763
0.15331,1.00028,-3.13945,1.15138,-0.405768,1.12838
-0.145602,0.999291,-3.1128,1.20802,-0.283409,1.1322
-0.145099,0.999137,-2.76589,1.21363,-0.24764,1.42031
-0.143109,0.999131,-2.42271,1.29337,-0.0956555,1.61494
-0.141286,1.00004,-2.05899,1.29411,-0.097358,2.00924
-0.150168,0.964952,-1.76863,1.29543,-0.0989502,2.33396
-0.158577,0.914124,-1.44054,1.22451,-0.0417749,2.45617
-0.158657,0.916454,-1.05911,1.23084,-0.0455999,2.98359
-0.159042,0.91847,-0.712619,1.22807,-0.0424503,3.17273
-0.160481,0.919768,-0.314066,1.22975,-0.0419461,3.5353
0.0441061,0.907275,-0.00881683,1.16175,-0.103462,3.90098
0.384783,0.904415,-0.00833844,0.847628,-0.387167,3.92263
0.793597,0.901033,-0.00818915,0.517267,-0.742406,3.92487
1.14429,0.898187,-0.00801354,0.245442,-1.01431,3.92547
1.47094,0.895607,-0.00767433,0.0066665,-1.21526,3.92571
1.71644,0.893758,-0.154459,-0.215846,-1.46082,3.90317
1.7214,0.892067,-0.695454,-0.286194,-1.53096,3.522
1.72398,0.888635,-1.13716,-0.434658,-1.62843,2.86479
1.72469,0.886287,-1.38855,-0.296275,-1.55105,2.63124
1.73585,0.813528,-1.76264,-0.390988,-1.50134,2.40777
1.73413,0.808914,-2.27547,-0.359919,-1.49034,2.05624
1.72953,0.80596,-2.84573,-0.358439,-1.48381,1.28005
1.5275,0.805622,-3.11459,-0.427027,-1.5287,0.839194
1.09255,0.793678,-3.11412,0.0552895,-1.04041,0.793131
0.90909,0.788967,-2.97736,0.276923,-0.816929,0.839547
0.911045,0.789566,-2.6143,0.267818,-0.794729,1.29447
0.912683,0.790972,-2.1936,0.277395,-0.784935,1.68486
0.913441,0.792578,-1.81607,0.283166,-0.79808,2.31648
0.895707,0.700532,-1.52082,0.207593,-0.728756,2.56588
0.895739,0.702664,-1.14924,0.207519,-0.811077,2.936
0.895382,0.704951,-0.764693,0.209047,-0.807899,3.21331
0.894254,0.706369,-0.40189,0.227692,-0.782266,3.39289
0.998055,0.694226,-0.0419808,0.216202,-0.80529,3.86633
1.3886,0.687573,-0.0140922,-0.0135975,-1.10708,4.0419
1.72362,0.682997,-0.0145805,-0.151346,-1.48007,4.2161
1.73151,0.682331,-0.493442,-0.0613494,-1.64812,4.09579
1.73506,0.679047,-0.98962,0.0413365,-1.68523,3.59013
1.73932,0.663635,-1.41486,0.0570438,-1.67998,3.05557
1.74272,0.585765,-2.07751,-0.0537664,-1.63241,2.26598
1.73746,0.581059,-2.75999,-0.0666383,-1.60248,1.89438
1.33219,0.58355,-3.12986,-0.0321096,-1.47895,1.08853
0.802179,0.577512,3.13341,0.387922,-0.731977,1.08504
0.79823,0.578252,2.74102,0.38878,-0.731268,0.786101
0.793858,0.581484,2.24192,0.40957,-0.688033,0.247857
0.792,0.584845,1.89161,0.426734,-0.688674,6.07189
0.786692,0.777608,1.54204,0.564709,-0.733405,5.8412
0.786827,0.77573,1.85126,0.61354,-0.727584,6.0678
0.787516,0.774188,2.16352,0.612179,-0.672768,0.189417
0.788444,0.773123,2.44912,0.620999,-0.636653,0.438447
0.789458,0.772466,2.7099,0.628666,-0.586908,0.654388
0.790559,0.772121,2.95854,0.625645,-0.587565,0.946299
0.595045,0.787064,3.13667,0.683414,-0.467814,1.2359
0.446775,0.787467,3.1393,0.750744,-0.276615,1.22886
0.244389,0.787907,3.13963,0.868979,-0.17566,1.15621
-0.0201077,0.788316,3.14075,0.947387,0.0213447,1.14055
-0.144934,0.788342,-2.97117,0.970827,0.261854,1.333
-0.143208,0.78839,-2.69391,0.945318,0.382502,1.63631
-0.141468,0.788622,-2.41887,0.945938,0.380844,1.87783
-0.139899,0.789228,-2.12823,0.947003,0.548714,2.19244
-0.139218,0.790594,-1.83131,0.999199,0.427251,2.56604
-0.154125,0.552048,-1.58932,0.842025,0.506186,2.86715
-0.159829,0.235446,-1.58864,0.506546,0.588547,2.88843
-0.160943,0.180364,-1.93829,0.320565,0.673183,2.69928
-0.163384,0.176477,-2.41663,0.317124,0.675481,2.21282
-0.167544,0.174362,-2.90173,0.309331,0.679438,1.66638
-0.252283,0.167064,-2.84338,0.288744,0.685531,1.38694
-0.261468,0.1654,3.00087,0.279201,0.755243,1.51339
-0.265939,0.166608,2.52615,0.294977,0.764913,1.15838
-0.269128,0.170482,2.0095,0.259595,0.765049,0.543628
-0.277816,0.329139,1.5368,0.314721,0.762309,0.242044
-0.268077,0.564556,1.61324,0.497634,0.792744,6.00797
-0.26756,0.562297,2.01782,0.498858,0.796764,0.435341
-0.266436,0.560714,2.39759,0.497249,0.792574,0.834949
-0.264824,0.559725,2.80755,0.496821,0.791201,1.25689
-0.333729,0.57166,3.05163,0.496752,0.790313,1.58766
-0.465844,0.577415,2.85204,0.475917,0.952503,1.61919
-0.469765,0.579132,2.40551,0.476998,0.942422,1.2019
-0.472271,0.582851,1.9409,0.47782,0.942634,0.736824
-0.482223,0.664369,1.36606,0.558873,0.86829,0.166566
-0.480635,0.668731,0.88335,-1.02836,1.4175,1.8292
-0.476152,0.671746,0.320643,-1.02684,1.42128,1.50335
-0.288534,0.683917,-0.0171806,0.558452,0.662404,4.72164
-0.290603,0.683786,0.312323,0.565901,0.700596,4.9606
-0.292254,0.683014,0.646836,0.572986,0.66382,5.32709
-0.293802,0.681206,1.13048,0.571135,0.664792,5.82822
-0.274496,0.766731,1.44236,0.609057,0.668572,0.176767
-0.274359,0.764165,1.87673,0.654381,0.692934,0.456289
-0.273441,0.762378,2.25462,0.653556,0.693309,0.800326
-0.271644,0.760978,2.73984,0.652861,0.691847,1.21917
-0.508318,0.777604,3.11478,0.645072,0.773985,1.73583
-0.880037,0.787537,2.86432,0.546999,1.28863,1.75841
-0.885658,0.791187,2.2432,0.54278,1.28952,1.01595
-0.89989,0.881114,1.53786,0.552467,1.2544,0.356806
-0.895901,0.889352,0.660345,0.649146,1.22968,5.94086
-0.824818,0.9004,0.0439909,0.656697,1.25159,5.20188
-0.356414,0.89519,-0.016009,0.720686,0.893895,4.93991
-0.282722,0.893794,0.373709,0.713286,0.847723,5.12548
-0.284674,0.892557,0.809765,0.729891,0.849344,5.57474
-0.285863,0.89051,1.30826,0.760691,0.896759,3.2274
-0.267238,0.990387,1.63163,0.834994,0.893351,0.328829
-0.267068,0.986795,2.2364,0.827963,0.873283,0.795221
-0.264896,0.984274,2.93227,0.783412,0.814909,1.38055
-0.828858,0.997159,3.13768,0.690291,1.16161,1.85525
-1.44001,0.999163,3.13955,0.525234,1.6138,1.90131
-1.52566,1.0005,2.52767,-0.014474,1.78918,1.94821
-1.52958,1.00716,1.74672,-0.0126829,1.79422,1.0259
-1.52743,1.03696,2.22469,-0.0073653,1.8229,1.22314
-1.52684,1.03889,2.23445,-0.0032763,1.81777,1.20113
-1.54498,1.08765,1.67113,0.00580572,1.83343,1.11997
-1.54433,1.09287,1.14602,0.0590211,1.8436,0.221703
-1.53887,1.09814,0.446307,0.0650738,1.83978,5.89245
-1.17393,1.10641,-0.00261397,0.134253,1.72411,5.21336
-0.378965,1.1046,-0.0009475,0.575404,0.905409,5.1306
-0.271642,1.10408,0.368799,0.819527,0.516407,5.38812
-0.273926,1.1025,0.901837,0.816885,0.493879,5.79353
-0.274876,1.10048,1.37471,0.815299,0.492681,6.1106
-0.263414,1.18959,2.05353,-0.704221,-0.469028,1.08106
-0.262318,1.18645,2.65983,-0.704412,-0.472363,1.50208
-0.426154,1.19862,3.12717,-0.724077,-0.443865,2.24045
-0.961165,1.20353,3.13278,-0.900052,-0.15352,2.19535
-1.71728,1.20995,3.13326,-0.532637,1.24009,3.12265
-1.72938,1.21244,2.34176,-0.755457,1.42572,2.42446
-1.74204,1.56641,1.58062,-0.728566,1.54633,1.25693
-1.74273,1.72166,1.19467,-0.544123,1.89443,1.01324
-1.73792,1.72728,0.502916,-0.62327,1.86405,0.337067
-1.37203,1.73709,0.000654011,-0.324484,1.80677,5.90013
-0.757526,1.73735,0.000571414,0.0149522,1.60149,5.86688
-0.143022,1.73756,0.000477112,0.389709,1.42072,5.86637
0.288738,1.73766,0.000355679,0.802536,1.20764,5.86609
0.678327,1.73771,0.000254631,0.981962,1.13226,5.89565
1.06189,1.73773,0.000166789,1.32935,0.99032,5.8953
1.62215,1.73752,-0.000383679,1.6945,0.834656,5.89459
1.7252,1.73662,-0.428931,1.89201,0.679508,5.64575
1.72995,1.73261,-1.00147,1.87995,0.68868,4.9753
1.73985,1.65157,-1.65503,1.96869,0.650716,4.29756
1.73753,1.64563,-2.26327,1.8945,0.569498,3.73492
1.72936,1.64158,-3.11833,1.88554,0.546665,2.94853
1.2439,1.64355,-3.1374,1.62312,0.714769,2.58951
0.792059,1.64173,-3.13736,1.33682,0.90096,2.55772
0.436622,1.64029,-3.13734,1.06137,1.09714,2.55703
0.121349,1.63901,-3.13735,0.824087,1.21929,2.55729
-0.298339,1.63731,-3.13737,0.290597,1.42718,2.64068
-0.860601,1.63506,-3.13748,-0.323848,1.63652,2.68107
-1.35459,1.63315,-3.13766,-0.691612,1.72854,2.7309
-1.61235,1.63229,-2.98345,-0.600051,1.7445,2.74813
-1.60957,1.6335,-2.42814,-0.990149,1.78809,3.30711
-1.60851,1.63471,-2.10498,-1.00694,1.79187,3.75268
-1.60806,1.6357,-1.87442,-0.988609,1.79019,4.02293
-1.61789,1.60137,-1.80482,-0.988198,1.79119,4.20885
-1.63366,1.5375,-1.73352,-1.05337,1.71865,4.13453
-1.63364,1.53869,-1.50432,-1.05397,1.68553,4.46899
-1.63362,1.53998,-1.27199,-1.05396,1.72009,4.67204
-1.63378,1.54217,-0.908293,-1.05477,1.72737,5.01262
-1.63445,1.54399,-0.553758,-1.05579,1.73428,5.3623
-1.63543,1.54455,-0.32551,-1.05707,1.73647,5.73292
-1.54858,1.5338,-0.0281569,-1.05142,1.73473,5.86806
-1.13641,1.53069,-0.00255693,-0.776102,1.68008,6.05862
-0.71151,1.5296,-0.00248369,-0.441829,1.59811,6.05587
-0.35489,1.52875,-0.00232899,-0.00722868,1.53199,6.0723
-0.0484317,1.52811,-0.00217969,0.0837251,1.49984,6.05704
0.344196,1.52734,-0.0019247,0.491134,1.42638,6.062
0.716789,1.52674,-0.00149643,0.682533,1.48895,6.14673
1.07115,1.52633,-0.000858429,0.974258,1.27472,6.0604
1.39964,1.52616,0.000123839,1.36622,1.3577,6.14928
1.72027,1.52652,-0.0277303,1.6475,1.36086,6.15228
1.72638,1.52479,-0.692025,1.72404,1.30281,5.68525
1.72949,1.51993,-1.28956,1.72877,1.30454,5.04234
1.73712,1.44362,-1.94168,1.68669,1.24441,4.33842
1.73267,1.43824,-2.60723,1.68478,1.24034,3.89138
1.6579,1.43975,3.14038,1.67847,1.24049,3.11784
1.11419,1.42469,-3.1111,1.31524,1.2617,3.08382
0.757669,1.42566,-3.14084,0.988979,1.27781,3.08335
0.267686,1.42479,-3.13929,0.404151,1.30327,3.08805
-0.125909,1.42396,-3.13933,-0.100498,1.33533,3.08698
-0.511471,1.42317,-3.13937,-0.48345,1.36591,3.08638
-0.937196,1.42232,-3.13949,-0.844414,1.40297,3.06422
-1.36091,1.42154,-3.13972,-1.26115,1.43084,3.07464
-1.63554,1.42115,-3.1214,-1.42306,1.45133,3.05451
-1.63396,1.42136,-2.85157,-1.47814,1.47212,3.1922
-1.63223,1.42218,-2.50174,-1.49214,1.47681,3.57794
-1.63099,1.42342,-2.15327,-1.53653,1.47922,4.03834
-1.63034,1.42491,-1.80752,-1.58051,1.48533,4.40637
-1.64311,1.33839,-1.29558,-1.53625,1.38733,4.87703
-1.64329,1.34082,-0.890597,-1.53727,1.39422,5.20856
-1.64405,1.34264,-0.526066,-1.5413,1.39671,5.65849
-1.64107,1.34186,-0.173755,-1.54341,1.42812,5.97359
-1.26203,1.33061,-0.00563498,-1.33236,1.41215,6.19146
-0.999488,1.32912,-0.00561919,-1.04204,1.38877,6.20258
-0.686843,1.32737,-0.00551459,-0.698364,1.36288,6.20281
-0.235896,1.32488,-0.00546967,-0.24798,1.32631,6.20723
0.166963,1.3227,-0.00529337,0.25203,1.29756,6.20734
0.563841,1.32061,-0.00507021,0.585931,1.26505,6.20742
0.934468,1.3188,-0.00482036,0.912481,1.24216,6.2068
1.31507,1.31708,-0.00435354,1.3393,1.2173,6.20566
1.65581,1.31576,-0.00288166,1.63906,1.19712,6.2069
1.7295,1.31546,-0.319217,1.74444,1.22284,6.02741
1.73324,1.31361,-0.747531,1.74119,1.22294,5.58953
1.73563,1.31008,-1.18683,1.77216,1.24133,5.04115
1.74444,1.22774,-1.85495,1.76229,1.18484,4.54207
1.74098,1.22257,-2.47591,1.76067,1.18661,3.92702
1.73385,1.2202,3.11066,1.75547,1.20617,3.26105
1.2634,1.22161,-3.13336,1.46898,1.21691,3.04713
0.769419,1.21763,-3.13334,0.948966,1.18389,3.18614
0.454163,1.21508,-3.13336,0.504547,1.1636,3.18635
0.203163,1.21306,-3.13339,0.281218,1.15338,3.18648
-0.0578742,1.21097,-3.1335,0.0962782,1.14874,3.18642
-0.140064,1.21036,-2.93825,-0.082336,1.13073,3.24718
-0.138569,1.21085,-2.65767,-0.0806597,1.13141,3.56579
-0.137429,1.21161,-2.40004,-0.0733614,1.13262,3.80101
-0.136497,1.2127,-2.10857,-0.0722318,1.13381,4.08195
-0.136005,1.21382,-1.84821,-0.0719393,1.13496,4.30774
-0.154544,1.1208,-1.74039,-0.0806524,1.09036,4.50907
-0.154526,1.12246,-1.43372,-0.080429,1.06102,4.73021
-0.154517,1.12443,-1.08983,-0.0811534,1.06245,5.05961
-0.154783,1.12629,-0.775246,-0.0822442,1.06375,5.40363
-0.155966,1.12778,-0.39266,-0.0837973,1.06463,5.7398
-0.0320941,1.1184,-0.0148076,-0.0700694,1.06413,6.12174
0.34667,1.1152,-0.00775944,0.25812,1.05459,0.229503
0.703407,1.11241,-0.00776202,0.608982,1.10556,0.14778
1.03607,1.10983,-0.0076657,0.98436,1.10907,0.105796
1.40077,1.10705,-0.00751243,1.24418,1.12762,0.10568
1.72988,1.1047,-0.103324,1.64875,1.12257,0.106559
1.73448,1.10362,-0.588638,1.62699,1.12047,5.94296
1.73749,1.10038,-1.04241,1.6181,1.11722,5.39662
1.74653,1.03563,-1.59142,1.67567,1.12763,4.88962
1.74479,1.00395,-2.12397,1.80516,1.0482,4.25661
1.7417,1.00072,-2.56443,1.80563,1.04553,3.80703
1.73723,0.999011,-3.00396,1.80141,1.0214,3.38311
1.54358,1.00202,-3.1412,1.69836,1.01885,3.18448
1.03352,1.00127,-3.13945,1.21701,1.0053,3.18701
0.52145,1.00028,-3.13956,0.762046,0.988588,3.17291
-0.0428418,0.999303,-3.13996,0.237998,0.975756,3.17061
-0.138125,0.999296,-2.89255,-0.00274571,0.957127,3.24867
-0.136363,1.00004,-2.54322,-0.0149399,0.957816,3.57242
-0.135034,1.00128,-2.18719,-0.0243178,0.926781,3.84089
-0.134284,1.00313,-1.74237,-0.0231966,0.925891,4.23487
-0.152676,0.911084,-1.51754,-0.0447908,0.852138,4.3912
-0.152682,0.912043,-1.34931,-0.0437514,0.855371,4.88163
